0.76024370485302895
0.41581447727855325
1.00000000000000000
0.21074805908009470
0.66928751056066205
0.24892442163515782
0.01000000000000000
1.00000000000000000
0.01000000000000000
1.00000000000000000
0.23264368457971099
1.00000000000000000
0.43740721805789368
0.01000000000000000
1.00000000000000000
0.78769444105570385
0.01000000000000000
0.50545856215275953
0.88572918700531378
0.01668207571656879
0.91719909086050311
0.68000002264680481
0.52624119042908923
0.35022706064956644
0.01000000000000000
0.01000000000000000
0.22318019629197719
0.45328944230351897
0.12395519911062161
0.01000000000000000
0.92839424800114323
0.01000000000000000
1.00000000000000000
1.00000000000000000
0.86354862679996380
1.00000000000000000
0.31707925376851431
0.01000000000000000
0.01000000000000000
0.01000000000000000
0.89108686035481022
0.33944330346216367
0.35449474932548819
0.33286642574482439
0.29456813694733713
1.00000000000000000
0.77871093700313154
0.01000000000000000
1.00000000000000000
0.01000000000000000
0.24921327423706877
0.01000000000000000
0.01000000000000000
0.25287911001988655
0.08862142736259490
1.00000000000000000
1.00000000000000000
0.63320447310391503
0.60642823590601702
0.61730621802070229
0.79229271505722099
0.50727318659840626
0.01000000000000000
1.00000000000000000
0.60492333933797082
0.10704769806300046
1.00000000000000000
0.01000000000000000
0.01000000000000000
0.11590850065736923
0.58695333084827406
1.00000000000000000
1.00000000000000000
0.11587483290726189
1.00000000000000000
1.00000000000000000
1.00000000000000000
0.90389592597997437
0.01000000000000000
0.62936493259451420
0.42770564663051203
0.97836570459548711
0.47151157853538028
0.77852490402273222
1.00000000000000000
0.35296568132065487
0.01000000000000000
0.01000000000000000
0.01000000000000000
0.38491578011437866
0.81876646828811150
0.85103393310919628
0.40883001173307981
0.73050196144513579
1.00000000000000000
1.00000000000000000
0.90446129393099650
0.54216485952887616
0.63358462063593790
0.90763986840883304
