0.01000000000000000
1.00000000000000000
0.01000000000000000
1.00000000000000000
0.03902033542687477
1.00000000000000000
0.18230877362456810
1.00000000000000000
0.35698172598669281
1.00000000000000000
0.61020321349803364
1.00000000000000000
0.66598057695811297
0.77899537377501449
0.87357005371164620
0.60312011222559192
0.01000000000000000
0.78710155691928985
0.01000000000000000
0.85591756805553221
0.01000000000000000
0.99237301386947474
0.17860036799171852
1.00000000000000000
0.36087812883982412
1.00000000000000000
0.57431431429224522
1.00000000000000000
0.80814031527296371
0.89666297615937174
0.86224372716549158
0.78715972293288750
0.01000000000000000
0.54160849784090304
0.01000000000000000
0.68892414550381453
0.03980101818885424
0.73100062944243072
0.27623100058139005
0.85947869291473000
0.43942043921265950
0.99109414497351567
0.69920543825911707
1.00000000000000000
0.85748124330436559
1.00000000000000000
1.00000000000000000
0.86058382889227281
0.01000000000000000
0.34336204929443748
0.01000000000000000
0.41395110922421646
0.20132038298996927
0.51658500427838705
0.34421624248039551
0.59799205753521179
0.58517512526279347
0.81064970874138065
0.79029423654297315
0.91573672639145609
0.95560704711074307
1.00000000000000000
1.00000000000000000
1.00000000000000000
0.01000000000000000
0.12530162027491012
0.06883490714396848
0.25724029227796424
0.28358194846905393
0.24389911899991826
0.52475230519131877
0.39031606299825405
0.71195207491070378
0.54490016138131048
0.89602250909465753
0.86714466657347589
1.00000000000000000
0.89863956079691787
1.00000000000000000
1.00000000000000000
0.01000000000000000
0.01000000000000000
0.11450737491648151
0.01000000000000000
0.33544416431530033
0.01000000000000000
0.65586115046233329
0.15428362218279654
0.88657138696496973
0.38021308492713946
1.00000000000000000
0.51757502951273260
1.00000000000000000
0.71265642972774534
1.00000000000000000
0.90011903140639882
0.01000000000000000
0.01000000000000000
0.25406979442677097
0.01000000000000000
0.47258124886876590
0.01000000000000000
0.78239095961117200
0.01000000000000000
0.90688329842020965
0.06802616184874796
1.00000000000000000
0.27364274380588610
1.00000000000000000
0.46951249802159645
1.00000000000000000
0.65400484621591437
0.12318857090238056
0.01000000000000000
0.33443380085383678
0.01000000000000000
0.60574608508021432
0.01000000000000000
0.84012729974547373
0.01000000000000000
1.00000000000000000
0.01000000000000000
1.00000000000000000
0.05125313561068381
1.00000000000000000
0.21410314792889820
1.00000000000000000
0.36231698251221545
