0.94256379574131433
1.00000000000000000
1.00000000000000000
0.01000000000000000
0.37975924567951758
0.01000000000000000
0.61714073020201898
0.01000000000000000
0.01000000000000000
1.00000000000000000
0.01000000000000000
1.00000000000000000
1.00000000000000000
0.01000000000000000
1.00000000000000000
1.00000000000000000
0.46139652586225965
0.01000000000000000
0.01000000000000000
1.00000000000000000
0.01000000000000000
0.01000000000000000
1.00000000000000000
0.01000000000000000
0.01000000000000000
1.00000000000000000
0.41027134219612654
1.00000000000000000
0.62355397495811626
1.00000000000000000
1.00000000000000000
0.25074112125647458
0.01000000000000000
1.00000000000000000
1.00000000000000000
0.01000000000000000
0.01000000000000000
0.01000000000000000
0.01000000000000000
1.00000000000000000
1.00000000000000000
1.00000000000000000
0.01000000000000000
1.00000000000000000
0.01000000000000000
1.00000000000000000
0.31771407114193134
0.01000000000000000
1.00000000000000000
0.01000000000000000
1.00000000000000000
0.01000000000000000
1.00000000000000000
1.00000000000000000
1.00000000000000000
0.01000000000000000
1.00000000000000000
0.48191689400763077
1.00000000000000000
1.00000000000000000
1.00000000000000000
0.29932247549454138
0.44344464859382499
1.00000000000000000
0.01000000000000000
0.01000000000000000
0.01000000000000000
0.01000000000000000
0.01000000000000000
0.53969899924451248
0.01000000000000000
0.01000000000000000
0.01000000000000000
0.01000000000000000
1.00000000000000000
1.00000000000000000
0.01000000000000000
1.00000000000000000
0.32645525941522430
1.00000000000000000
1.00000000000000000
1.00000000000000000
0.01000000000000000
0.56872046847527236
1.00000000000000000
1.00000000000000000
0.56186088632927622
0.01000000000000000
0.65499032955358405
0.01000000000000000
1.00000000000000000
1.00000000000000000
1.00000000000000000
0.01000000000000000
0.01000000000000000
0.01000000000000000
1.00000000000000000
0.01000000000000000
0.74922592927803700
0.01000000000000000
1.00000000000000000
1.00000000000000000
0.72764231457028850
1.00000000000000000
0.01000000000000000
0.40734326056761955
0.52308463289455465
0.01000000000000000
1.00000000000000000
0.51339379942714491
1.00000000000000000
1.00000000000000000
1.00000000000000000
0.01000000000000000
0.01000000000000000
1.00000000000000000
0.01000000000000000
1.00000000000000000
1.00000000000000000
0.01000000000000000
0.01000000000000000
0.01000000000000000
1.00000000000000000
0.01000000000000000
1.00000000000000000
0.01000000000000000
0.01000000000000000
0.01000000000000000
0.01000000000000000
0.64214829662274175
0.70859910168034579
1.00000000000000000
0.01000000000000000
0.01000000000000000
0.01000000000000000
0.01000000000000000
0.68149722417269587
0.01000000000000000
0.01000000000000000
0.01000000000000000
0.01000000000000000
1.00000000000000000
1.00000000000000000
0.01000000000000000
1.00000000000000000
0.01000000000000000
1.00000000000000000
0.34554517805137813
0.01000000000000000
1.00000000000000000
1.00000000000000000
1.00000000000000000
0.28330485640780745
0.01000000000000000
0.01000000000000000
1.00000000000000000
0.01000000000000000
0.46797773863023645
0.01000000000000000
1.00000000000000000
1.00000000000000000
1.00000000000000000
0.01000000000000000
1.00000000000000000
1.00000000000000000
0.01000000000000000
0.58044437881323274
1.00000000000000000
1.00000000000000000
0.01000000000000000
0.01000000000000000
1.00000000000000000
1.00000000000000000
0.01000000000000000
0.01000000000000000
1.00000000000000000
0.01000000000000000
0.01000000000000000
1.00000000000000000
1.00000000000000000
1.00000000000000000
0.01000000000000000
0.73871964984056060
1.00000000000000000
0.01000000000000000
0.01000000000000000
1.00000000000000000
1.00000000000000000
0.01000000000000000
1.00000000000000000
1.00000000000000000
0.41290797623864661
1.00000000000000000
0.01000000000000000
0.01000000000000000
1.00000000000000000
1.00000000000000000
1.00000000000000000
0.44929250542045351
1.00000000000000000
1.00000000000000000
1.00000000000000000
1.00000000000000000
1.00000000000000000
0.01000000000000000
0.01000000000000000
1.00000000000000000
1.00000000000000000
0.01000000000000000
0.01000000000000000
0.01000000000000000
0.44545412163387949
1.00000000000000000
0.01000000000000000
0.01000000000000000
1.00000000000000000
0.01000000000000000
0.01000000000000000
1.00000000000000000
1.00000000000000000
0.01000000000000000
0.01000000000000000
0.01000000000000000
1.00000000000000000
0.01000000000000000
1.00000000000000000
1.00000000000000000
0.26483056398034283
1.00000000000000000
0.01000000000000000
0.01000000000000000
1.00000000000000000
1.00000000000000000
1.00000000000000000
0.01000000000000000
1.00000000000000000
1.00000000000000000
1.00000000000000000
0.01000000000000000
1.00000000000000000
0.27131774005013037
0.01000000000000000
1.00000000000000000
1.00000000000000000
1.00000000000000000
0.01000000000000000
0.01000000000000000
0.34985352775393980
1.00000000000000000
0.01000000000000000
0.01000000000000000
0.01000000000000000
0.01000000000000000
1.00000000000000000
0.01000000000000000
0.47513976554623771
1.00000000000000000
1.00000000000000000
0.01000000000000000
0.01000000000000000
1.00000000000000000
0.01000000000000000
0.01000000000000000
0.01000000000000000
0.01000000000000000
1.00000000000000000
0.01000000000000000
1.00000000000000000
0.68740856290730790
0.01000000000000000
0.01000000000000000
0.01000000000000000
1.00000000000000000
0.01000000000000000
0.01000000000000000
0.68205977320759859
0.01000000000000000
0.01000000000000000
0.01000000000000000
0.01000000000000000
1.00000000000000000
0.01000000000000000
1.00000000000000000
1.00000000000000000
1.00000000000000000
0.01000000000000000
0.01000000000000000
1.00000000000000000
1.00000000000000000
1.00000000000000000
0.01000000000000000
0.01000000000000000
0.01000000000000000
1.00000000000000000
0.01000000000000000
1.00000000000000000
0.01000000000000000
1.00000000000000000
0.30181141455901761
1.00000000000000000
0.01000000000000000
0.35502618588066670
0.56038195044348316
0.01000000000000000
0.01000000000000000
1.00000000000000000
0.01000000000000000
0.01000000000000000
0.01000000000000000
0.61160664881484472
1.00000000000000000
0.01000000000000000
0.01000000000000000
0.01000000000000000
0.24809933839546380
1.00000000000000000
0.01000000000000000
1.00000000000000000
0.53180035835501693
0.01000000000000000
0.01000000000000000
0.01000000000000000
1.00000000000000000
0.01000000000000000
1.00000000000000000
1.00000000000000000
1.00000000000000000
1.00000000000000000
0.01000000000000000
1.00000000000000000
0.01000000000000000
0.01000000000000000
0.39828548090613380
0.01000000000000000
0.01000000000000000
0.01000000000000000
1.00000000000000000
0.01000000000000000
0.01000000000000000
1.00000000000000000
1.00000000000000000
0.01000000000000000
0.01000000000000000
1.00000000000000000
0.01000000000000000
1.00000000000000000
1.00000000000000000
0.01000000000000000
0.01000000000000000
1.00000000000000000
1.00000000000000000
1.00000000000000000
1.00000000000000000
1.00000000000000000
1.00000000000000000
1.00000000000000000
1.00000000000000000
0.01000000000000000
1.00000000000000000
1.00000000000000000
1.00000000000000000
0.01000000000000000
1.00000000000000000
1.00000000000000000
1.00000000000000000
1.00000000000000000
0.42942975763324792
0.01000000000000000
0.01000000000000000
0.01000000000000000
0.01000000000000000
0.01000000000000000
1.00000000000000000
0.01000000000000000
1.00000000000000000
0.01000000000000000
1.00000000000000000
0.01000000000000000
0.01000000000000000
0.01000000000000000
1.00000000000000000
0.01000000000000000
1.00000000000000000
0.01000000000000000
1.00000000000000000
1.00000000000000000
0.73709513895262868
0.01000000000000000
1.00000000000000000
0.01000000000000000
1.00000000000000000
0.01000000000000000
0.01000000000000000
1.00000000000000000
1.00000000000000000
1.00000000000000000
0.01000000000000000
0.60030682641405786
1.00000000000000000
0.01000000000000000
0.01000000000000000
0.61075407555999905
0.51315331110120155
0.01000000000000000
0.01000000000000000
0.01000000000000000
0.01000000000000000
1.00000000000000000
1.00000000000000000
0.76782321817106358
1.00000000000000000
1.00000000000000000
0.01000000000000000
1.00000000000000000
0.01000000000000000
0.01000000000000000
1.00000000000000000
0.60151839254945938
0.01000000000000000
1.00000000000000000
1.00000000000000000
0.01000000000000000
1.00000000000000000
1.00000000000000000
1.00000000000000000
0.01000000000000000
1.00000000000000000
0.01000000000000000
1.00000000000000000
1.00000000000000000
1.00000000000000000
1.00000000000000000
1.00000000000000000
1.00000000000000000
1.00000000000000000
0.01000000000000000
0.71708383766673001
1.00000000000000000
0.01000000000000000
1.00000000000000000
0.01000000000000000
0.01000000000000000
1.00000000000000000
1.00000000000000000
0.01000000000000000
1.00000000000000000
0.64174897803080344
0.01000000000000000
1.00000000000000000
0.48603040407509762
0.01000000000000000
1.00000000000000000
0.01000000000000000
0.01000000000000000
0.27136509921752278
0.01000000000000000
0.01000000000000000
0.49729918669542772
1.00000000000000000
1.00000000000000000
1.00000000000000000
1.00000000000000000
1.00000000000000000
0.01000000000000000
0.01000000000000000
0.63808119006790098
0.01000000000000000
0.62486250659025255
0.57056119907644931
1.00000000000000000
1.00000000000000000
0.73868468571030788
0.28336003312062497
0.01000000000000000
1.00000000000000000
1.00000000000000000
0.01000000000000000
1.00000000000000000
0.01000000000000000
0.01000000000000000
0.01000000000000000
0.01000000000000000
1.00000000000000000
1.00000000000000000
0.01000000000000000
1.00000000000000000
1.00000000000000000
1.00000000000000000
0.01000000000000000
0.72357001779079255
0.01000000000000000
0.01000000000000000
0.01000000000000000
1.00000000000000000
0.01000000000000000
0.01000000000000000
0.01000000000000000
1.00000000000000000
0.01000000000000000
1.00000000000000000
0.01000000000000000
0.01000000000000000
0.01000000000000000
1.00000000000000000
0.01000000000000000
0.01000000000000000
0.01000000000000000
1.00000000000000000
0.01000000000000000
0.24679929184310301
1.00000000000000000
0.01000000000000000
1.00000000000000000
0.36563818099605089
0.01000000000000000
1.00000000000000000
1.00000000000000000
0.72561601297875244
1.00000000000000000
0.01000000000000000
1.00000000000000000
0.01000000000000000
1.00000000000000000
0.61843798495496349
0.01000000000000000
0.01000000000000000
0.01000000000000000
0.01000000000000000
0.01000000000000000
1.00000000000000000
0.01000000000000000
1.00000000000000000
1.00000000000000000
0.46819608543137192
1.00000000000000000
1.00000000000000000
0.01000000000000000
0.01000000000000000
0.01000000000000000
0.01000000000000000
0.01000000000000000
0.01000000000000000
1.00000000000000000
1.00000000000000000
0.01000000000000000
0.01000000000000000
0.01000000000000000
0.01000000000000000
0.51065830180353389
1.00000000000000000
0.01000000000000000
1.00000000000000000
1.00000000000000000
0.01000000000000000
1.00000000000000000
0.01000000000000000
0.61777374176628985
0.01000000000000000
1.00000000000000000
1.00000000000000000
1.00000000000000000
1.00000000000000000
0.67694150492584471
1.00000000000000000
0.59378048378703441
1.00000000000000000
1.00000000000000000
0.01000000000000000
1.00000000000000000
1.00000000000000000
0.56813938181560619
1.00000000000000000
0.01000000000000000
1.00000000000000000
1.00000000000000000
1.00000000000000000
0.01000000000000000
1.00000000000000000
1.00000000000000000
0.01000000000000000
0.01000000000000000
0.20934840501487295
0.01000000000000000
0.01000000000000000
1.00000000000000000
0.01000000000000000
1.00000000000000000
0.32972280570277113
1.00000000000000000
0.01000000000000000
0.01000000000000000
0.01000000000000000
1.00000000000000000
0.01000000000000000
1.00000000000000000
0.40168865816405619
1.00000000000000000
1.00000000000000000
0.01000000000000000
1.00000000000000000
0.01000000000000000
0.01000000000000000
0.01000000000000000
1.00000000000000000
0.37360826002742348
0.01000000000000000
1.00000000000000000
0.01000000000000000
0.01000000000000000
0.01000000000000000
0.01000000000000000
0.58335349165952877
1.00000000000000000
0.01000000000000000
0.01000000000000000
0.01000000000000000
0.01000000000000000
1.00000000000000000
0.01000000000000000
0.47706054862719499
1.00000000000000000
1.00000000000000000
1.00000000000000000
0.01000000000000000
1.00000000000000000
0.48034113886321217
1.00000000000000000
0.01000000000000000
0.01000000000000000
0.01000000000000000
1.00000000000000000
1.00000000000000000
1.00000000000000000
0.01000000000000000
1.00000000000000000
0.72387593417742446
1.00000000000000000
0.01000000000000000
1.00000000000000000
0.01000000000000000
0.51329411216846443
1.00000000000000000
0.01000000000000000
1.00000000000000000
0.01000000000000000
0.01000000000000000
0.01000000000000000
0.01000000000000000
1.00000000000000000
0.69976389340823975
0.01000000000000000
1.00000000000000000
0.35256809492686386
1.00000000000000000
1.00000000000000000
0.01000000000000000
0.01000000000000000
1.00000000000000000
0.01000000000000000
0.01000000000000000
0.33138204744685568
0.01000000000000000
1.00000000000000000
0.01000000000000000
0.01000000000000000
0.01000000000000000
0.31913393494488396
1.00000000000000000
0.01000000000000000
1.00000000000000000
0.01000000000000000
1.00000000000000000
0.01000000000000000
0.01000000000000000
0.59937509398029964
1.00000000000000000
1.00000000000000000
1.00000000000000000
1.00000000000000000
0.01000000000000000
1.00000000000000000
0.37275629744557714
1.00000000000000000
1.00000000000000000
1.00000000000000000
1.00000000000000000
1.00000000000000000
1.00000000000000000
0.01000000000000000
1.00000000000000000
1.00000000000000000
0.01000000000000000
1.00000000000000000
0.63079820649864771
1.00000000000000000
1.00000000000000000
0.01000000000000000
1.00000000000000000
1.00000000000000000
0.01000000000000000
1.00000000000000000
0.01000000000000000
0.01000000000000000
0.40910225942457085
0.35652648356636268
0.01000000000000000
0.48353086921430033
0.01000000000000000
0.01000000000000000
0.01000000000000000
0.01000000000000000
0.46923873768401636
0.45484326785727058
1.00000000000000000
0.01000000000000000
1.00000000000000000
1.00000000000000000
0.53602872536553536
1.00000000000000000
1.00000000000000000
0.01000000000000000
0.01000000000000000
1.00000000000000000
1.00000000000000000
0.01000000000000000
1.00000000000000000
1.00000000000000000
1.00000000000000000
1.00000000000000000
1.00000000000000000
0.01000000000000000
0.01000000000000000
0.32309689449730994
1.00000000000000000
0.01000000000000000
0.34399818660600379
1.00000000000000000
0.01000000000000000
1.00000000000000000
1.00000000000000000
1.00000000000000000
0.01000000000000000
0.01000000000000000
1.00000000000000000
0.01000000000000000
0.01000000000000000
0.62716032720551218
0.01000000000000000
0.01000000000000000
0.48641840798871072
0.59373931308125727
0.01000000000000000
1.00000000000000000
1.00000000000000000
0.01000000000000000
1.00000000000000000
1.00000000000000000
1.00000000000000000
0.76108254778503071
1.00000000000000000
1.00000000000000000
1.00000000000000000
1.00000000000000000
0.01000000000000000
0.01000000000000000
1.00000000000000000
0.43966543675353437
1.00000000000000000
0.01000000000000000
0.01000000000000000
0.01000000000000000
0.30358146677879699
1.00000000000000000
0.37443705679154909
0.54320394905965930
1.00000000000000000
1.00000000000000000
1.00000000000000000
0.01000000000000000
1.00000000000000000
0.56246865341799268
1.00000000000000000
0.40643553504925312
1.00000000000000000
1.00000000000000000
0.67534316223171575
0.01000000000000000
0.31148331599634804
0.01000000000000000
1.00000000000000000
1.00000000000000000
0.01000000000000000
0.01000000000000000
0.01000000000000000
1.00000000000000000
0.40127369081824604
0.01000000000000000
1.00000000000000000
1.00000000000000000
0.01000000000000000
1.00000000000000000
1.00000000000000000
0.39089012385443395
0.01000000000000000
0.01000000000000000
0.01000000000000000
1.00000000000000000
1.00000000000000000
0.01000000000000000
0.01000000000000000
0.01000000000000000
0.01000000000000000
1.00000000000000000
0.01000000000000000
0.01000000000000000
0.01000000000000000
1.00000000000000000
0.63473486193456607
1.00000000000000000
0.01000000000000000
1.00000000000000000
1.00000000000000000
0.01000000000000000
0.26941013735592323
1.00000000000000000
1.00000000000000000
0.01000000000000000
0.01000000000000000
1.00000000000000000
0.56793969544495415
0.01000000000000000
1.00000000000000000
0.01000000000000000
1.00000000000000000
0.01000000000000000
0.01000000000000000
0.01000000000000000
1.00000000000000000
0.01000000000000000
0.01000000000000000
0.01000000000000000
0.32023674153814718
1.00000000000000000
0.27952643937691507
1.00000000000000000
1.00000000000000000
0.44915528027503543
0.01000000000000000
0.01000000000000000
0.01000000000000000
0.01000000000000000
1.00000000000000000
1.00000000000000000
0.01000000000000000
1.00000000000000000
1.00000000000000000
0.01000000000000000
1.00000000000000000
0.21180897404191534
0.01000000000000000
1.00000000000000000
1.00000000000000000
0.45767883624490546
0.01000000000000000
0.66631890592411880
1.00000000000000000
0.01000000000000000
0.01000000000000000
0.01000000000000000
1.00000000000000000
0.01000000000000000
1.00000000000000000
0.39037679551003018
1.00000000000000000
1.00000000000000000
1.00000000000000000
1.00000000000000000
0.54634237577494027
1.00000000000000000
0.01000000000000000
0.01000000000000000
1.00000000000000000
1.00000000000000000
0.01000000000000000
0.01000000000000000
1.00000000000000000
1.00000000000000000
1.00000000000000000
1.00000000000000000
1.00000000000000000
0.68056402790783355
1.00000000000000000
1.00000000000000000
1.00000000000000000
0.01000000000000000
0.01000000000000000
0.01000000000000000
0.01000000000000000
1.00000000000000000
1.00000000000000000
1.00000000000000000
0.01000000000000000
1.00000000000000000
1.00000000000000000
1.00000000000000000
1.00000000000000000
1.00000000000000000
0.01000000000000000
1.00000000000000000
0.01000000000000000
0.01000000000000000
1.00000000000000000
0.01000000000000000
1.00000000000000000
0.01000000000000000
1.00000000000000000
0.01000000000000000
1.00000000000000000
1.00000000000000000
0.01000000000000000
0.33274454641537615
1.00000000000000000
0.50557712561585533
0.01000000000000000
0.01000000000000000
0.71807598079022528
1.00000000000000000
1.00000000000000000
0.01000000000000000
0.01000000000000000
1.00000000000000000
0.01000000000000000
0.01000000000000000
1.00000000000000000
1.00000000000000000
1.00000000000000000
1.00000000000000000
0.50690775870153515
1.00000000000000000
0.01000000000000000
0.01000000000000000
0.32831440752248797
1.00000000000000000
1.00000000000000000
0.01000000000000000
0.01000000000000000
0.01000000000000000
0.01000000000000000
1.00000000000000000
0.01000000000000000
1.00000000000000000
0.55337344264407495
0.01000000000000000
1.00000000000000000
0.01000000000000000
1.00000000000000000
0.01000000000000000
0.01000000000000000
1.00000000000000000
0.01000000000000000
0.01000000000000000
1.00000000000000000
0.01000000000000000
1.00000000000000000
0.50319515296829009
1.00000000000000000
1.00000000000000000
1.00000000000000000
1.00000000000000000
0.53897354791229302
1.00000000000000000
0.01000000000000000
1.00000000000000000
0.01000000000000000
1.00000000000000000
0.01000000000000000
1.00000000000000000
1.00000000000000000
1.00000000000000000
0.01000000000000000
1.00000000000000000
0.72522790788256952
0.01000000000000000
0.01000000000000000
0.01000000000000000
1.00000000000000000
1.00000000000000000
0.59173068973020793
0.01000000000000000
0.01000000000000000
0.01000000000000000
1.00000000000000000
0.01000000000000000
0.01000000000000000
0.01000000000000000
1.00000000000000000
1.00000000000000000
1.00000000000000000
1.00000000000000000
0.26730445519370255
