0.52235276111905460
0.76368504781804269
0.49358733044332437
0.78022078746563361
0.49098805312036797
0.75633612398771266
0.49382830750178380
0.75038256191136055
0.50404106239155222
0.77008450799124606
0.48414425531951133
0.77753868195729492
0.51147811781651453
0.82220592992517649
0.50092179483450805
0.79962485006177297
0.50299181827092632
0.79497335848525097
0.51199138116775700
0.77447213190354292
0.49726821455971365
0.78229207665558786
0.52605500920593307
0.80069748803740559
0.51206638920567105
0.76983153672917992
0.51449729282125201
0.78201816851226691
0.51783675895543757
0.77243478471812677
0.50168270461537323
0.76315411077865147
0.51786339168418205
0.81942193308561473
0.49141166214110676
0.78161613237442729
0.51020341140438985
0.79633377644060654
0.51814601920998438
0.77640422481751403
0.52008561778115137
0.76531313630446451
0.51087741671534770
0.78120896361351766
0.53257331919923723
0.77015208550848802
0.49994300944117254
0.76560540347431538
0.50056440606637731
0.77831914900389632
0.50926404828706617
0.77326895482022795
0.47001185676272783
0.76100697460541999
0.52512141185040495
0.75861161862816351
0.50237142905112564
0.78017046380320365
0.50726904389317828
0.81329712936908216
0.52777389970857014
0.76811182256208022
0.51900844050169392
0.76507388827659184
0.51651839343913619
0.78481862659169122
0.52223953263142742
0.77290798245664316
0.50514371237533906
0.77411932871752176
0.53032741788110771
0.75846758352395427
0.53937737781321526
0.80221235427145610
0.53176194812804001
0.77181136194287603
0.53450290371882569
0.75943025392304364
0.49445986885902488
0.76721674350531810
0.51326664784093834
0.78020641515766198
0.51301516741761988
0.77036543654645095
0.50935218595126830
0.77302727564081464
0.48419409941513647
0.76910861366108085
0.50951487188769440
0.76215678895418848
0.52910391086208675
0.81516603062476711
0.50756921031978364
0.77604551364646535
0.51235417539638484
0.78489050979122066
0.50194477211070532
0.75844942068156807
0.51294752248695441
0.76087524523475025
0.51668802512416145
0.76999365677334997
0.53746221134144634
0.76584003633927478
0.50869280953737861
0.77172889414673707
0.49856994119767456
0.76478598113932039
0.50016570656717163
0.74791766352004485
0.52556948360526090
0.76251976712191372
0.53108720167202028
0.76107509725838540
0.52663563134361291
0.76741886063919185
0.53707236888531673
0.76906396030208146
0.53175080813057152
0.76667860288837886
0.51761280624897898
0.77397052875395678
0.50919389818386074
0.77891427858709883
0.51750189313936679
0.75260142999080182
0.51703744103638405
0.75897466145489911
0.53054889747922651
0.75625946904541430
0.52226941656735237
0.78191088472678405
0.51793153331190933
0.76481518403524218
0.53422824984782025
0.76619235616596382
0.53130217233631649
0.76618151086845765
0.52225463801490990
0.76656478832665376
0.52541895388562787
0.77562900065784757
0.50812897407492597
0.77240437110080806
0.53659727710992944
0.78916978168424112
0.51877166909652661
0.76491451106544017
0.53159925427935151
0.75827230791057942
0.53790113006371687
0.75689970675690754
0.52818976727828149
0.76141182691847342
0.50048485295905043
0.77079787365231678
0.52807151928266949
0.76507004467221573
0.52747783843439278
0.76150572984655907
0.52730197020752956
0.75608228144585699
0.52154152964142186
0.75404734254165184
0.51401342213704015
0.76200500402362703
0.52057027600452055
0.77093087115772851
0.52328632013281118
0.76635706143068361
0.50490164093373902
0.76637324872779122
0.53098578097548821
0.75468193991864341
0.54575655145249691
0.78909397538903547
0.51598893784338817
0.74999012450509339
0.51592227184979267
0.77457227527336581
0.51939587313640345
0.76131605426291971
0.52635538358209699
0.76260282195140472
0.53049822595838891
0.74605442914090825
0.51646526470469423
0.76514624829498890
0.52130164111293520
0.79306332344003017
0.52629240512622777
0.75730112999072052
0.52688925591037350
0.75659012254547453
0.52075231395111432
0.75735781104942268
0.52378100675838324
0.75670770301242773
0.52153783252350494
0.74615116504301104
0.54171319029107667
0.78899051565187617
0.52901589191660614
0.75368519661742028
0.51467751675807150
0.75928154605011244
0.56251097851573950
0.79152055604082816
0.51726355842838023
0.76358276035401096
0.51710949267195172
0.75841254144640391
0.55022334568715314
0.79672148977695678
0.52762294188524184
0.74289467902576911
0.51106189257487322
0.74889314559130271
0.53473524174506570
0.73848818906966029
0.52999857953948659
0.74984167509357946
0.51054882162462700
0.75538039628206177
0.51448102711757338
0.76357938922585533
0.52553923127864322
0.74181441751287847
0.52706015262203576
0.75140293856336982
0.51836711548747405
0.77345629163060248
0.52880723722520517
0.75745638906275459
0.52254847430700480
0.76446369271888270
0.52443807562808797
0.74739514495449377
0.56221252895972162
0.80173029269134155
0.52438892892748135
0.75382929507133623
0.52809245674223693
0.75234437704975277
0.52769402914495134
0.74599661057749633
0.53385403299299283
0.74815558672792959
0.56831258990850497
0.77983796239429926
0.53052754424571147
0.75294817097386291
0.52944148586935147
0.74641717752914150
0.52031421953178902
0.75246625605902651
0.52587976026922489
0.77344206783156577
0.55022350898005878
0.78545887402490977
0.50726882330444389
0.74963464589479278
0.50937153556158565
0.73746240589938317
0.51563650036623887
0.74588698977455592
0.52832355320313618
0.75181951988661555
0.52293506052315686
0.75089989717302730
0.51847859656355755
0.74733958308363591
0.51163819410888467
0.75114355056377835
0.50181216490267200
0.77605233344439728
0.52300367229029765
0.78803848969925583
0.53952354075908049
0.74155643890088851
0.55017142664975660
0.78457283336026573
0.51634488417752622
0.73937923174058584
0.51798328019768991
0.74102129498699876
0.56002274816183983
0.78046411082694023
0.50898466579271329
0.76898784474991766
0.53858445602593996
0.76300983754568030
0.52142991701153651
0.75249342409502862
0.51548503119701494
0.75389898919599729
0.51620887359278245
0.77531131073357551
0.53406719988667206
0.73124615413297001
0.51428145289687643
0.75417280076725857
0.53030041560142882
0.73919591799696915
0.54119152615226052
0.76665966779892503
0.52115271140467356
0.78659067097200064
0.52684129005464986
0.73876234404074403
0.50319330868718493
0.72889193681742426
0.51345440549293675
0.78855005213062457
0.53214887429952962
0.73319039020342436
0.47110974471677658
0.69176166112085735
0.52233806381987047
0.73761402678018828
0.47858125331900597
0.75029326983922551
0.51973060041993624
0.73691521269207594
0.52915938313055866
0.74041521389219012
0.53044707869343766
0.74129027616163223
0.51304631384529675
0.74548176077733397
0.52312508369853394
0.75586594713511601
0.51300528592448014
0.72898758248835693
0.51724868637529686
0.73522708632002087
0.54462890658197616
0.76502529365607064
0.46262608608781619
0.75775668026863963
0.50108597256895715
0.74091399128814617
0.50648799264695177
0.71728675012051368
0.56124609569336781
0.70321577304454186
0.49806333153167187
0.73925952593941890
0.56425684182384539
0.77909009231132575
0.50879586325061266
0.74240277901513552
0.51212717488142934
0.72691095188683374
0.55595022787091319
0.79356015222946696
0.52459596121887531
0.74163941735714634
0.49135487033389491
0.73599297573049682
0.50473160910259007
0.73164856083349505
0.51782892225575194
0.74041023693689445
0.50336237594081412
0.73394771042843143
0.50726217997899203
0.74271759812293847
0.50953173862845402
0.72714877778080034
0.50742866889136629
0.73617429823584268
0.50875607107112120
0.73761425112213075
0.50863224093834492
0.73643140058032375
0.50537480148241121
0.73239589827053475
0.51868055349419251
0.72173287320363211
0.49248308896138104
0.73707191248674719
0.58280524398399502
0.71923534204590789
0.52596938350960198
0.72168767225051389
0.49938744916397571
0.73647552577855591
0.50515092477047174
0.73039458222188425
0.49786626856944532
0.73124801697348474
0.49624305866103319
0.72707593398563664
0.52863501526550871
0.72575229079374981
0.50339489187689757
0.71963692575289639
0.53201259705174631
0.72314068054903902
0.50161723333200170
0.72885109252345714
0.49069986845317842
0.73664800237701944
0.50564050294365526
0.72985154983798595
0.50526298512274148
0.65655823215771369
0.53118601959262479
0.72032459242018254
0.52302594317328599
0.73630814507551234
0.53266484760175814
0.70991414194090774
0.46989404376617494
0.67877119627124483
0.49691017076167521
0.71587490641886609
0.47164618286281290
0.71136284096667446
0.52812244128733710
0.72746947232865888
0.42499270441231785
0.77242188759785479
0.47752993148896977
0.66254589713750589
0.49904949446139607
0.73793222197646646
0.50220898659027313
0.72105003719533911
0.52357547759377598
0.71490230849625236
0.50271593091627587
0.72552075312079511
0.49299737970592306
0.72760159104675681
0.49501013484366052
0.73503609158963279
0.49112095187094879
0.73048290605735566
0.50819757568394885
0.71752517905087143
0.50206587693709681
0.72343527221303772
0.48907982508499470
0.72398926297066990
0.48667708679187910
0.71541227391562123
0.49222829678812968
0.71528273637767426
0.51469695916811631
0.71626384515263275
0.49349266250069568
0.72958169785463978
0.48530803493721031
0.71989322306250170
0.48655676557574262
0.72472799967239765
0.49596089785724601
0.72840553775763239
0.48456840973723925
0.71438354563896367
0.50202070303384050
0.69353401124238800
0.47952559927925098
0.72756007956275037
0.48755335963275881
0.72581780632189519
0.48527169235659662
0.73233239958342222
0.48532012028040439
0.71175764740771430
0.48007403340751620
0.72239570315358004
0.54794076156154936
0.69167277833406537
0.47114738134580758
0.72067545394688626
0.48788057666919921
0.72194691925714238
0.48832529191985202
0.71265949511338700
0.51645864481853099
0.70081168429994767
0.48668810862655487
0.72703350482183271
0.44786509382287282
0.66233002087188109
0.48571426313153915
0.70825205853344531
0.47888220399341219
0.73183044331217995
0.47922793210676806
0.73131674152928772
0.50102140215088464
0.69484910335349659
0.47549156100545581
0.73147809681632470
0.48513291258715407
0.69539285493197944
0.48077583194471518
0.68073037136613390
0.45868150265537000
0.71803510759278755
0.48609413358242887
0.71544730902437648
0.46774085219551276
0.67886186475955479
0.50112311123063991
0.68525319189456413
0.45365457360941697
0.66085318363029022
0.47135029735305872
0.72192590014447755
0.48883915396739686
0.70805452903662236
0.48219148355291042
0.72366747194744419
0.48316926348394817
0.71694373589965821
0.48260921552949898
0.72462636480965248
0.50569833715411083
0.68960987644144156
0.44900411057905926
0.68747810335203252
0.45668354012956114
0.66534703143359353
0.47964493999738528
0.72409407705908346
0.46959021199629430
0.72020255077502970
0.47190613702267314
0.72237550585421539
0.48608851883937443
0.71977751751793451
0.47429706501184532
0.71849576432173345
0.47927740353046855
0.71622515397681485
0.49187774495525050
0.68617183717685659
0.46315773218563661
0.69819543861442834
0.46249292602239001
0.72350734095751901
0.45806589243621509
0.71777279224983825
0.49867270831919130
0.69920553063128499
0.46862769706988744
0.72707029807906531
0.42149868477242480
0.69184428702116851
0.47951695916627718
0.71870260976880840
0.46259119076198663
0.69762856962996067
0.46824442007807471
0.72018845953015320
0.47506296697061745
0.70513743599659551
0.47427431637508821
0.69383273482584473
0.46331960414083811
0.68536763794095246
0.47326343462439618
0.72300378520181696
0.47197515917302707
0.71634845939344405
0.45864726333263295
0.71117108162929654
0.45966140116460136
0.69414800880840266
0.46843595897327706
0.69793401227896323
0.46081881924614271
0.70093357865376404
0.47811390755766492
0.71099254354165320
0.46045636527998363
0.71606838049849952
0.46946364761490345
0.72495020481106953
0.47474985251488355
0.71988695297528560
0.46587869302990881
0.68195361417727263
0.48502532713118091
0.69209285654651587
0.46422740944240687
0.71989669031497727
0.49644676858996645
0.70438834196185607
0.47355680391753008
0.70437043483184214
0.46212817993946376
0.70028608558980310
0.47875661241829026
0.71989076972457133
0.48144971654176144
0.69934666272760826
0.47858332089196542
0.71824204830129168
0.45939683109557983
0.70130876566276379
0.44207935738739790
0.67468961527140647
0.46647733551979276
0.71519437291247434
0.47012343563557829
0.69857151807541162
0.46230921629089694
0.71571591603370666
0.46083747171044998
0.70341274816205324
0.47197089041833851
0.67871482094798963
0.45724137469630255
0.70616607848717217
0.48860662787617165
0.70994703739014231
0.48440957591963668
0.68246799589266349
0.46132843202485285
0.68967261655329370
0.48037856585048744
0.68806974646750230
0.48237140295129394
0.68570588850545144
0.48181807985231051
0.71321127477471336
0.47342864729545481
0.67327682517045118
0.47501855253489733
0.68651166319053403
0.47272884679399918
0.70218348214389148
0.47420666580336712
0.70264890825895110
0.46321003836411023
0.69838018462918061
0.46800575365119090
0.69364717800840858
0.46621363609950550
0.70144409204231506
0.47145667019754856
0.68740221850097105
0.48350628234867155
0.68377207630573467
0.45667799701054251
0.70426739476141242
0.47239945640035730
0.68799802670318067
0.47079124267808398
0.71528265345431008
0.46271513209038684
0.71240060432014396
0.48743470504041081
0.68685762107076453
0.47982938042719903
0.70469107894105654
0.45191565500574493
0.63866106273624057
0.49147298170103698
0.69344930542683070
0.47900200421907341
0.68787590265188570
0.47003090038834783
0.71073801806331627
0.46734997948136880
0.70314894392553529
0.46930034257440345
0.67878001349214911
0.47559655653362443
0.67212894119859212
0.46113328373435614
0.71488398091344085
0.47388304631966433
0.66140045478919740
0.46638040186335866
0.70042617289802289
0.47679798179110006
0.69026938859618925
0.46561374836646330
0.70527019058668583
0.47620724800274200
0.69108586413687811
0.47214066361229934
0.70678627712600306
0.48702100191824049
0.67582464871077730
0.48649150702416144
0.67477516597322573
0.48587032146556430
0.69058460253258036
0.46497668745354703
0.70627836427467727
0.46936903133032748
0.69810764826977789
0.51053642926885245
0.70054505524932620
0.48347951639303849
0.68497148737245317
0.48306387955586194
0.69699071585572703
0.48944082604664491
0.68207378686088427
0.48100825657608803
0.66194390347548882
0.47783331536129764
0.70526667274276034
0.47785663834974890
0.68163590742891700
0.47111745072208211
0.70163884331839910
0.47997737038679539
0.69663852700912143
0.46041627723935208
0.64307719932968077
0.48407805077289512
0.70447250579189069
0.47903743408984373
0.69028420195576501
0.49695950233943553
0.68224259761452233
0.49634934000594855
0.69810327383493920
0.50894587316108841
0.68723002786136400
0.48179443833351254
0.68666308933194131
0.47351941511011908
0.67946271908571754
0.50403094460295739
0.68440896471135748
0.48638377164558572
0.69409930018910848
0.46833803725951462
0.70399214513905850
0.45936576205544055
0.70144833532265793
0.46870901289927025
0.68434053155924390
0.48274886251528254
0.69524902176372372
0.46596677470924663
0.69582311530768282
0.48251621681259660
0.68344906607352951
0.50729907952593445
0.68179602268841755
0.49681453688586030
0.64089080249911423
0.49457490580757923
0.69059403450391987
0.47984825989999380
0.67579012298985852
0.49167903948010616
0.68694838134858771
0.48629411657128191
0.71333710465935152
0.49572151064324055
0.68002827687039913
0.48982025443406030
0.67975691737255239
0.47762787954151165
0.70876147113262111
0.48377854171054940
0.70137095657374049
0.47220016905144846
0.68821518540233229
0.50025100988085680
0.68679222205895740
0.48946912671633619
0.69462693526758712
0.51229891368108060
0.69003331705167248
0.49286420197646014
0.69208110960350888
0.48735745534753899
0.67793159699178474
0.48882703492922880
0.70135180792986573
0.49253993383465389
0.69920147342772132
0.51195349428744874
0.68114906458626889
0.50316934915342137
0.68706834518327586
0.49717056093663042
0.65331655298141478
0.49495360624325507
0.68627785390635776
0.49662216104483581
0.67950029840680093
0.49740158552400193
0.66491080424360649
0.50832350190541320
0.65275907863735949
0.50699464702570585
0.69242769049475794
0.49515071693095669
0.69198542978502409
0.50471872164443177
0.69315566982906762
0.50394414534405663
0.67017100610140845
0.50436474505955176
0.70959867519645814
0.49540440080430731
0.68353343920659193
0.50028639954388876
0.69269653140172427
0.47422521630420678
0.64588048575570256
0.48393546989841052
0.67536265585032373
0.49547719904814319
0.69825930446616669
0.51206960715345551
0.68642945841611724
0.51872882187301461
0.68333165642992943
0.48801848155383709
0.66282909866501782
0.51768947234090557
0.68429260817958371
0.50021333372981880
0.68721339270641291
0.49828249775513084
0.65832620808167264
0.50063055539543611
0.69797789692701739
0.50055996250397472
0.66180260442657568
0.51208835752158732
0.65671153447903741
0.50163790883959403
0.68755710202720577
0.52125152307586542
0.68474876056233636
0.49901715234734517
0.70481438800432927
0.50216686537483457
0.68993540642699713
0.49479611354265485
0.69731244992383590
0.51776784040071766
0.68353898201314967
0.50512146097138100
0.68863060125506670
0.51562804544063345
0.68420267850537320
0.50071588871391937
0.71179048360545261
0.52308957552223267
0.68828150390955989
0.50694950472715572
0.69166520361736372
0.50120723787269506
0.70147624032987066
0.51230887144723081
0.68806795492611761
0.51416201211125923
0.69095971149008850
0.50254915059909921
0.70326102227448228
0.49361113601554552
0.69312041428761528
0.48704799976091157
0.67986586960450812
0.49067363961187560
0.68242576805261024
0.53125290619820431
0.65711095063708758
0.52312634915903344
0.68773064758976166
0.51516213299370994
0.68883004494921418
0.51797936794430510
0.68769653975150213
0.50793086656950470
0.70376456575477642
0.50778399635644345
0.69583236811671689
0.51720536551702623
0.64728370002886482
0.52989289941728479
0.66904352657809796
0.51837385388321211
0.68637925559429736
0.52604943525266956
0.64663716273252936
0.52593768759282045
0.68642590122212044
0.51054926101507081
0.69275937367146967
0.51398749539551669
0.69211025333291420
0.51923253827477778
0.69459161572611439
0.49645955036770556
0.70476844603197764
0.52471357463094281
0.69198887317505342
0.49866015342610864
0.70136661985254678
0.51420596132639751
0.70248153544867020
0.52764716158716840
0.66925366212520576
0.51516303924598739
0.68767996243315088
0.50925435027530996
0.69994848749579719
0.52961577440646146
0.67671127526607977
0.50787314586470267
0.70064654305875140
0.51313571722928486
0.69982902311469841
0.51664802644245633
0.69198681930455441
0.50713347830031585
0.70474772961071563
0.50625594434287635
0.70130366104147202
0.53354849533105231
0.65937770415676167
0.52011202410199131
0.70642385497581106
0.52463416115302186
0.67744379519028830
0.51402290958699182
0.69496748038647105
0.50402214008737478
0.69385000345048164
0.51825985353464876
0.69151189709322758
0.52484568960983802
0.70801248477767020
0.52848809933240914
0.70085837310386634
0.52449993795669425
0.67365681633748076
0.52129358899220968
0.69780563529740647
0.51907235456584000
0.69385349056073853
0.52895566656606130
0.68504008667253935
0.52768699020863874
0.70606838170084885
0.51489927762414089
0.70456786690891782
0.52426005649970087
0.69261837325658759
0.53981782717491389
0.67093358505565048
0.51504702385540102
0.70545139538676505
0.55354879389436296
0.67441741363395524
0.51201120195749139
0.69957717477356451
0.53066649659665022
0.70128946221366451
0.51306554834687135
0.70948405234854373
0.54505849517362837
0.66302841025266612
0.53094481289754070
0.70449118588877102
0.52883252081112209
0.70296036960842068
0.51078409240652223
0.69854439186336503
0.53793023177046495
0.66932135629562306
0.52573337528582231
0.70477285809474499
0.55950376252251677
0.67516409007356526
0.54946310471708637
0.67549694837986962
0.53864256906064756
0.71407786408216944
0.54684846397502407
0.67170380756097525
0.51433148697341236
0.71604810670723085
0.56459338301802309
0.67106111116638678
0.52119819215226948
0.69173205457331810
0.54369042108753729
0.69542038304631904
0.55061191064861814
0.66516886122577934
0.55513647656209142
0.67483035382543810
0.53303818008994641
0.70985117896231076
0.51667788211886290
0.70609249833660037
0.51344155320565865
0.70115859764417632
0.52215011250903198
0.71595510596258094
0.51267865828284953
0.70870051182493388
0.51526580721132675
0.71403860763496962
0.51438676484428547
0.69653850018793162
0.51652615566668636
0.69850377205821235
0.52694170356657732
0.70326263404855249
0.51297324037509529
0.70920240101818977
0.53214959411799190
0.70576042043782372
0.52732760810877555
0.71288968101202999
0.52354805529384485
0.71035007896986069
0.52296519892929560
0.71389278674947643
0.52916619802131881
0.71129114259226345
0.52454364187260560
0.70752293875877270
0.52569909327207709
0.70202042520895425
0.52119582912089024
0.71702424195732029
0.52274092596451549
0.70637671961540982
0.53566060835250973
0.71449572049838084
0.52437219237054089
0.70610189055871930
0.51682937015147690
0.70989956284575084
0.51921925535214863
0.71349996833489659
0.53993988079793698
0.71295966873238847
0.53822043109772144
0.71338806792315634
0.55803390864719704
0.69303736081388789
0.51423622424479887
0.76578588894467581
0.56145378535301027
0.69203836703654942
0.52857933551666625
0.71736776337192465
0.52623545154315454
0.71582756053272556
0.51088674871590467
0.73390481925262974
0.52521421500191912
0.70165718296707336
0.52518279091406395
0.71087310880727417
0.53435867261487857
0.71368981471346982
0.51275639498073300
0.71715326652257405
0.51428131669456201
0.70574239908960523
0.56659700219615949
0.69067405834715634
0.52887044420273355
0.70217335675184356
0.53767800792621190
0.70067523862195569
0.52496574184708522
0.70810540922060217
0.56217829805827435
0.69687663813133827
0.52036425225540905
0.70662775025074331
0.53916360655876328
0.69598772352407390
0.51208747154504519
0.71728339942873376
0.52580326514234377
0.71771341054082594
0.52679769264914955
0.71890507105411616
0.52408934079160285
0.71568782105730333
0.57863278904460702
0.69158147179118357
0.51906585603216659
0.71909806876092897
0.53832482408664251
0.71418019463923155
0.52341997210262903
0.71705799133083847
0.53601148593908154
0.71558867951531724
0.51120407453591754
0.72696373504845557
0.57584295887514880
0.70125036733446156
0.51178324322866164
0.71680178294620056
0.54304656847729715
0.72240963305385264
0.54313670573638384
0.72610925497944512
0.51961427988345343
0.71768354729278738
0.52230591284147043
0.72639747294349866
0.54226711655994642
0.67997565106157931
0.52601982137392234
0.72813212045768094
0.51328575234121843
0.71042982085257522
0.52503188647412213
0.72335494889527208
0.50936224245683692
0.74146922371980040
0.52509823801554845
0.70989605195429895
0.56233877099788721
0.69495303485291138
0.56732399877817863
0.69326826329319269
0.56267740258111398
0.69545269291935341
0.54133511246403809
0.72368630596468497
0.52546842207406885
0.72834038380245725
0.51440814775480603
0.72489463834047196
0.53736817014311156
0.72198075977083187
0.53053098134182897
0.71748007666488101
0.53635858822842652
0.71991796220388360
0.54193872270793708
0.72552874771278142
0.56927843678721302
0.69348599115962328
0.52891706545515949
0.72625306117932620
0.58430735447115600
0.70871881556976113
0.53254494522668516
0.72409551215100532
0.57518425685746200
0.69912491332863036
0.53006189136171100
0.72539763159860959
0.49458576497787576
0.73646933819444005
0.52542449379265499
0.71860825857059207
0.48706688874861731
0.73657315790892663
0.52323764188336974
0.71583283941229059
0.51904493019804088
0.72761561286863841
0.54160476326445617
0.77661358009883208
0.51312298337805462
0.73302364290063893
0.51665530249439295
0.72789973607524372
0.54392173320657911
0.73442149152781466
0.51949557999854856
0.72123538795325337
0.52140557685775502
0.72979755175861738
0.51285047234926895
0.72000009382841679
0.51481482517260657
0.73176402025770904
0.52259578442993637
0.71404998637482209
0.56880753995670585
0.71208500243872530
0.56876933546846931
0.71807205128200291
0.51913061563430607
0.72216205043169701
0.52062682267437721
0.72097873210364216
0.54227399197792059
0.72311971412402165
0.54251372310298662
0.73745394814007237
0.54253891020074696
0.72726240706555045
0.58872778833493311
0.71157898448804668
0.52377300398409776
0.72117386336233713
0.50239794355603584
0.71867824909776368
0.52598923205244952
0.73322889040744665
0.52283550358464514
0.71923131875063906
0.51563123665736799
0.73359407432146784
0.48394035936427759
0.73153741374543990
0.58393632777340965
0.72341860099342048
0.53787314403342168
0.72558744696886546
0.55891368509199901
0.71462355407985712
0.53779555464270823
0.72889213915314366
0.53600131036629250
0.72808253713519877
0.52862890105669580
0.72919784087910633
0.51636159904133883
0.72292228125135716
0.53879699417487392
0.73040468241632528
0.54094513582380976
0.72874125137850665
0.53737384353994344
0.74182337038762647
0.55482265911948703
0.78116772176176730
0.54181357461100887
0.73460108604001895
0.50395598370383610
0.79039488965294735
0.53602335919662381
0.73823081646863065
0.56363324714719587
0.72353476587116994
0.48473956475534885
0.72483133824980861
0.48502127212521950
0.74175891836222418
0.51008010382759594
0.72797146193885443
0.51935395093394487
0.73579529661271748
0.53095593825413800
0.73077265920253176
0.51189681090560391
0.72941716901177334
0.58067841508684226
0.73029563766977568
0.52170736072835278
0.72981552779781478
0.50809567864672234
0.74189514462731698
0.52677769101763916
0.73310758053467195
0.49451202473680267
0.74000010310712905
0.50943346023413971
0.74466010038296804
0.51614028759192698
0.73168934130474950
0.52656439599516758
0.73269880004815868
0.52083847164685815
0.72621936094249762
0.52839249306753044
0.73371307195219160
0.51282118300759383
0.74632089438011062
0.51813703260814015
0.73434956993507161
0.56180384366734737
0.73863314762783860
0.53400172214923025
0.73855360213956989
0.49373344069765912
0.74892832790280350
0.52961247289372537
0.74003686143546521
0.55735247931462739
0.73788931308886840
0.51490596483881168
0.72855677789728868
0.46836633437284392
0.76697553806888819
0.52970986445344037
0.73620374510046838
0.52977676065134305
0.73398523924271075
0.57813077390554835
0.72599235886299740
0.52628972390018025
0.73633629864614802
0.52147164535967738
0.73724018823773818
0.52573861537470545
0.74258452226211524
0.50639637891976741
0.73410659835482206
0.51564682157399822
0.73055587433093983
0.52032345462792140
0.74198902350084983
0.52528606418191703
0.74225052504083033
0.52219142455642653
0.74021960597311298
0.53172997661364418
0.72880049381829104
0.52613150753802351
0.73665383202871637
0.52139698387107847
0.73704046353024066
0.47548854217347714
0.78761315268834386
0.50398091631164987
0.73645414099445983
0.52367253224758414
0.74869940449939831
0.51948792963527868
0.74808967903077572
0.51364868092829119
0.74004143671887945
0.52600649642366060
0.74720320567854825
0.52826017033233297
0.73490281065779761
0.53368039684898150
0.73190577584822747
0.52342218023176790
0.72951270320421580
0.53853381969954472
0.73964890732629684
0.50488598978394794
0.75766804103852925
0.51305108598694615
0.72970614699629133
0.53122006693727586
0.74150782817605199
0.51223952144235330
0.73840469023496680
0.52002876190629754
0.74584087269474586
0.54726873875114146
0.75087022718431196
0.51470102221182013
0.74032546781310138
0.54390546982061871
0.74503450281823547
0.53935306536719607
0.74177470709504612
0.46342425240308721
0.74240537343983570
0.52528265946633512
0.72183452032994644
0.52530231865218657
0.74758502393213544
0.49907383528761562
0.72976025857683047
0.50891210701551137
0.76088949060150735
0.51672629542478343
0.74004975454625044
0.50189960226461372
0.76155785669196030
0.51012031960568505
0.74063638079179661
0.52647501699148913
0.74303454419132808
0.47224930519792391
0.73816076371030481
0.50864367599036386
0.75471813858315839
0.51117874640408956
0.76184578410377002
0.53154266145749096
0.75160370759776474
0.52181979252572019
0.74516908994528075
0.52745599788312914
0.71763225852457790
0.51901514869539744
0.74014180578150557
0.50726830301375936
0.72842720709507924
0.51596807946862744
0.74271761128649594
0.48969865725497858
0.71754121346100019
0.50160350953827626
0.75103206754913920
0.50750065154089918
0.74091614873409006
0.50126037411195978
0.73589312519617300
0.48294671071530282
0.74360838689591835
0.57162624201032508
0.74539452148137431
0.50245528390064065
0.74481744460711374
0.51819356020137297
0.76028528945552132
0.47508731271272459
0.73485183765746065
0.52814291277049941
0.73846176614505976
0.50997353091933706
0.75786575024211555
0.49767621844442567
0.73491302231829247
0.48731919787982769
0.73012470514149497
0.50762722712517572
0.76222415235157692
0.49845594570814805
0.74196316469607437
0.50121348288214218
0.74326046045438887
0.53025983997878612
0.71815846435338948
0.53692496128532685
0.73563490697212108
0.52725607530292673
0.74845229714664208
0.50213095187173773
0.75695450936903008
0.51210857224705342
0.76112516329368229
0.50465893319970978
0.73464603661651429
0.49721744843642840
0.75427439729092849
0.50163502687675643
0.74390296166517100
0.49790613104613779
0.76597193756147886
0.50157636863594235
0.74904313174088299
0.49641786703178603
0.73947593314890692
0.50504483457420035
0.74961418166656291
0.53914094530114043
0.75492707256334912
0.50817899223690433
0.76166169231706082
0.50671284153370133
0.74530797858309206
0.48547997383290936
0.75756641773678579
0.44420690036263055
0.76622388952308540
0.49666054552092481
0.76117170595694672
0.49385502501755069
0.72611197780961989
0.47799925277318972
0.71946873004498224
0.50434895312150818
0.75334399217936976
0.54379708212127154
0.72586285895796088
0.51942211893336654
0.75664497220083438
0.52759522382207202
0.74212757574797017
0.50452430436672335
0.73685121804494447
0.52647830886112890
0.74284827881312121
0.48917776260265178
0.71900670300827640
0.51503334700499004
0.74069307287296704
0.49762586613443949
0.74980956648964381
0.49598355899006441
0.74606118246404496
0.49380803910648774
0.73685682398075203
0.48015541852962695
0.73650213010971310
0.49462442762330078
0.74942185673556228
0.49311486902016949
0.73973781109545722
0.52830726741050693
0.72885041245344684
0.49182951552349891
0.76834364302961666
0.46405376321822744
0.76117833749943387
0.48982905964439316
0.73925936278923121
0.52345929542825098
0.75822996478087656
0.48197609872139868
0.76053593233752104
0.46242420076276680
0.74486146993296032
0.45711299149135154
0.79325763784495773
0.46418909632128513
0.74347476759315689
0.49116750460799524
0.72992538356531456
0.48521038070459355
0.74931294871463294
0.48718152710970453
0.73619163545992938
0.47302173028819255
0.70579980284134558
0.46309741391345571
0.72504363823830842
0.48874010574300419
0.73722673607032752
0.48086535127224445
0.74176027554183910
0.49438890573090927
0.74149339913834811
0.48058798319692475
0.71435415647407063
0.47355322815032708
0.72246596571432353
0.49470473763628708
0.75608507920859946
0.49237270406303979
0.73265367563628059
0.49155305597204096
0.72730822044444166
0.46404418701706029
0.73381882002799359
0.47923345874709800
0.72432848253966964
0.48852346047091483
0.73263537559046921
0.47477280210372219
0.75261092696286935
0.51225041100232449
0.76572561335007394
0.47619994710629043
0.75776310139666525
0.48291828192689373
0.74982997333289536
0.50325733892261693
0.72595497694679245
0.48020468275910766
0.72233209838556567
0.46310136790871459
0.70907848751692637
0.47497114112216876
0.72852347157342867
0.47234982422464367
0.71016736517387102
0.46510606758694034
0.76076088180763568
0.47900879881995267
0.75168692577626250
0.49198180107706435
0.73781500337954364
0.48368869716121177
0.72745589253643617
0.46495820844626412
0.71497459957158871
0.45643655106022890
0.75848940393174824
0.44113009942981868
0.74035514892449550
0.46722622726405549
0.73039199014786427
0.47046781694182377
0.72012209613370115
0.48626077382757282
0.72871095651652373
0.46716333737772059
0.72945835428209072
0.47912144169441301
0.74180591074802760
0.48531073260332191
0.73075701941586768
0.46695306652053320
0.72303235300702229
0.48202738942497902
0.72926242140291553
0.48269195307234142
0.73412654430671309
0.48045333922093730
0.72573829167188797
0.48233516194290421
0.71819094320530752
0.46539926415067057
0.73786816379403808
0.48769007636520106
0.72705042656438212
0.48530124365575172
0.72682308359966985
0.47356936877778644
0.71243195331405285
0.44529943077642342
0.74558481512695451
0.44803068226925902
0.74634213757241641
0.49066102221086333
0.74315729878575321
0.46105015626212265
0.72230870237057965
0.41637399991033058
0.72117092834370122
0.46275755920973821
0.74362272816435571
0.47165265758151176
0.75740036440223879
0.47878138635067780
0.73956167660895722
0.46277063107841498
0.76054024608647963
0.45806646902961135
0.74198596718940579
0.47261797733937472
0.71665218887594484
0.47351911705663280
0.74205524935027578
0.45767717867916852
0.75016146297420938
0.45736245663214670
0.73981567487232947
0.45710827971999690
0.71599974791607379
0.46742227511454804
0.73611536055614146
0.45015966599939272
0.73400876587386221
0.44673982776215770
0.74309010714445234
0.48046564421785665
0.72942112793937564
0.47259861667637426
0.74849433112628239
0.47553876306707105
0.72194789791767078
0.46553331924790664
0.75141449468715638
0.45525927256382981
0.72500705263600318
0.48099295717834573
0.72438351765068587
0.45794366742851206
0.72465887474314050
0.45821751657220483
0.74858110969271097
0.47312735089065838
0.72417797464032585
0.46336345410415103
0.76817648107746106
0.45287961984705638
0.75348471621522750
0.46665606524550035
0.72975079573637724
0.47431296514486193
0.73994116600720172
0.47110869927092952
0.73235842330744327
0.47485927387382248
0.75792159316048358
0.45890505540406579
0.73739851186604766
0.46685013992413837
0.73911595947275732
0.46824697721726799
0.75405318487584139
0.46854354935820858
0.74913461972070150
0.46071083722845918
0.74928728853403992
0.45321675835544289
0.72775514224389237
0.48845089755433374
0.73510967768635826
0.45880383033107702
0.72859951601881423
0.46374712785176564
0.74263426529400545
0.44717872008587661
0.75028303581655842
0.44932910053401359
0.73683187342132717
0.39289192829501463
0.74508177677972198
0.47727023268546925
0.75660957587744826
0.49173806090629862
0.81684773144759026
0.46078246262305966
0.75680152574654058
0.45181250186870281
0.73203668286698209
0.47308913226395394
0.72635494434928338
0.47623474705258628
0.72803961869380374
0.46898546091850024
0.73323191849429803
0.45254879851590474
0.72331200299980392
0.46910914919568580
0.72752509849093072
0.46269507790044262
0.73805212752434690
0.45667757790790775
0.72435209543254575
0.47145639454517685
0.71959152008627636
0.45219425380152961
0.72945510970285432
0.45591118974206973
0.74152063329469375
0.45330953847001482
0.74276719858343287
0.45474593508279010
0.73900463991633680
0.46006597974491753
0.72759133807720933
0.46878358450645119
0.73652705674307839
0.45762662083325933
0.74934175041024698
0.48843601603427061
0.68490424531309413
0.45177402543044509
0.72210651120458846
0.45381702632459209
0.75368027588858499
0.45441414909426575
0.75116749642002356
0.45633466828665975
0.72902654190322491
0.46865084802959955
0.76408070584764509
0.47405903617586465
0.76460447403626608
0.45488447789648073
0.73283138844363604
0.45975156962213182
0.72919375165984635
0.46375435800442838
0.73042336559831833
0.44834384267711547
0.73660105657558383
0.46569275460640336
0.73039351615837922
0.46086217724011225
0.73732375248896198
0.46102607520727024
0.73113077077492938
0.49504409939228378
0.72875457694779588
0.44745169349215091
0.75551454877861524
0.46851686447186247
0.73559950421329034
0.49966315408069112
0.71781460511620787
0.45454642752063101
0.72477998839186175
0.47677410862214165
0.73818236758475075
0.44572191097200142
0.75672458314458035
0.46099541364719904
0.75742205350356362
0.44842624917381974
0.73767283071837619
0.45367446733876698
0.76692564315132983
0.42376018415877331
0.75455723201524683
0.45240231252824431
0.75088251795691641
0.44996851958852668
0.75182641580925280
0.47007564578880751
0.76953375053984319
0.42115432884736870
0.76867165240041235
0.47281777831613708
0.76492673543536438
0.47671896264857944
0.75994929004093281
0.42550849309144501
0.68260116506119872
0.48084108288176641
0.75089076683320366
0.46446813237635681
0.76325624720284513
0.40798695809907326
0.76521383330962056
0.48347537331975737
0.74415009437927904
0.46071842420706921
0.76508458662840695
0.45159564703287997
0.75904628210578950
0.47713476722296044
0.74613922441270353
0.47063620922093397
0.74068813077902451
0.48073236020299659
0.75704521809709568
0.49778316085242053
0.71926375377318041
0.47659277772560837
0.75975660944797685
0.46596724086687602
0.74110352072481944
0.45367375344021693
0.72954795131939132
0.46833417932833005
0.77022232678747427
0.46460237819794592
0.72635136601688277
0.43227570596271564
0.78036344243172207
0.46104925611835723
0.76195122442753949
0.46430638657346046
0.75667873469574320
0.47934278081080006
0.74390556510180839
0.48254588608439525
0.75268043047506006
0.46137776920051116
0.76427888871249194
0.42265942169133142
0.78211469002458878
0.46279875799028963
0.74686117931005735
0.48490775431318556
0.76035206990546778
0.47186259878237247
0.76814430258741839
0.45109605473633119
0.76302585885290120
0.45872194079634221
0.75310000321986814
0.47800914240177234
0.74502443532414453
0.41374585493978355
0.79561133475906121
0.46441244344633514
0.76348955292282550
0.47527897794339052
0.76209234143692273
0.46973879774358857
0.78027134564968126
0.48373887571535557
0.75161162551795235
0.47878813456542163
0.77345722073475143
0.47041935134725582
0.77220478867960296
0.47110631144651083
0.76954584781089341
0.47708736362781984
0.76817183395439714
0.46780243431177126
0.76070799623831986
0.48321807559677610
0.75660510803443926
0.47999652591187170
0.74450919041811636
0.48208164905106732
0.75602148396822644
0.48736685101813598
0.76307661503576063
0.49236066854232469
0.76619884991643294
0.48915245803250734
0.75624631711334911
0.47744069261079858
0.74799947190676952
0.49095645865011606
0.76399869981642021
0.47249394689767105
0.76640583152378061
0.48161109715843764
0.75114642140903820
0.48083959636441065
0.74993125997679444
0.47240907683839872
0.77656898762256277
0.50427082113304633
0.76451298318900984
0.48693870501877445
0.76838609505502109
0.48425440568389333
0.76466424415980938
0.48118603672464716
0.78729053143809635
0.48135206188834762
0.74394338240746671
0.48699781746816773
0.76677065678747480
0.45464441511885861
0.80328816115145474
0.45523582034594023
0.78872068368381065
0.48831431153300231
0.77198356397654122
0.49496154680622795
0.75130215602052441
0.48154545931651860
0.78101724438181308
0.48424611421201058
0.75239393713297276
0.47934005594088219
0.75376928453440062
0.49787538232466672
0.76588071181144768
0.48526350055107864
0.77495639633375335
0.47937398805314202
0.75338031681573481
0.47696295694161644
0.77872048869477595
0.47654973548566404
0.75027600227645119
0.46995885766159767
0.81690612991305456
0.49495345428534032
0.75672366313661232
0.49655856157269929
0.74650247880395249
0.50774474368112710
0.77768778982709796
0.49650823628249269
0.77257620056730647
0.49252613726133126
0.75538031293064711
0.48887300115096927
0.75892673677452083
0.48277095080016064
0.77465384048915609
0.49636312589553988
0.74915441353544554
0.49884382167208535
0.74347612743775704
0.50708573343031793
0.75785162099717551
0.49685620546980536
0.81434619543918685
0.50818601400775254
0.76629231893678207
0.50026014053237311
0.77430904790844579
0.47447542929554326
0.76839637227704694
0.49287906932332565
0.78106623048991752
0.49342803215589048
0.80368294807807017
0.50247734432114199
0.77195825077102254
0.50381949420017791
0.75239652010229785
0.49246932596699089
0.76117612297695803
0.52379391755713733
0.76147898270049486
0.48404813774410288
0.77574208067613637
0.48464232822744180
0.81470668867725382
0.51060423904851038
0.81750731781335428
0.49829805728871945
0.78877336500797335
0.50264874195971143
0.75646262897856542
0.49711557526671313
0.75944405614118782
0.50113940714140559
0.78206901371153303
0.51214840047539034
0.82067530183308013
