0.42291583885114681
0.32352310231651443
0.51458216539150081
0.30340414185719672
0.39074349168132971
0.40602240178884907
0.46043186831250849
0.43928842150030478
0.65535210487619167
0.48083956543444062
0.40541083638806785
0.44300929576390236
0.62663598722662894
0.36063371069159983
0.44055729464996640
0.25681749320041181
0.45138199288888536
0.32648770103784430
0.56640768200864322
0.31990813140298990
0.52433215435898950
0.32975505485645618
0.57145698704190007
0.29034057463125879
0.45788094129964918
0.37920152397000850
0.51058445416647669
0.50396853819247256
0.44906149338795281
0.39529750191151969
0.52624202392130537
0.54016584510966181
0.62027622098469004
0.43440981028125569
0.59204006323863201
0.51608665204433479
0.67044914601811079
0.59592466246714892
0.69192097529411201
0.46109371995359094
0.63479467472471518
0.38903314468826256
0.59232666132943224
0.34818650899222992
0.61738177473833677
0.38155243690419144
0.49950815489691719
0.44575596431517628
0.68944849747606574
0.40798976471200837
0.56854322031166649
0.37044148263454679
0.57056474256322964
0.42220155891264721
0.50928433737548351
0.54646994751210676
0.52358978485683183
0.53387909375997467
0.46431661137540831
0.40045922087787539
0.31582576216674368
0.54133989908826496
0.48876493320642556
0.41716625572016175
0.40498810954512765
0.43409235266474666
0.46900791730344848
0.50092831883425271
0.62580271128008813
0.37473323200129266
0.46548989781188332
0.41053721300971585
0.52496027262108313
0.41656504974172870
0.48499070082746293
0.36602223935912948
0.47484455688641830
0.55744371890116651
0.61889053590082588
0.33851896651056729
0.53799636163273024
0.54599360611864878
0.43150017536282737
0.40900947331322796
0.63754299362908640
0.58249523024870542
0.66764837805596189
0.68259072002639010
0.57590010805317016
0.54873381906378926
0.53086799798068207
0.55660390576876217
0.51855982802889489
0.62007339240787152
0.73836718226080023
0.71914427883894938
0.49990910306374325
0.58025611560641699
0.61294778124352922
0.54670552007727746
0.63786788616711332
0.54877070220036428
0.57493811789990479
0.64016109116478470
0.53260367443894685
0.57406002739048290
0.56682168304005920
0.50316010957335755
0.64967664026932148
0.49150873412961510
0.54818485911609793
0.39534142300672115
0.67588678818004122
0.57761601165765875
0.67924340951375384
0.47773121100966204
0.59832128535323725
0.55297719298023429
0.62327801626143153
0.48205738396574954
0.58228607573596725
0.47089878871696678
0.64234695098835959
0.57897901026027498
0.80315897421981808
0.61742334951236977
0.60532801190055074
0.57949459606412768
0.66793608250457293
0.62407384534246124
0.64971237495172407
0.56082208387390731
0.67756002990171493
0.48642183892392554
0.66840454140600492
0.48438371088961457
0.62647056079432317
0.42338092218837148
0.62285091474336718
0.58640762885115005
0.57676956908929256
0.50972624732779637
0.60089860660203187
0.56836461996178589
0.57233935834206728
0.57990246435051040
0.48659482221282624
0.51729307947456016
0.57923284696400756
0.51471709549432165
0.56345706978261612
0.40523843490131201
0.54842760441079896
0.50600162062271470
0.46299835772067999
0.51996142177587867
0.59559358657695216
0.50216503265667756
0.61272294564041685
0.45994861098317669
0.55987782529675068
0.55313564713518515
0.66820083787887463
0.50285782115319577
0.57427334149626241
0.61453096868401447
0.73262617937397068
0.48563477924062087
0.78447766600768221
0.48621531596607287
0.65775903844729833
0.49931399182710817
0.73262130764473943
0.47032898577339211
0.69855819597840696
0.46162988884868561
0.79607788265866997
0.57747998003950529
0.66272293061693532
0.48233225926541973
0.72160407052516906
0.52470999938539697
0.67910605083859910
0.57050432199248269
0.68817076746751416
0.53645983829628352
0.70589176585101687
0.68011069474243302
0.57188580462344540
0.52938430762053301
0.60684031609615907
0.58175904052893546
0.72175165252652329
0.62801595319564951
0.61688102358541297
0.60103250968325150
0.64298088413694510
0.65298265080091122
0.71949167373448542
0.53807245828317862
0.71375179161972491
0.46370737729591854
0.67151904651146099
0.56709509894367238
0.64867283007620991
0.40928963696999077
0.71205249594064379
0.56896642761877081
0.65135074187295983
0.53226360084774438
0.60085366521529826
0.64164981325994730
0.48084669645511968
0.59906381252412322
0.53889967603319866
0.56372707972570790
0.59356094874764975
0.63204714089193548
0.30842406914766657
0.55440616560232558
0.42540331596738046
0.63612488196003292
0.44237093751414719
0.63963577932845717
0.32663174633854980
0.61351528737398409
0.42746969667525958
0.53737562600934985
0.34399052630315535
0.61692260954379630
0.39282794146621697
0.48902779603363700
0.34111911923354665
0.59752763748400417
0.48606171434972506
0.62550521455250141
0.38381986278809394
0.64781039253628969
0.42211764480485697
0.71467296757763799
0.35328653312514624
0.64773626085393954
0.45529727492122640
0.57668839402326832
0.39179385275916095
0.53441717293897240
0.45720941905819340
0.68870655204450515
0.66052322023305876
0.57326128467500381
0.29170887354109787
0.55034703323972511
0.43775996580790000
0.61559992658184226
0.38349561447107322
0.62947530877661451
0.39383548796384421
0.56214590197743253
0.35754246680689444
0.61559625894706438
0.31185550648469090
0.53891865854227916
0.39445526909309242
0.45311910600043426
0.32223601249188522
0.48629509342598576
0.42370058241548036
0.48786053635192567
0.34279890095270893
0.47430712519068646
0.39905584409164263
0.58566534444547536
0.43552040052551177
0.54176922039775510
0.43229587434726435
0.38980283505714602
0.51343257555085253
0.52224342774878540
0.65780049792132844
0.63829765203403754
0.60602314179129546
0.37723185903492212
0.69643340456182334
0.58601427364999381
0.49268033159467961
0.55306045227524514
0.62311363342575998
0.40007122216246793
0.63460180247359421
0.41173913545244101
0.64674569733360388
0.37953252013667216
0.59792397368862560
0.53003418959818727
0.60038144358773293
0.38911886898261805
0.67866812347448291
0.31871459026165094
0.58834030988382069
0.49439034910533391
0.62205061790226557
0.38588822158947111
0.61772567284470747
0.35597795318110814
0.47885246050268293
0.36653404854986044
0.47474485513006548
0.27229151054964096
0.57610831245545990
0.49326046104159021
0.57380426394068662
0.31436703731993121
0.60862064717010633
0.45504681382157758
0.41917124313465098
0.34171348349372821
0.36868600859592576
0.26983312471827681
0.47778359688315092
0.39130825722461937
0.48086583004254108
0.41132994064279593
0.50760773122104974
0.47631246547021805
0.39273471641750868
0.33161650570625156
0.56253911035690329
0.52426262757765096
0.56848072999615584
0.56544668341970394
0.51795220810532949
0.36850369665470711
0.54012483472763761
0.54868052984124904
0.52251938738624815
0.64510960760409553
0.40677374261099275
0.55106216441648326
0.50262471450614810
0.43432184427190773
0.48909189747923659
0.50165400643741664
0.33756106505036254
0.67275946118006946
0.52578167076615079
0.64353031549939244
0.41757378955860813
0.63535390049571694
0.38221215982216228
0.55053630314141866
0.43600385539073871
0.47896065435942536
0.37810993821318506
0.51736238792181566
0.38287042066213617
0.52631262357067710
0.34580141345533627
0.61908398643861107
0.33069685871458865
0.52208670292726966
0.45077835402556871
0.64596267266501484
0.36624306603534695
0.60844127085284294
0.49939104881198770
0.61757317932005551
0.46953396208919818
0.49083375329983847
0.61830547215222753
0.73234538145024242
0.48275994011910583
0.50303638904721837
0.56447984318661226
0.62645054924751986
0.58573906216047833
0.61851411632750597
0.64126237556723109
0.61999265190836739
0.65393642950894149
0.61687907102528372
0.66918222775728298
0.61387507478294245
0.68581536372246021
0.66758928729311928
0.54193926488929156
0.63542363136728919
0.52740096946465864
0.73799977554581409
0.53354181107916410
0.74274937438885602
0.56499135148297319
0.67993339812690268
0.63747290119228983
0.68557609551414611
0.56259439366292907
0.71652106467518872
0.55323731188294134
0.73648139164809678
0.57590967165065143
0.63938198684387526
0.50548344556581770
0.72235293858760796
0.57480368164700901
0.74058457560710778
0.43057659951201244
0.58007747240988361
0.52472327773499206
0.74775213270800500
0.63608985745185143
0.66845892911398330
0.53211948255536057
0.65791045706863371
0.58469035459973973
0.66349104729460806
0.42291125271013519
0.63576370443504071
0.51029627405436551
0.71841442738441985
0.52130855628997841
0.65328791238166140
0.53551550193974740
0.74624827795312021
0.29648496001363800
0.81014010095688782
0.31918524788655034
0.69030683584297625
0.47166895634354528
0.65203127033865926
0.42766527898632056
0.73427264968817585
0.62906543730076125
0.57506763038844810
0.49190624994105725
0.55806926245725519
0.46895235075455000
0.61344524433128766
0.48438870538581053
0.68413490614591121
0.65767779359139489
0.54047568202013907
0.58094111122045933
0.65824325320018384
0.58704951325969423
0.60863351809604127
0.58589676936118429
0.33474856123213848
0.55268580277647417
0.65144151802533345
0.54780263387585404
0.60957532594247377
0.37032673572270247
0.46952214458248348
0.51660237621256577
0.46927349374596600
0.49779043127974859
0.50448671547544910
0.50811176792623025
0.41941772877251016
0.40041022729800846
0.47022630114962033
0.53792078194888537
0.50729771108502786
0.65112686077917603
0.42171014116390448
0.66842692611992016
0.46364586607803238
0.56761726596572870
0.50812133308101226
0.59703013844899511
0.47076535465241914
0.60146985891055471
0.57782931991502551
0.59537169796061995
0.40862058196610951
0.66219306579282411
0.52591432366452229
0.50404734247391503
0.44850673733861729
0.63317467204000644
0.40446885491886764
0.66870821377234713
0.44707516222163973
0.69305370504287733
0.49403187154502926
0.70717747842483791
0.41828837654185436
0.62653575033603859
0.56864820480745104
0.69633459979611045
0.41942119088875712
0.56542709535510882
0.38615010290609031
0.68971587106814114
0.48790370843644371
0.61810179276793287
0.48091983591850934
0.62022074257075055
0.38758459092323544
0.49677337459355608
0.46093418593202984
0.56007178715371964
0.37580064185646661
0.65832050275080989
0.35659191068772056
0.47909672968651851
0.51564078272652303
0.74033139741586285
0.30181391603135826
0.57142313387136046
0.37262929505557196
0.70358115033911683
0.40718261191602662
0.66284462218363660
0.44291176438329527
0.61239155498396103
0.44254674192448196
0.60301569860323634
0.43904370975511670
0.64472440144061960
0.57555273457802469
0.53616305635822625
0.61491385068667481
0.60270372144786255
0.50604143568425886
0.63370929027894030
0.54978249701961435
0.58765150248394948
0.54013088192875669
0.54900939920860736
0.53991885891181945
0.48277071826247248
0.56822325438717880
0.60498632987976497
0.54038943266968942
0.61229124942428392
0.62284381400241706
0.58638148725047023
0.63756243606431384
0.57863014876616004
0.60178884346869321
0.67253630580651724
0.62793099387558837
0.65227676879226792
0.66875816097312357
0.73457142798967479
0.58296654441783058
0.55644737550238632
0.69615016788151474
0.62688927269033490
0.60592143691619604
0.51069283049014791
0.68839578287407621
0.57418291156188950
0.58777975709933283
0.51579850352933676
0.67802140220471840
0.50983151512958513
0.66127199616616761
0.51174490258941119
0.65912447169935440
0.53155479343540057
0.75054550617632365
0.56375918989966245
0.72696778111967864
0.55487249619138679
0.60078381328304553
0.43829581138474549
0.71272380121233092
0.65516341069442019
0.54747115464821838
0.59089933827116614
0.63874041064494858
0.57981743330992730
0.62119974769244113
0.66320329893347596
0.43612006308544865
0.57514282216076984
0.48382609946941685
0.66563027581147249
0.31696289467209515
0.55543414883798403
0.52684500057294514
0.61774178780937694
0.34049726950911985
0.62957615395878763
0.47504889299747644
0.47467068844267490
0.29827612414339216
0.56449821317957583
0.41038921439180842
0.53239239668297567
0.30695597517782480
0.53392783844943370
0.34234828972075237
0.51805609466299629
0.42528118482716559
0.53953512343275889
0.31168844722492839
0.47397184644268664
0.42837747618243510
0.45529758881734161
0.38035141384303095
0.47671049236477725
0.40834802812256332
0.55557777204064696
0.34151463854401654
0.44448408178990861
0.39745371098033561
0.56951718270267848
0.33168734597446714
0.52687578587695494
0.32626400839076641
0.48545693458501532
0.32410268847914703
0.51601282863051789
0.43337149607948539
0.43167249897500487
0.62352602856769868
0.55080998618467736
0.47787717750071745
0.48913057876500760
0.45805722144947747
0.49192272588314256
0.51024465316143974
0.50435091104979224
0.51679847940811063
0.50816921660193382
0.48808734556603217
0.50051804941971234
0.57615868668425785
0.47136072859504191
0.41505683938022508
0.39746106594088698
0.41857521403540754
0.40095797101916653
0.47786450008392667
0.46099655271547924
0.46308906770344493
0.59162630021415019
0.37106376209520286
0.48310777080494843
0.41971343090690000
0.54162143979446964
0.38598624880404253
0.49034117026033891
0.33787266864818821
0.55694052006628925
0.38169411471060327
0.53581927755010705
0.46009776600551033
0.60696396411678566
0.32944732863685877
0.57083480630728689
0.27035270614228357
0.61306975516377682
0.25452678744140805
0.45500829339193916
0.40511964248233368
0.57589750248641081
0.39122094426618892
0.53824601882430689
0.31739059974661593
0.55690950705005093
0.40211095431912974
0.51679575411607037
0.32441875028720263
0.51922871497818412
0.44585108233267073
0.34918765198014401
0.31906683962555460
0.59821460491650968
0.42246385737491282
0.64968938081271776
0.51160337449161708
0.40431253088114549
0.46839690449261068
0.52393637076652499
0.45305606274624233
0.59072903217212835
0.36143335641458113
0.67842600395735675
0.50111788060179441
0.49605098856007251
0.46466295318932355
0.66692874780632316
0.43665513747783574
0.57883495052747658
0.47240335699213820
0.65995194285886249
0.45780958557563339
0.54198389983096351
0.55311499946379905
0.58014372144635551
0.64735166077128137
0.60353458409779825
0.47973054283083094
0.69217800433581256
0.49456153213671900
0.71938530603582973
0.42037413324065620
0.72689731242457956
0.45704884006887503
0.65987612149915864
0.37764046268153506
0.59755589957749899
0.47181599198287905
0.62740620543967984
0.39501141273794471
0.72285813842012669
0.52096430394513116
0.71581316794513616
0.56486442740394627
0.50646011424433879
0.35217934163995546
0.59639121830886421
0.42422481447899218
0.36516731857008222
0.47432578022547317
0.51259074451049802
0.62703971570354944
0.36718554830890265
0.53792070300506656
0.25759871176172738
0.51607576681168177
0.25280800374696982
0.53952450571310118
0.32506288928329191
0.45821534997315899
0.34960635768868065
0.50112597272672965
0.33509307141279127
0.47377389911498663
0.37916333468257718
0.52715616357617334
0.40286540341446203
0.60725675042013338
0.47321035970239478
0.55108400799184498
0.32629243205297143
0.55164589965453381
0.28076090438481599
0.49824357497836469
0.35708575656529667
0.58665627455160163
0.33721160249203452
0.55519483328631192
0.33071677650283265
0.55777973473974152
0.36894607210099351
0.61466598104369508
0.45404921412921917
0.66986136034343824
0.42044331772493293
0.58944715072524556
0.46441540639313578
0.56391025821815555
0.33625368337657446
0.67392599115073970
0.56139748598749406
0.60136819854670120
0.54785780655001204
0.58355444605287121
0.48465483727143632
0.55054412571685996
0.36898851814722611
0.59170727951320790
0.41157268660092577
0.54583827269856089
0.45049303306042732
0.50421989245466781
0.40769573998853226
0.65319606191534108
0.53291055928099917
0.61326609490614825
0.35556799173280002
0.57089276024264046
0.52079278495327952
0.61275702793659670
0.33488940036369658
0.69727095942996131
0.31624127952611292
0.55884990379958122
0.45932171868849081
0.63413508381952810
0.32136602375585060
0.66263141625077771
0.33056246066204081
0.58507918226492983
0.29231718366726467
0.67056908665635140
0.31083691695001775
0.57727809634754745
0.39205490742687821
0.58133012745229418
0.29583218419518087
0.53444142307659792
0.31627654945285094
0.61139770553688200
0.35407829804394281
0.56658532443242393
0.40827227264221172
0.52469424606634785
0.52847100393650270
0.55395173725640801
0.37449653510753245
0.47711623802903652
0.35513813374593267
0.55466686050871938
0.51649408912240891
0.66376366182978641
0.41100636622482589
0.51241741338563918
0.52714592557964290
0.67325816286870488
0.45518735021328460
0.53735916132951889
0.43903694352880684
0.64924636245902556
0.52605251435095512
0.58802426405956487
0.42545706864803884
0.58748398566221316
0.68174904189391594
0.68727123428265391
0.53985175346814851
0.64470482786410777
0.63711081496045929
0.55256208777035465
0.58663828515782845
0.47107765186624678
0.60343776770095370
0.67782552844078137
0.59665791088087816
0.66386170949570877
0.58529270407187761
0.70779296357504728
0.65297420163502429
0.68539560387862941
0.56597640330321475
0.71605433702338928
0.42467596467592383
0.69692682672888739
0.58620086258358450
0.58821859377218755
0.42859607475501099
0.56009999975176039
0.41789273845742980
0.65217936915655894
0.53263074587111148
0.65934792116619900
0.54738768054501252
0.67219169036181470
0.60390460187997785
0.68892873337230109
0.67929883660443857
0.65787294188942036
0.58729348697117878
0.58671742957159301
0.56979831983927098
0.61506275057838133
0.63501653369800937
0.66593601889338183
0.74405155502632503
0.63484185135423266
0.70442839080624242
0.61323723678759801
0.67963627469005961
0.62292462201101184
0.63689956155716665
0.68379654557007530
0.55094338814326194
0.64061836059029387
0.62067606376271223
0.56384021868530321
0.66391060642314748
0.56087460017449120
0.46071179369220916
0.61557671192181229
0.60546664857027410
0.60495508753015503
0.59829547225300961
0.50826525153485402
0.61313702827988514
0.50946122256125492
0.55147123329325776
0.62321418439749565
0.40123098246452166
0.57636799890318025
0.50110333519440542
0.59807073687184720
0.55793973538707475
0.62326544310108190
0.57004727016702750
0.68516363561870097
0.50821338165729446
0.58215843388481758
0.37716907532108873
0.58532652773610372
0.45602869873841312
0.64554434866600963
0.43549395206418573
0.52691644256437598
0.36985637416433526
0.66634937034719910
0.40571460449129393
0.52594032428513848
0.31555440183880901
0.36361548909344699
0.39985597800434819
0.61622941716775470
0.36311656185498931
0.51893116683427409
0.35435557655493066
0.41295122959475289
0.30438819448537674
0.45580066006682657
0.35452422932118677
0.49611425958313948
0.35504865804743263
0.51609276587681063
0.41711901991375822
0.51150510529452242
0.41775384713552333
0.42075746143570114
0.58226510187290959
0.48723289848807222
0.47968558677508910
0.43951341536278843
0.50093438337903928
0.52842697763475632
0.66368283168634934
0.58464388548306323
0.55072312263909340
0.59118504826680607
0.66206598149059326
0.43942905059491805
0.62357592041411847
0.48132544329653204
0.74152727118472639
0.59336113356159714
0.63727589110695126
0.52086983149903854
0.59471995040168368
0.40903316459138161
0.41926320678821377
0.48230652273128677
0.48516334519803112
0.34678483792636539
0.48392500541964517
0.48559795111693266
0.43899663935314137
0.44739509033345948
0.48377396579266668
0.52390081778805231
0.40807132108385236
0.41877755337241562
0.44969047107551641
0.38726384810266706
0.41088451148552368
0.43726914627693581
0.44877185287943466
0.36528824193633852
0.35456158344309263
0.40036171395300690
0.36885832225495019
0.41916331907154930
0.34504963355209767
0.38883068820413114
0.69506758463040907
0.42515264987722939
0.34842231102081839
0.43167129024587297
0.33635585925564215
0.54334974912339618
0.34110242021856557
0.50807355087446349
0.41693067512861326
0.54572235640590727
0.41684685771559343
0.56965209536814654
0.32946737242555268
0.64326717343745787
0.40275305314259585
0.60153967748131587
0.47053686273529099
0.44354904349204471
0.30987771003793901
0.56101663448001571
0.37173762620620582
0.42080619062993829
0.35921016957153662
0.66220822487145325
0.34726389370531824
0.45923532852776405
0.35745344872286183
0.53351644965899958
0.40699977181200048
0.61411953286737242
0.44758285600679837
0.59650399537244503
0.43748842265124488
0.78799635573212634
0.26804208525617462
0.64714098703690759
0.37230765222621975
0.57648887812250371
0.37083340776983409
0.61273820728422856
0.32534393408463685
0.61996367111727690
0.30332987290065838
0.54746053102099856
0.33941262520802296
0.61921208446409359
0.44680881513449511
0.51145575780883079
0.32966209118771078
0.43618145573801126
0.33580227929709283
0.52666795151883439
0.29475980797994195
0.49198395534521955
0.41893355047456127
0.65902545225578690
0.34140813848293466
0.59563434274238591
0.28483024748370106
0.48891591914261295
0.41942714916538082
0.59311088202238604
0.28005258862881366
0.58138758304056226
0.33046968136698623
0.60720364616825817
0.30164385684582823
0.56516678914062635
0.27773073346815530
0.59647597901752258
0.47449308879350449
0.54049996730689509
0.34612127033960821
0.49337915549204436
0.36427744925933070
0.36210072025154233
0.70102515739442983
0.39541836967945088
0.39254331517156876
0.50038793599845410
0.23749842705812096
0.38882940072190375
0.27637587934407704
0.47854888835212067
0.26562477578303040
0.51886175076555052
0.39547357514107728
0.35828612608652288
0.38843565617330583
0.46566617783981812
0.34787984099772207
0.36661366303327281
0.32624939384989449
0.40696852497180863
0.48532951690992471
0.36658254687213049
0.32298025258283347
0.41097085370666975
0.34270795728817505
0.50656377946477193
0.40758292249932077
0.42649464019607464
0.31223112884455811
0.45022332807857401
0.44235462430679062
0.50471643990863646
0.36611952978702539
0.48102795247848129
0.32417083318624340
0.48925916409848724
0.39110878533818783
0.54038032811866576
0.43906443531202755
0.57762399899369687
0.38821803703362961
0.57551691096481095
0.44573799742065723
0.54562369283453982
0.47301476389261971
0.59448404369865959
0.40298574564788464
0.58724148845254753
0.50866507971093644
0.51675516322989845
0.45011975301655077
0.43907044315830734
0.50984885503714450
0.52552578848207343
0.50522166894242726
0.41747570277217633
0.41646342915415124
0.49769426705931236
0.36048577536823967
0.59917742272114982
0.35651759465481137
0.50595420257940782
0.34579635758401084
0.55160637146164215
0.37752884711743989
0.57599859057517200
0.32978177266457070
0.58339028191669196
0.42546208208965591
0.65933924635792629
0.25251280159884693
0.46209192556667339
0.34153485227478725
0.58222527965627646
0.40816765963723550
0.48733011572256896
0.57597893429530167
0.36276980572453260
0.43523671294354532
0.49826294886491018
0.43427985805479619
0.40630652754598945
0.46434105259463543
0.43552306740081570
0.62643358330933219
0.34592364814706150
0.62604302308101833
0.41536220735565210
0.59067578496502204
0.57296008106109497
0.66147969678712126
0.44323952434382008
0.69630557139211313
0.43673677586189885
0.74583723010739755
0.56144719363237205
0.67739673883300888
0.52725418708758842
0.58966778437517053
0.53630205708075840
0.63988394582535024
0.57232291522845136
0.55275454708306893
0.52842343167933103
0.74175473608683773
0.48514240205961928
0.61000355824618857
0.40259524299213206
0.59639139742875136
0.56634004337094990
0.60902033328587046
0.61278816100817812
0.55039551716824286
0.52037478671386583
0.58157042888449173
0.64191998833984720
0.53380153081757242
0.48233464350059396
0.57315307132098159
0.63494606495802797
0.48074226062589465
0.58709467069043242
0.55350355276467533
0.56002559412308972
0.56678888396250782
0.57171910815235050
0.43329010218018771
0.55485537067309276
0.43416555146411751
0.56422774375344675
0.43774026839855551
0.51405303116794321
0.46688990289214793
0.58028439225922301
0.39558007446127402
0.47147610499748793
0.39613516225034007
0.60437000918182060
0.39708641161402175
0.36208042070623858
0.36606048704759908
0.55569544132118454
0.42754348101153439
0.35422940232648975
0.28271739320800149
0.42647955921575265
0.35900952045670442
0.46878418727127680
0.50612042902904608
0.45341242040599017
0.40134568456944608
0.54353657429096147
0.36844729311184132
0.29127010298334655
0.44378215527495773
0.29317659104131366
0.44274876970332372
0.42732359673268422
0.43339733964526728
0.36446654223605685
0.47333144619681777
0.48623722523653445
0.37228406048551799
0.52262878114226508
0.41532810104908618
0.51928549565950088
0.58618278804717938
0.40379343255944000
0.53931896494573406
0.45780643607233212
0.43085562779338149
0.47197356066993701
0.37407350892182945
0.47765645963291298
0.42541223113857257
0.38572561774310299
0.60965918922746676
0.38597448879577856
0.62228062786572247
0.28724544585959577
0.55071580483453664
0.41911650266356237
0.47034691201201301
0.48245050727944716
0.78862712617914721
0.49545927580338456
0.57366447335144888
0.44264001558407962
0.63132080028506909
0.39365398521607031
0.60324711281573529
0.47734674498732066
0.66380648006545639
0.51448520881102011
0.62078796131997982
0.49611569094305030
0.59065760670330270
0.51528800651013817
0.48625590065243290
0.44990692790940090
0.50753352834768939
0.50689307651020710
0.55011810891669000
0.47686829784588447
0.45576350755691963
0.45125508974974277
0.47285213136825249
0.59827072394116265
0.43370258592613098
0.52545167731857079
0.53888583031261772
0.39063200555627653
0.47539004180747929
0.46265352221240219
0.45162646383953642
0.66070060917436668
0.45954321518075586
0.53561760563602145
0.36481837561609021
0.56398827727117340
0.44960370497684232
0.67108617082238842
0.51713931728607121
0.59803434661796462
0.47589349601772379
0.59976899128919980
0.50395274393198286
0.57071459944264125
0.53036845793998344
0.78862714531063638
0.53000806057166772
0.72371635980033211
0.55177810754553103
0.42602365476777848
0.52433585232737112
0.64741048457621242
0.54004328152238323
0.68274249137337728
0.56042537306710272
0.60589137294945372
0.56393747331539246
0.44709642670216587
0.58037782822331041
0.57151036747902817
0.65659512211908622
0.65525387880979580
0.51417855654003641
0.55410992443411278
0.60183902539587186
0.57878961234738002
0.56769115060226305
0.50217526589381856
0.62778656033343261
0.51640842142329824
0.50137431138819766
0.50548437471282603
0.67224940046267101
0.57121274247996479
0.52594055973173115
0.49732354807971013
0.56413390666029095
0.61086388732399033
0.63018274939011176
0.53635033077227967
0.54626624145885683
0.42391026966885337
0.39221579392963929
0.28576126001539631
0.48829245193644827
0.37391521118238852
0.43013169754878411
0.34636260165744348
0.40411962304712423
0.34844300712371307
0.41186542329361697
0.42222237808427482
0.40281208244400091
0.29226235043697435
0.42622995195956309
0.34964692706150990
0.36168962298171448
0.32171634099888952
0.39842184993434604
0.37202752349193552
0.45272004426940776
0.49012417324583463
0.50351759489445225
0.31832951167451107
0.41430779535360757
0.24527467366770234
0.46583135285963867
0.37758695291567262
0.46061230917826529
0.39973895982560798
0.47982288195880407
0.34820706883895353
0.61515863739038179
0.38918207571225000
0.40921102742003546
0.29697649276403587
0.46465018209053932
0.36056520828516381
0.44203081317248932
0.40915130501585806
0.52475683891491198
0.50463850981245306
0.56122690551713850
0.44873765177021835
0.61160482572448116
0.43371355556212177
0.54128726445344599
0.49702821547203752
0.50151332402970861
0.58925909382013719
0.52737935755173004
0.50588230884674201
0.70361184266216459
0.39718087725959456
0.68079563074598082
0.50645097307130049
0.49051770257911881
0.53135161827413480
0.59683094895747457
0.43290750425806596
0.60795848833290522
0.44196974840669917
0.64046159595079855
0.40568052208114064
0.58046622990742969
0.34324940132682569
0.53689604404815405
0.42128396679107977
0.51288842859738726
0.41461935898991698
0.41111000456312519
0.39340746719891762
0.35607262844068693
0.48976636885135361
0.36298946631542289
0.61781170848493350
0.34896251387476257
0.63830902015851998
0.53434820510295056
0.57027155009100650
0.39307616886622521
0.55168238860811658
0.45933511374926717
0.52877145356784927
0.44618178251419210
0.80160374297160830
0.44196918302144994
0.69139204563206380
0.35645422284106731
0.62686809476322303
0.37528615066300652
0.70763582296618732
0.31327576063237272
0.50199250218298719
0.48813691913623014
0.71125468120620972
0.46520052152035501
0.60264838150923139
0.39650508521924632
0.73030568173176691
0.45826016745282772
0.74133317019487333
0.62333403636340901
0.64524803464464597
0.48616976131092671
0.66994824336728054
0.48318347744613960
0.76114833996066311
0.47572072219074119
0.70215516928606192
0.46051717040325668
0.67276998452665360
0.62426762210020725
0.73500480167988824
0.52117157849912554
0.76626878988788449
0.61664773426757613
0.56778653457964312
0.50562025357486629
0.58160279642582591
0.48709872274632682
0.54634453592838583
0.67015721700338993
0.57975456413747062
0.66595163599719320
0.61032637775691789
0.66346187238205789
0.46787177830076887
0.63805748517053507
0.66563878793884212
0.65017349327606011
0.54353118516636278
0.70749815940875527
0.49820910387759076
0.65037537303049131
0.50143717696395163
0.70153425444880957
0.38986329610004344
0.52743583071258582
0.50042522177289062
0.45123064172817862
0.48271528151576881
0.49199925807675893
0.49814067191967892
0.51832613778490921
0.38584421089570781
0.37867687308008557
0.51964278401690878
0.40034582913341488
0.39162626235530568
0.42419657200225186
0.39385269329120443
0.36080139449762599
0.44314802309643514
0.37327337914104081
0.48022975873203427
0.44007873989433077
0.41364224332551264
0.48631494518472562
0.44791180444477746
0.36954709213022618
0.48353742151426266
0.43876144413684670
0.43641927128217894
0.46926489410155037
0.44580977780519432
0.31911210242514282
0.52723603846698186
0.36277751745724263
0.53503532616091742
0.45063874382937791
0.56868602127126189
0.48965138324896512
0.57534809559787714
0.55619174085396816
0.54617220988140669
0.48439092444791410
0.65038686050393535
0.55795881375705481
0.43775140684831826
0.49485205873679527
0.68403733305837999
0.46167609637933299
0.75767700094086421
0.63589363980392799
0.64364761832171613
0.51375210641100311
0.73038511876518541
0.47216716731643305
0.64352792879556076
0.53961371085899479
0.67361082447329590
0.50942713600064904
0.53982942577371917
0.52734535043655173
0.65942849998321806
0.44454057384670115
0.76227611494791725
0.35721758738103226
0.60170813967889702
0.33542743668359704
0.76538006958053018
0.45875489355072080
0.67608704290030830
0.44335083649344920
0.59571541819047535
0.45668967528592930
0.74058409610799869
0.51889558736397068
0.70158881173458032
0.45481594692868860
0.72451169930677162
0.35644769018900746
0.57024000639238182
0.38930591814937421
0.68022241837183051
0.39624961635257039
0.63762459035676589
0.45757707465013925
0.61310330524555434
0.38005287992750414
0.56625524366611157
0.41419324036454053
0.58901256864044116
0.31900348013066310
0.67230418013135018
0.38851497854487022
0.53828181258505614
0.36901725995822365
0.61726363129616713
0.33552944443332133
0.60783923583094068
0.40714972610201328
0.59267524604082278
0.44819903940269695
0.49267068707355932
0.42289777556382724
0.61443730495082782
0.38397877120128654
0.54073351256654945
0.44598223599272846
0.51204206692908016
0.48668756493226079
0.58201335179778679
0.44774153641426973
0.52338630233163874
0.38167177850681783
0.56414638885737700
0.36059192795249490
0.46442708328572879
0.56832561793967018
0.46640267642133038
0.55110179464359732
0.52095876069713865
0.38974081728643206
0.47388855836282040
0.47653584510968117
0.51003111409229174
0.39752034228123667
0.48060669846286536
0.50184671910326417
0.47973488199050229
0.44783073898460984
0.60791699376817632
0.51282610174765553
0.55661053370214442
0.57298449696284104
0.55546504572506916
0.40969137477905410
0.52983371101023646
0.37697288300551457
0.61838326629028240
0.58298646692501466
0.57927548259842054
0.32912444259867624
0.61285173291789263
0.36317826149595933
0.64509989025468983
0.35412420357314167
0.65240921183553124
0.45312734939127741
0.57757300406491074
0.42077144681811091
0.70110765920227192
0.48694758327805543
0.68809554004835416
0.42240582720297082
0.65298659987817032
0.54275915369302785
0.52700470379006126
0.50772789870308455
0.63944498406878414
0.50344701946036385
0.55540283683905156
0.53580680068321485
0.75431227626848574
0.50898135029514413
0.78082959443013567
0.57436408520996585
0.84525273987871063
0.61053684724289914
0.77696017690363439
0.58066085321925320
0.77455080007600052
0.52523103339344845
0.77500378714092266
0.59873939896681883
0.74980476718755307
0.61315412736920449
0.60373649433997034
0.59152575582166256
0.76270713723344308
0.63264801215938826
0.69839684282348691
0.39865467241550601
0.66700617689615127
0.63484763568726377
0.74572490297017147
0.59729369051665560
0.63158873537102878
0.53902379398087275
0.59675391160416114
0.58472468023107294
0.59745370499514472
0.48683707894599981
0.59241442600790384
0.56820898743855797
0.61411340555184346
0.48388271223590601
0.68339653721773197
0.58717185245165426
0.74068154182386980
0.45519320598737917
0.64694661775696272
0.50444804307293223
0.60969146345678549
0.48837914046963776
0.57146020303138945
0.31899224683328803
0.76172147007075364
0.32151741730209515
0.61620808581412667
0.35732461419452272
0.62694392350094363
0.28432544357578393
0.62579881278921379
0.37482928773012691
0.65579164493910103
0.43975697266524277
0.55165492274643402
0.28085595827284981
0.57616039675562991
0.31088313129092388
0.63808071902409846
0.42233352081220882
0.50757113018273203
0.35746973893572753
0.52692738197854772
0.40262613794600577
0.48977946819376950
0.42199900136076096
0.35045475668715559
0.55253855528479334
0.43792509501220489
0.46342398012341451
0.41631852513768985
0.45844035050040521
0.39933704369079326
0.51918072807513549
0.37173027244597634
0.44384698970942094
0.31544544126271745
0.57871606264753361
0.25189210508940219
0.56090242735987716
0.36044266295584843
0.52871518187975219
0.52377806397242488
0.64055540015992640
0.38348256582904133
0.54405385144475182
0.40560278477018952
0.61203732548455847
0.40397580111955167
0.53333913856911963
0.52498195191784292
0.50432731500697181
0.43393158425313405
0.61406793316145669
0.49613424692425195
0.39272063230165594
0.44070741622853771
0.44981850737046358
0.61465627562001335
0.45666569706685300
0.42515874127783920
0.44321188407128131
0.50076371346790904
0.28630181529603732
0.30361450934122425
0.45828667904719089
0.44383606206098247
0.38199537925383953
0.42502450230364230
0.38174863339829568
0.49347210474681436
0.45489158350276965
0.51162873758350469
0.44051986551260675
0.31566438375905481
0.29955077806447639
0.44005173676415599
0.38162899390374122
0.58216050777775896
0.43823370207553014
0.43867433218958474
0.45807499531240520
0.36913114752629200
0.37854448276033142
0.51740367823763911
0.29886144370097106
0.62093498734207642
0.34105838532974747
0.64123942821394231
0.42450392870326481
0.64300837990586934
0.41935992061754479
0.62561072040132537
0.43601902096351203
0.63747329988947954
0.42333372158004556
0.61382932922344502
0.44109316408849630
0.69241256382744554
0.54312901898680255
0.70160879193254511
0.52154629037812472
0.64879635578043027
0.55275420066533054
0.60922222292566786
0.44715196201842861
0.72934145721252164
0.53589756214190221
0.71905695679009440
0.49026132924286803
0.68744762199773946
0.55011381460073805
0.68764558171510981
0.46278267653671679
0.72271465687918646
0.52190934429294289
0.74306249567426874
0.60127219429324119
0.64834558300160239
0.49723614246946896
0.64710718860526428
0.55558598355169542
0.57584066087824837
0.59772226240269244
0.62175969300099343
0.32904786276318904
0.55970189578953511
0.54168436838124634
0.60163585369187589
0.40094049928207542
0.62474753268566774
0.41138505831919847
0.51758461959242474
0.31324639800571008
0.48762153352024334
0.34183388338270448
0.47425490544643067
0.42276486709522121
0.44264179879168231
0.50161224704062368
0.50596564135492783
0.36481323502872931
0.46806913129065641
0.40975699817961375
0.55270842925683150
0.39704923110079959
0.49159628479378953
0.42416973162730159
0.48710477587119072
0.64108130498144167
0.38843617054232832
0.54058170034725772
0.50726982172605817
0.61256200683687911
0.52123392144984737
0.57593156622797048
0.44563641417402011
0.59190453779321217
0.48985353915000124
0.56790888322481559
0.41283522863746580
0.58956443907139688
0.43084615772279128
0.68881784420785241
0.52030486636739370
0.65037725994009399
0.46724969032394476
0.66653537907207272
0.39190809206128285
0.61876052945854998
0.44268178432512378
0.73298439566237972
0.36642267290728847
0.57259164489020797
0.41704686109885541
0.62611752255674957
0.38840953204460343
0.59148267644116725
0.36887775307219195
0.55783667579108209
0.33013685812426691
0.56767973535950667
0.28981081878889242
0.60353912124352227
0.40868809541700729
0.48033404670659979
0.31968277238876291
0.46214400674268930
0.37322623283340445
0.49532009888241435
0.34421473742335684
0.46486938024263963
0.37488190125128801
0.47001840515582627
0.37024029616317938
0.40387976737042891
0.42081477688282320
0.48689503491408520
0.29061973734861790
0.50228595822074418
0.44357664670836439
0.39749233921163102
0.39878608666625814
0.55976969577638980
0.46037504705840959
0.42434289219444610
0.33496288237414673
0.41339272165825003
0.31805155157411674
0.56570609969418328
0.37974564704072855
0.40580993957425232
0.35880019688278569
0.55478503963565751
0.42748810342842641
0.45192362448849560
0.41579532540655129
0.48407778204843710
0.28797876416946783
0.54110604634996873
0.23938640439365994
0.48590518466849453
0.35441388843754840
0.47223868194005247
0.26154494908946629
0.37850273447482741
0.32971413473081634
0.49761296891287232
0.27410898695918501
0.46981143631569344
0.23022884399864332
0.50361227707564393
0.25454291130612000
0.45522573607110700
0.29994982644644230
0.49345993517608372
0.30651074010571744
0.42792542338346057
0.36369727491036374
0.44114931988334083
0.39022297476183754
0.49974348756190584
0.44503924951973906
0.48949721556236353
0.50669177786253639
0.50221038191336886
0.45976034694956219
0.45154922900618322
0.49511419021075809
0.50464702199899303
0.47893379357033239
0.52466999057079844
0.53021141677613837
0.56659045060636115
0.54223606081735809
0.51891939172641677
0.62829198332824954
0.59594738727188945
0.61608603007570384
0.65067681784898979
0.55951425050565173
0.67090858448680257
0.55261539923945335
0.64925197584167627
0.64817653818677801
0.64455841152501359
0.44680328304315470
0.66739044857907370
0.51113303682330480
0.57840705149446425
0.60226213713305654
0.64296506262829589
0.57436613379217427
0.53789472975006725
0.36864907459933877
0.61336800657801605
0.50778943827029543
0.44983925357063070
0.47647827961356903
0.60534942176621565
0.57983296988418664
0.52071146181619909
0.53726990884460513
0.54883448178227701
0.37669425720791555
0.55096998755492721
0.49098281600574212
0.60729391807317723
0.41332869993040161
0.44564453009308480
0.47480788091123260
0.50846361119574057
0.41216230360226763
0.53775808777998746
0.56649982760193607
0.46893796890639161
0.34453514260650575
0.49662527162940506
0.51052743352722418
0.50936871910591686
0.45990543347535257
0.46316483622334859
0.36740426728605868
0.56382130103495576
0.36967839188708768
0.44429439587752317
0.47374523359080439
0.40721068512372105
0.44057671812051891
0.42279098238834945
0.51046844010426506
0.40463884549851264
0.45462669732363947
0.37432516579255060
0.37961794402937143
0.48351511412546000
0.46604807309157559
0.44232725374555493
0.35311951512544004
0.41373859941839985
0.45017142192559245
0.44838902105613027
0.40298262771415616
0.36017728261141263
0.40496229406701506
0.40377058214325084
0.43915460157258157
0.46153040405240581
0.44423219592583529
0.33830277306752532
0.50090891034024809
0.38436405397222567
0.48827875558794265
0.28844610336059195
0.47427112354582679
0.50440598324768782
0.39486731931601143
0.37960237432089849
0.49019243354349817
0.31868267623786789
0.50998378048401050
0.40221607259683428
0.46776027498991990
0.43345094035247278
0.49661618703857985
0.54740801233149239
0.47196567867764549
0.50314751127114898
0.37758656247874289
0.39696508659001561
0.45406576863710463
0.44801850034705620
0.38358625576497385
0.40742333902128575
0.47678638682381308
0.41913193831477585
0.50687236865168717
0.60015449343405181
0.36755675390147563
