-0.80557580096488901
0.87614881989148163
-0.70520765283551567
0.85868914158940501
-0.56743951435280238
0.82887677549480399
-0.39868794024832133
0.79380969854716055
-0.20399650867651753
0.75880248055529298
0.00953022176249079
0.73041960648990556
0.23362445704350465
0.70736774206823083
0.46214522204708275
0.68886466198942442
0.68028975219404619
0.68077614426993216
0.87552160438088644
0.69002286546633540
1.04238873469875193
0.72372062278656246
1.18137749310627815
0.77885366132588962
1.29019656362300994
0.84178758378900298
1.34336870083140258
0.91271075240392463
1.27433999513456975
0.94441970842730505
1.15545315605955845
0.92837912727215288
1.01461301950532379
0.88357485970998773
0.86091354822066857
0.81643599870774386
0.70330271981958015
0.72419353566997791
0.55488099445573724
0.60422670265027845
0.40551746404522343
0.46684700104366994
0.25595249413720700
0.32157492842509972
0.10877527479964301
0.17532613003252553
-0.02837452048947894
0.03021744146918222
-0.15617706222777317
-0.11046029084686206
-0.26901340962556003
-0.24508171602837611
-0.36993936034222119
-0.36638663377887509
-0.47135359794930143
-0.45616169905923681
-0.57727852273827174
-0.49606892838865924
-0.67318064358020790
-0.46941952652705776
-0.73919879725077597
-0.38580078470932566
-0.78083685086670285
-0.26918376302472413
-0.80254746419601852
-0.13345616751277822
-0.80197612063527868
0.01252162842446085
-0.81435535986801855
0.17184979939412087
-0.83854922841304824
0.34007254382914759
-0.87352242709451067
0.51183792987599552
-0.90927106576534211
0.68116319875192877
-0.93906860411967741
0.84286820284482233
-0.95083766662236702
0.99106021345650419
-0.94805614290371409
1.12263564308849584
-0.93744439744118502
1.23541405651723046
-0.92435617492007549
1.32692344241093241
-0.91454501006111899
1.39258950847464780
-0.82686483431701285
0.80607807404816467
-0.72375522244437995
0.79035502392702406
-0.58399849520599656
0.76246342060628391
-0.41474810555065567
0.72861667370411354
-0.21963145954861438
0.69640726424664978
-0.00663162843871387
0.67031313984940677
0.21887882194530006
0.65178085943194541
0.44749365847094952
0.63857437113879045
0.66666503791474963
0.63481749293390977
0.86505216122616713
0.64711387209544768
1.03667832414471350
0.68232216514141752
1.17592515940951747
0.74383671564269949
1.27988719605185075
0.81784528320772576
1.32752115970876994
0.90252271491537450
1.27556318973342386
0.96548183008619592
1.16038310460350980
0.96861495871069891
1.02244122242187485
0.93302953129696509
0.87610930826573075
0.86682098878200853
0.72697240561372489
0.77597267013823523
0.57754869081188231
0.66024430012827118
0.42643163123205902
0.52630532568268606
0.27743208967197408
0.38218516515738643
0.13361346552238387
0.23295697372452098
-0.00167613368146829
0.08477840202973930
-0.12532994622702609
-0.06025707994705042
-0.23351899998524758
-0.19683516559235581
-0.33313073892389783
-0.31594980136901302
-0.43465658549936559
-0.40208394484595456
-0.53906857647903428
-0.43920091458257221
-0.63452534839165786
-0.41268534503728938
-0.69758302258236848
-0.32918436219900682
-0.73913033400116845
-0.21177443180988259
-0.75976018630750441
-0.07605560423079762
-0.76043554244974532
0.07072216458588508
-0.77005802723161232
0.22873831073049081
-0.78780218412044600
0.39410301745859527
-0.81460908308621294
0.56138482369298126
-0.84242254120309890
0.72515854845256100
-0.86634811710840742
0.87957361018345437
-0.87293341886014830
1.01939232112649525
-0.86264972013712937
1.14037417927831575
-0.84546345252047939
1.24148240293512258
-0.82681921845453032
1.32108240779686437
-0.81177548090412488
1.37606972328080723
-0.85939648476963093
0.70781380314590570
-0.75596952642397031
0.69424068546139850
-0.61499262234725871
0.66866978401242139
-0.44398703840832937
0.63879862241963070
-0.24983705590693764
0.61032296337433156
-0.03703668690968688
0.58991755944735269
0.18643197250152863
0.57545343835298146
0.41388182061561252
0.57022895182561406
0.63666842844083615
0.57526795232563266
0.83963240075418499
0.59329316818514377
1.01600735692110677
0.63351220370253514
1.15728533690260149
0.70193189399890743
1.25493183223066840
0.79450596223354175
1.29616282473810362
0.89913126887241857
1.25932207633455673
0.99089246427394628
1.15250220591032337
1.01536550257521796
1.01993804621570971
0.99523906885921776
0.87770279583467448
0.93812458890483286
0.73410536640394708
0.85143814508943771
0.58977354185778696
0.73934993816306971
0.44507838375950221
0.60603848467973609
0.30085043347072754
0.46194185368452823
0.16289811681883798
0.30966632851466430
0.03401303923586576
0.15739026138311479
-0.08415888665950351
0.01070911193846079
-0.19036059993636337
-0.12549155934639836
-0.29323981730762105
-0.24038803007521084
-0.39960548326241574
-0.31998997159190679
-0.50708727601686776
-0.35465634947576208
-0.60140734112357941
-0.32679787188939613
-0.65952652024892089
-0.24149598934140423
-0.69887122132001733
-0.12405373909230155
-0.72484707088305111
0.01387171028684694
-0.72988582591560924
0.16127577785374939
-0.73491741186798487
0.31741877667767737
-0.73840046847504826
0.47808773740249494
-0.75062353503936585
0.63807583528005174
-0.76416543100504253
0.79179200960097185
-0.77571254035197834
0.93492841864610354
-0.77074424531610919
1.06091262900182248
-0.74898678401272867
1.16579919268203192
-0.72179606747975089
1.24897271637631602
-0.69484278997931825
1.30978425914704477
-0.67243483773742407
1.34731606425809192
-0.88960728558441948
0.59033494552329724
-0.78798440121070057
0.57878408503355483
-0.64868389148803685
0.55681453439996509
-0.47819684523650680
0.52974338797116238
-0.28765818314684671
0.50701533230863072
-0.07937136442999808
0.49382623957771760
0.14188262626189158
0.48960190856082808
0.36886158577366102
0.49313715150466919
0.59085334475558415
0.50719393086109543
0.79632552136893164
0.53692427272190568
0.97284469896622316
0.59082851936354863
1.11350461291635972
0.67175534472985921
1.20806277333084822
0.77859069998260377
1.24635218290348893
0.89712335150762934
1.22402384932141461
1.00680722909713638
1.13589888816534113
1.06490414727590976
1.01182807870603120
1.06542242264868325
0.87502547847800327
1.02012246686202301
0.73476597728626258
0.94169096133845942
0.59521303762942712
0.83394634711186288
0.45704600798934364
0.70387905218237423
0.32338339740504640
0.55712085923138599
0.19522420744184024
0.40296905357602142
0.07248115707852348
0.24751148092191208
-0.04296407977149439
0.10010899800020388
-0.15378123452120282
-0.03244888129676370
-0.26483556805212860
-0.14108397096273190
-0.37763547049687601
-0.21617111311657061
-0.48734649578015504
-0.24926118790643403
-0.58088428639303702
-0.22109888016760249
-0.63142604729944285
-0.13592202720250798
-0.65925427213327981
-0.01951808907760070
-0.68005725730067290
0.11748274336681386
-0.68938823968732588
0.26577068017090966
-0.69579952792635802
0.42085640727383905
-0.68961901250408808
0.57667383153795171
-0.68206496917203907
0.72707010740579803
-0.67672878287666538
0.86845986833363353
-0.67014032467146989
0.99562911675627719
-0.64757311179923072
1.10308887615614504
-0.61080388986485024
1.18670276420929688
-0.57126076611778764
1.24656400397785849
-0.53594938108609202
1.28441794235672946
-0.50682745935158080
1.29980545198597808
-0.91266464956354032
0.45768908749649068
-0.81363593024456926
0.44824111811739992
-0.67711231053879606
0.42908378574215555
-0.50956883432122690
0.40700737107963403
-0.32425368708620539
0.39186395527024465
-0.12306124181724817
0.38725395632338472
0.09103594862032613
0.39378744327341930
0.31260959956039769
0.41115096152198505
0.52817589011898669
0.44068901760432561
0.72922613048571172
0.48783801457528830
0.90142108552797806
0.55742065529927676
1.03763127009625711
0.65344292628893974
1.13012219699841987
0.77361873097226663
1.17644000731272880
0.90231892242067480
1.16815309475320905
1.02583730750464319
1.10110989882592269
1.11287371362520382
0.98800417039698019
1.13754307462073245
0.85788077150178776
1.10846021775934456
0.72525552146356598
1.03844959978847906
0.59604972564010894
0.93538553959370285
0.47094584083739854
0.80726065637390876
0.34361033528017948
0.66258800838591447
0.22341829438167068
0.50735039303920881
0.10537837431015480
0.35124634433057583
-0.01451164916301178
0.20534591318508941
-0.13443558919121690
0.07772020556960375
-0.25613684199368064
-0.02468366191154333
-0.37415545881946871
-0.09726632670164957
-0.48655320213535125
-0.12995227058760300
-0.57640440278844773
-0.10377664942508991
-0.61711664770717467
-0.01924452404202135
-0.63415961917607921
0.09628595962288185
-0.64000237125542425
0.23207283865221723
-0.64196497780626327
0.37774424733840412
-0.64618189844083695
0.52917159715124518
-0.63076761440042484
0.67753883280720395
-0.60607654758313045
0.81686694864101272
-0.57890643892457194
0.94242297506115313
-0.54629405966017375
1.04903152829737767
-0.49935520360584101
1.13259581641630147
-0.44489469197964321
1.19063872000509141
-0.39367928483117304
1.22429584588267648
-0.35179446716957030
1.23727839899787995
-0.32430077897493215
1.23330512812552784
-0.92759747708988471
0.31199322840927446
-0.83006748204006253
0.30535136167074184
-0.69610682994441153
0.29036073326860101
-0.53427994663436640
0.27675702231930921
-0.35633789134333671
0.26859053701696417
-0.16238367695735667
0.27343719953697743
0.04444205313779662
0.29194596351801955
0.25540258847127212
0.32337739929821779
0.45731620069617346
0.37056841386130107
0.64531029897821901
0.43765014325456808
0.80985813558540953
0.52615885033886811
0.93972078622691713
0.63981831885857043
1.03276967190550684
0.77031641650931570
1.08284392587781908
0.90735212842134982
1.08642749142086870
1.04169373765679163
1.04064554859763425
1.15141634821681160
0.94772147965296083
1.20900463462499874
0.82653402659316921
1.19916670928054692
0.70281398835793962
1.13980793314578488
0.58462017976179226
1.04182821515123947
0.46934507255946772
0.91670268819919554
0.35297586493474475
0.77259866893299778
0.23820580907323255
0.62001743536725906
0.11935927036076326
0.46679360422094390
-0.00554124710266388
0.32429540676485386
-0.13568812665400914
0.19991464529722250
-0.26763322019671665
0.10134943218338092
-0.39086593948244097
0.02929075882369360
-0.50467772818568934
-0.00389299907896544
-0.58910724099834832
0.01824299383232499
-0.61996337761568232
0.10200846762938431
-0.62629342803832555
0.21600693738129889
-0.62378084430558189
0.34950964795715039
-0.61852635623994479
0.49102665953557295
-0.60328816178161637
0.63447542155130066
-0.56601471213787757
0.77196813172041212
-0.52018611400028503
0.89652600106885083
-0.46320305548052743
1.00090300114090414
-0.39728435899029307
1.08209097872436488
-0.32208705816735211
1.14080135125910420
-0.25143047216657116
1.17286801292523535
-0.19825959265639373
1.17925000742098574
-0.15710301739289917
1.16808225919572273
-0.13379184381278950
1.14625248208265429
-0.93296610938994129
0.15671659896477524
-0.83953334851804862
0.15264388955033309
-0.71018092859104842
0.14252749416566429
-0.55623259457281304
0.13724240877372490
-0.38845095053818546
0.13825327319006789
-0.20735558833313908
0.15336904390744791
-0.01369384194547572
0.18306022921863982
0.18552248506112221
0.23056729539643078
0.37333567155651215
0.29508113422923116
0.54802799269730640
0.38196482989294861
0.70232810767358322
0.49091980263187956
0.82439704324240559
0.61986545445906815
0.91492380985014932
0.76166030556920916
0.96677776841667429
0.91035549885741784
0.97794955763801583
1.05412102297011678
0.94758131556668179
1.17906261193075412
0.87721759031652691
1.26483903668431164
0.77184723008126410
1.28330298372729756
0.65766323077915412
1.24058450204195680
0.55226716644163321
1.14990166329517574
0.45074048348476325
1.02947653953839446
0.34606748569827706
0.88977948845844212
0.23534525484006072
0.73904773099247778
0.11384506591757750
0.58942533061174396
-0.01476389053626643
0.44923115898396959
-0.14982917273810550
0.32614855728267317
-0.28848888993379490
0.22909882184395916
-0.41579787946742836
0.15648201752950314
-0.53199120604509653
0.12155668432897761
-0.61583197452358696
0.13790501014064271
-0.63984979091977801
0.21893413901460934
-0.64055206109926144
0.33055180360228986
-0.62747499779348759
0.45917515123083918
-0.60622596045252874
0.59396256020175409
-0.56196965077214134
0.72607589637758685
-0.49224105275228475
0.84751375326036293
-0.41159324134618019
0.95099618594794066
-0.31836614515391037
1.03240977509216059
-0.22311047926992641
1.09175036363197897
-0.12377588378239654
1.12652617852058756
-0.04515223904369391
1.12918578447122875
0.00289728022117031
1.10731773852510940
0.03833867695108607
1.07317722361397494
0.05580573873431747
1.03928418871112771
-0.92534193091858674
-0.00433598765950838
-0.83754283953681929
-0.00683550213097388
-0.71621022067165130
-0.01170001675477029
-0.57291005201008871
-0.00991085205383960
-0.41609428173891666
0.00194487258687129
-0.24736359243491096
0.02853516288368680
-0.06859697260842332
0.07152071492678844
0.11457415124131304
0.13176792483507949
0.28874380497431540
0.21308580050301151
0.44706959839586508
0.31687496339926008
0.58629947741673694
0.44449356622055458
0.69997246013662939
0.58852733177449656
0.78219555421364440
0.74365035751235076
0.83165734082803999
0.90253096739013017
0.84567723097805303
1.05673510138501414
0.82703219154938767
1.19469987488725504
0.77340714962449597
1.30329933780967311
0.68713440775362078
1.35604435048975680
0.58601931216520808
1.33467298210532603
0.49262949455205352
1.25406420937489682
0.39948123001579600
1.14017788858113023
0.30041695204264701
1.00685071177127639
0.19231987019401589
0.86063206294534000
0.07422582133379102
0.71499591629897730
-0.05284061116121987
0.57674890639846998
-0.18537399993492767
0.45453614482327875
-0.31888501295662008
0.35444006776076897
-0.44572741395568422
0.28096930761881256
-0.56194696993039739
0.24242569820298387
-0.65088840394023451
0.25128945355305249
-0.66706256113630424
0.32698822360120949
-0.65740300985616684
0.43300927214615642
-0.62747296695665589
0.55221516925851089
-0.56989922146176764
0.67177376120176580
-0.48450619324487959
0.78404294084723680
-0.38183996909046308
0.88545328078704522
-0.26903446980387641
0.97183592904535931
-0.15382121305220492
1.03342312097067346
-0.04331098441744179
1.06716892670947439
0.05709450394340490
1.07165806737106895
0.13668391423567017
1.04762761833115414
0.18822333366053770
1.00444225548929555
0.22289116622554495
0.95390332574014280
0.23903523379273989
0.91072051233089679
-0.90390286400953535
-0.16947717716575339
-0.82244053700785347
-0.16995388560976668
-0.71076651667502810
-0.16924624464647206
-0.57949838971881307
-0.16077106773003438
-0.43460298791792773
-0.13943839165574010
-0.28112348351448907
-0.10217149248198426
-0.12012451062197008
-0.04709808045689914
0.04565110916398696
0.02827090571502726
0.20424280389533070
0.12531726683230154
0.34513142393141705
0.24660174108196775
0.46688525526434493
0.38946827191828870
0.56707897696367571
0.54685587281152703
0.64047059688264907
0.71575053765003516
0.68411662828499942
0.88601247724610532
0.69898628551446995
1.05035544442251494
0.68700783590903913
1.19993984976066392
0.64615365050293994
1.32510797015176984
0.57882265287483770
1.40877209073459420
0.49038164292040798
1.41747297766930536
0.40678005934594519
1.35129479863303148
0.32249798709667077
1.24556602526508553
0.22978352238413760
1.11841807318893571
0.12679505537042518
0.97797160916220904
0.01287306354618369
0.83620648762348981
-0.10750102449777367
0.70176160324074588
-0.23169577840150726
0.58095537897944260
-0.35554886161277305
0.47874133911892275
-0.47473742301917465
0.40061129414655472
-0.58552020120726167
0.35696777326076662
-0.67393482043292052
0.35263435109301994
-0.67821538394157155
0.41649929690529036
-0.63718456217348785
0.50684175517548757
-0.56243832926982018
0.60339043440180418
-0.47113603974491308
0.70328150432710379
-0.36276175959346685
0.80130962259726479
-0.24043642693123704
0.88811361974609837
-0.11108656709684268
0.95616448354603911
0.01321745002012723
0.99489209350703800
0.13037826131130947
1.00151734567936579
0.22995052602971142
0.97992174873046201
0.30764280136578026
0.93270862335758065
0.36014337860762413
0.87259518158551264
0.39569830514230464
0.81051359171912185
0.41090260273300955
0.75957922933212096
-0.87172972221709710
-0.33530457644434974
-0.79578261836368347
-0.33333234340774504
-0.69190176585337593
-0.32820505858569954
-0.57042655754675287
-0.31292751074559266
-0.43925528684477683
-0.28362718430846412
-0.30268503712674921
-0.23636370759454198
-0.15975692742683265
-0.16974093389533224
-0.01499380397993713
-0.07910128017379420
0.12186732233784632
0.03326440674238836
0.24425966452865291
0.16927737976740226
0.34894452444531615
0.32486628362731462
0.43297146877546522
0.49557077510006681
0.49534886632081010
0.67665988243805919
0.53371468684458068
0.85907126318779892
0.54869389297374449
1.03398294868152729
0.54150171850789619
1.19445601305902338
0.51137223813819455
1.33471465946446299
0.46063740056534141
1.44154755280354352
0.38606288764685465
1.48561439427543140
0.30711935051231881
1.43977566893715192
0.23154916114854934
1.34369375789909729
0.14686240861948796
1.22405967430762508
0.05321390216928855
1.09105102762172734
-0.05401610975633633
0.95280037233574599
-0.16412903632147424
0.82108395788139810
-0.27546761322320068
0.70151428976297325
-0.38447437570179671
0.59719857424560308
-0.48747180518508154
0.51370954007792313
-0.57954434596356763
0.45988590966898585
-0.64014093328929211
0.43289399734865486
-0.61047012260430233
0.46543048607999793
-0.54217539472020904
0.52691254640786589
-0.44751421946577369
0.60455365628919921
-0.34007769920537995
0.69316594346146976
-0.22060586350061734
0.77793811759069631
-0.09022104059032661
0.84917510414286168
0.04469215132727577
0.89783682125253916
0.17180688171796121
0.91069415989239200
0.28906721446806094
0.89412795988115035
0.38743472912763227
0.85180871713244588
0.46259138515578774
0.78728648481061558
0.51419236108164634
0.71473274056459735
0.54599696040936507
0.64244898846106169
0.55999585525186057
0.58568455827546628
-0.83101880374948323
-0.49860252558755175
-0.75936459048078275
-0.49410224973025385
-0.66132130579639792
-0.48546614527333831
-0.54879506914361020
-0.46459125804275592
-0.42899308645806672
-0.42823955047015788
-0.30774296878703244
-0.37231775123547695
-0.18608411026382976
-0.29245864248381065
-0.06398071358865955
-0.18747451328713116
0.05046747639897486
-0.06215829140253062
0.14847443259958387
0.08583086655330197
0.23192209755863205
0.25427518206621069
0.30001285395813920
0.43733933943680636
0.35174461763944886
0.62855944304817646
0.38586839705978448
0.82127467692186762
0.40224002755219235
1.00591458206711626
0.39956426036395848
1.17795492319323847
0.37763107720071809
1.33054342007086568
0.33873064576145290
1.45543272990043682
0.28051341824026033
1.53210928733590057
0.20468738889061205
1.51768282486856942
0.13572278839109139
1.43318714536647640
0.06111136445049278
1.32139560147600910
-0.02222517863105581
1.19404216552874187
-0.11738344611461750
1.06151755055800989
-0.21340660774137815
0.93293233223789640
-0.30618726275761637
0.81243515806069599
-0.39296618683529266
0.70447847108190398
-0.47037514633018740
0.61272222616974603
-0.52638944557090350
0.53916476479619801
-0.55097660654356651
0.47632136805460368
-0.50304791027274598
0.46338504607807263
-0.42210720384607969
0.50010808256554096
-0.31878191879392204
0.56217735411424297
-0.20328476038732024
0.63777103259815704
-0.07856843195839112
0.70938096633386671
0.05393992575907841
0.76509066374212698
0.18798315130415319
0.79519808218804944
0.31254512386040989
0.78707189568391311
0.42678199784197929
0.75054716381950015
0.52166269506732554
0.69129572028429243
0.59174752706891942
0.61371147820392091
0.63860263329951750
0.52984780537661658
0.66704489970037439
0.45265344736687024
0.67878403906026308
0.39187438090840582
-0.78639439620145291
-0.65493639409616966
-0.71714448176370071
-0.64809520041491941
-0.62375996532293165
-0.63623107382313782
-0.51801403337440222
-0.61018423546878175
-0.40791880867619451
-0.56769359783539464
-0.30021952936952789
-0.50372623991423549
-0.19857284119982135
-0.41362310802863195
-0.10300656748606186
-0.29797446715488746
-0.01483517616976325
-0.16001875588330935
0.06205065676607251
-0.00112664037932774
0.12413600221590768
0.17792605826363198
0.17509243233314686
0.37128243622305684
0.21772825913792146
0.56978711199088883
0.24743334353200347
0.77063947969885505
0.26411182514598119
0.96572890938011324
0.26518286494012017
1.14924905394111665
0.24992269696484160
1.31448794211395104
0.22002510334923808
1.45504166301719118
0.17530847547799033
1.55858457068238598
0.10857369285150484
1.58518699346003000
0.04405569299974332
1.51636625685063042
-0.01960417393800933
1.41147084203974327
-0.09010985550953184
1.29094705563485301
-0.16499191912725089
1.16150549989200247
-0.23778742308850870
1.03260945365066381
-0.30259508041901539
0.90821440604570924
-0.35510766564444868
0.78885097343404842
-0.39525832948598544
0.67440535831298176
-0.42182299086729752
0.57297205532911899
-0.42483707328885567
0.48541115266765761
-0.37673542241658103
0.43635473447349038
-0.29203425020794760
0.44189698733738564
-0.18544329714352981
0.48541453297874626
-0.06642879058818534
0.54797266736024397
0.05943495911043597
0.60632521543269979
0.18833417846745862
0.64760220446522121
0.31664527604163550
0.65827411888509468
0.43250636374944929
0.63082083673466360
0.53773190752896316
0.57775535595527483
0.62370146649260538
0.50356589507238414
0.68505488128966463
0.41676666014985381
0.72513899753301969
0.32752068847872601
0.74899074250806053
0.24712384009837446
0.75938304098020071
0.18454814027468450
-0.74024965760657491
-0.80140132305093503
-0.67157240109676208
-0.79086304755631442
-0.58183376080017246
-0.77541738016925976
-0.48143522738804645
-0.74719763826911156
-0.37820447584844635
-0.70019560376404544
-0.28147065338031169
-0.62998187941648875
-0.19811443708111667
-0.53247173774014633
-0.12829467275418685
-0.40802548655410298
-0.06709471760310307
-0.26036332564649067
-0.01228994718176626
-0.09300177354730418
0.03172303917613858
0.09479651556137454
0.06751219142374175
0.29567482717796195
0.09824934850987189
0.50326081749135276
0.12311411614813826
0.71072813709582272
0.13844088739595892
0.91389927701544604
0.14340831385422620
1.10791781075771034
0.13403099141940231
1.28511777125217952
0.11073779542848923
1.44004138920369229
0.07926035420365896
1.56172271845769228
0.03040735346309469
1.63260533302448851
-0.03040338452505200
1.59305924014734757
-0.07636402589682521
1.49789254487989631
-0.12304075834916027
1.38284365111181473
-0.16581760737350107
1.25295430041250588
-0.20391111696745193
1.11275596545024791
-0.23434791364921426
0.96758258095496086
-0.25831959064221599
0.82488700514407465
-0.27795831578047919
0.69227291640332622
-0.28665869759730411
0.57429564851274639
-0.27773082745639777
0.47133218866795878
-0.23312845525981224
0.39578837026407732
-0.15282748353205705
0.36805417177827904
-0.04872924172646936
0.38533784405887578
0.07003095816775526
0.43234378155822356
0.19243129395349695
0.47809949164738386
0.31389749634371950
0.50391325178499080
0.43177413878806870
0.49828595367371792
0.53505974725772620
0.45464932829710492
0.62363056747804091
0.38607351021448888
0.69233092834658017
0.30063939583759219
0.74110635438236339
0.20719983594804078
0.77282720523648185
0.11399973318911777
0.79244143274584122
0.03161742272492139
0.80023994270039256
-0.03213715775631643
-0.69899071384644840
-0.93252207929562025
-0.62857781385224876
-0.91961640293039404
-0.53865227864624365
-0.90162474695287953
-0.44045804945802319
-0.87126131150951669
-0.34280669263117225
-0.82270883352315827
-0.25471634685044936
-0.74859436888330255
-0.18452685177649453
-0.64562762748618008
-0.13562126208525871
-0.51542266536912118
-0.09855918285171988
-0.36121932762736092
-0.06506704185535159
-0.18712039570007538
-0.03686626957510656
0.00569111684867964
-0.01541120622935107
0.21276611623815680
0.00562806349381108
0.42516933628743342
0.02329323226243607
0.63946791486061194
0.03509023810783877
0.85128006325210559
0.04006093488270736
1.05425453290366433
0.03768205971079391
1.24251476295218377
0.02402461385482138
1.40963514606301188
0.00244322218727609
1.54925901685266632
-0.02267046355098921
1.64843185613067145
-0.05373517622752533
1.65746373496992661
-0.06601258050497370
1.56966339179660519
-0.07846596413403424
1.44911489556980722
-0.09077986339618603
1.30581756962272433
-0.10423199301126317
1.14640138180967210
-0.11898772388872357
0.98559926574664181
-0.12802832377239948
0.82945505040638012
-0.13333631999178225
0.68420076784516271
-0.13146196881338967
0.55430753368969832
-0.11489753782676827
0.43935327130540403
-0.07364241960179832
0.34486368863826788
-0.00199464333947072
0.28670806358572254
0.09406269866216772
0.27250395631829288
0.20557256074478045
0.29971683265149346
0.31854700158305710
0.33034677363090909
0.42824592211663581
0.34414700310047808
0.53190044167329320
0.32509478804743619
0.61752308325292704
0.26791610368909380
0.68455716340065653
0.18671299986065654
0.73568609961859044
0.09273649746526638
0.76915817289985522
-0.00693040827932253
0.79094942274438418
-0.10369903920338666
0.80511756030609927
-0.18698229630964719
0.80724249456105168
-0.25339682482528586
-0.66406702741123058
-1.04242162016894024
-0.59355349278502323
-1.02833281608797056
-0.50428581147213658
-1.01049743269385228
-0.40460625041161291
-0.98131071209379728
-0.30712855332685879
-0.93249542584803935
-0.22444250983103919
-0.85645213626443306
-0.16112748253835163
-0.75039792239041192
-0.12376558464749901
-0.61713870928371306
-0.10339472058262568
-0.45971141922406406
-0.08656138429384062
-0.28136182735795301
-0.07293102980812907
-0.08577704153862935
-0.06153970423176178
0.12295037508706966
-0.04739508682577859
0.33834381361123761
-0.03324694413871435
0.55731594127792239
-0.02365113322339860
0.77447748602754118
-0.01641333661127882
0.98215607837289820
-0.01029722498295450
1.17687777104408764
-0.01101183759754684
1.35075493234830168
-0.01010563811735120
1.49808219008442656
-0.00166953087123072
1.61169820432902688
0.01463477669672357
1.66518675628860668
0.02309108634722760
1.58255624356425684
0.02629473737299374
1.46068133396208211
0.02762416755438630
1.31364199450159358
0.02749630744919165
1.14926084379991233
0.02461362526510017
0.98142119816736084
0.02540478888925829
0.81681866849726958
0.02982142979477842
0.66058979847196997
0.04026775811183576
0.52222039355419292
0.06050308299131302
0.39552279142511321
0.10063152199546234
0.28776523889159372
0.15984197887442173
0.20434879450604343
0.23842631850519419
0.15730602274094849
0.33394459232163154
0.15579739690539199
0.43329499935121379
0.17266189658604306
0.52854732559133188
0.17365339383152920
0.61333799105062525
0.14374344944316411
0.67896638534786213
0.07619047785676920
0.72382660506222452
-0.01466576810835921
0.75558178248408636
-0.11649974018690935
0.77241169606363957
-0.22082971002274707
0.78372102439124891
-0.31946378414744026
0.78902003894484141
-0.40224544404121909
0.78756358793767978
-0.46649204853142395
-0.59545393191326690
-1.09303350001309751
-0.52329010302866308
-1.07731040536321587
-0.44311564410099874
-1.06906617737163057
-0.36427907742599797
-1.05986437288856394
-0.28091777992221673
-1.02361873814537341
-0.19862646623779209
-0.95016399323470335
-0.13600316052040359
-0.84364758863884959
-0.09987360263190363
-0.70959124507722171
-0.08308646860896861
-0.55071120254919859
-0.07212377274221136
-0.37076567708619784
-0.06031047565764359
-0.17383634793326055
-0.04877284347559802
0.03363412176081908
-0.03415699342517570
0.25040374929086867
-0.01764141368877607
0.47204762077116302
-0.00261638718690113
0.69185333027481843
0.01021787061955127
0.90409264260323863
0.01973779503423444
1.10371626896788499
0.02956668546414426
1.28557411878634942
0.04658126084391218
1.44314090302321252
0.07248885482804207
1.57046793535200591
0.11010185040134218
1.63953891828884335
0.13894584027691120
1.56912564415975186
0.15571341635548475
1.45059385542002195
0.16868990682436324
1.30263836660531451
0.17814942341182269
1.13624935101397950
0.18586967357142103
0.96511023165178900
0.19535829133325081
0.79477496215301779
0.20606780997441959
0.63021046136420589
0.22254887875930129
0.48158738163820147
0.24549164828654843
0.34724403679009419
0.28048065767833785
0.22634283492595178
0.32683135053155316
0.12365827474046912
0.38557834465641128
0.05043043486182269
0.45718704862360066
0.01427260550709766
0.53775375801798886
0.00813383731418660
0.61504653249433860
-0.00338640500513737
0.67927113696990571
-0.04189880701986980
0.72047231572987391
-0.11733420165211403
0.74264412439863681
-0.21432875017464220
0.75583185722008117
-0.31997654292165656
0.75310416742061370
-0.42434898246514485
0.75355896750892881
-0.52012131822068230
0.75046969077688375
-0.60071128667239415
0.74401872627381493
-0.66282975165973812
-0.55796951937487194
-1.06308999776950541
-0.48376399542868576
-1.04662491252034773
-0.39669860756760733
-1.04621579684994970
-0.31180920221693542
-1.05982996244591399
-0.24128253205372574
-1.07042294352431067
-0.17784726225301739
-1.01995262751156446
-0.11292849188774137
-0.91945858537292802
-0.06898583486895882
-0.78539686603407122
-0.04198878390471854
-0.62565025954207809
-0.02346064118840006
-0.44438541049910019
-0.00310000487726555
-0.24697535607606932
0.01879991767025761
-0.03724856768073424
0.04112005740546338
0.18215020849104080
0.06265429492233894
0.40780395069299441
0.08337034120778572
0.63189574353206068
0.09984490372833031
0.84951062279094203
0.10806448875007564
1.05333254129734488
0.12251149052156823
1.24217248120356105
0.14707185687615848
1.40726190021867614
0.18231332210488393
1.54076198394106756
0.23231705718840839
1.61963370347341118
0.27503589274636403
1.55876707122856062
0.30252658806769100
1.44276333466779816
0.32472208549738135
1.29515238283149503
0.34314480913082729
1.12909855091726841
0.35889742934039581
0.95148786999679558
0.37467709213303674
0.77383871595153197
0.39023126645896922
0.60204648128822436
0.41058677263784049
0.44384837555640505
0.43409537209779864
0.29861112595494149
0.46277127521407452
0.16663785134279452
0.49670181125373536
0.04975919023404210
0.53707708335162607
-0.04648749732574058
0.58384686755640181
-0.11465107470067186
0.63574401009845449
-0.15610257222962515
0.69088050057122408
-0.18543018919170612
0.72975087058959365
-0.23051096491454121
0.74470515807189708
-0.30911395169277772
0.74010358311357594
-0.40661348925879659
0.73109740018704028
-0.50837020846517655
0.71606182327239298
-0.60627487945868097
0.70368333390128646
-0.69659476351919158
0.69112334349904758
-0.77423628592682925
0.67830825531004302
-0.83387834794072990
-0.57137563019605375
-0.98892068925864662
-0.49356042603263567
-0.97253467261008264
-0.39923529341050579
-0.97695114312618259
-0.30366663397015037
-1.00041016777081504
-0.21760855708881302
-1.03203443962976604
-0.14536990542226774
-1.04074089572006101
-0.07987700066970774
-0.96009862739199814
-0.02180895327961546
-0.83122442021303122
0.02047771193069083
-0.67272186597368866
0.05141948356748091
-0.49168569471570150
0.08105808370648908
-0.29398399336074976
0.11417083253890806
-0.08418598285063793
0.14686222390499618
0.13614834964218628
0.17673842542973001
0.36451890797623132
0.20334960280768974
0.59412056228305099
0.22502836634471224
0.81831421424209860
0.23839257783905768
1.03040390474217847
0.25156583503590030
1.22286922300683099
0.27663314792102467
1.39166876196687617
0.31682753413352133
1.52718657900815491
0.37570477124403961
1.60749489640989784
0.42786422858342643
1.55262805982152430
0.46314317524762616
1.43670644971057082
0.49124437091424100
1.28974202907133639
0.51652283031910062
1.12256821584916411
0.53810773813826940
0.94224938590578655
0.55857465587815336
0.75802764059060901
0.57886821169597036
0.57865106418774082
0.59937658817486372
0.41012870082615066
0.62152864696248411
0.25539652817613129
0.64312269226737429
0.11231045299923352
0.66693438137477501
-0.01843554282592167
0.69139939565360342
-0.13518832566557920
0.71412088565691256
-0.23099650713644240
0.73645653868545558
-0.30324067332165733
0.76012722357209606
-0.36083326898825180
0.76718757628803758
-0.41759816070795230
0.75224873052412566
-0.49324344091301908
0.72528147957132183
-0.58069564892131731
0.69400725199997093
-0.66996324133383700
0.66099738332421087
-0.75692337023137590
0.63119763236953075
-0.84039201431057586
0.60394266445224876
-0.91137396166728102
0.58291853462638665
-0.96631295023676578
-0.60698593759281438
-0.90480837235149769
-0.52582575307242274
-0.89010810366973159
-0.42478155687861724
-0.89884775027574992
-0.32040180113211114
-0.92730989825682075
-0.21975748892830008
-0.96589411245726242
-0.12809017556614163
-0.99268256890193529
-0.04199960254982952
-0.94811610478106378
0.03368640256610121
-0.83602775425674569
0.09298604963965795
-0.68562317399812212
0.13940557721027727
-0.51043082950630658
0.18042603774667437
-0.31667895236386939
0.22520584986496225
-0.10784754514963932
0.26934579552530807
0.11157162106733140
0.30923027385655749
0.34087597875325876
0.34220778280699471
0.57217576210157606
0.36785565300017786
0.79943770831019112
0.38491457176275040
1.01527256517962883
0.39970522953585519
1.21243913627189093
0.42379873651615302
1.38398673608303402
0.46630877610445010
1.52060470526692670
0.53225009685137636
1.60020967496588629
0.59235251408666811
1.55036814314542148
0.63270769623466827
1.43539006632937660
0.66573395262243373
1.28677143624789392
0.69515752090613181
1.11749442591729453
0.71971515758848781
0.93447716440198769
0.74371959292026479
0.74628910524489456
0.76494909282656420
0.56074999024599503
0.78528117088364546
0.38325366891678275
0.80335825731543453
0.21734749629723291
0.81969111380716997
0.06306179535983727
0.83448965990895618
-0.08224652773699700
0.84596637262478014
-0.21557789076946446
0.84603385604373027
-0.33209788959576353
0.83965453207699026
-0.42938175564096759
0.82642360384512947
-0.50877298419056805
0.79683378958577711
-0.57852638728277006
0.75133024343238664
-0.64686283985917026
0.69636508667388375
-0.71948444887775820
0.63815063291975982
-0.79331880505183905
0.58314568964072655
-0.86585102116249690
0.53047521778702400
-0.93315675159086242
0.48706204446567353
-0.99458458600927113
0.45835101250187310
-1.04543335179417518
-0.65619163245995571
-0.81916035360751749
-0.57213545225194506
-0.80820473465050757
-0.46460674439158478
-0.81947006351469009
-0.35028160791973267
-0.85256644355552680
-0.23658054481970389
-0.89430265463798586
-0.12726662521433416
-0.92572794673990388
-0.01917231135615432
-0.90233968031296741
0.08187802697291939
-0.81036225460534839
0.16529256121073199
-0.67255631531307580
0.23090969298468036
-0.50429529685630747
0.28698727459026835
-0.31688950594641091
0.34419795426023564
-0.11313259926418126
0.40091746656462401
0.10256158652324207
0.45216731120667164
0.32797710754426818
0.49219782247097332
0.55771909604224890
0.52197560806982413
0.78635743484742415
0.54012590563268725
1.00487716424748275
0.55740034352108192
1.20503263268914473
0.58202315555964890
1.37847559730919711
0.62548288445642919
1.51520857167263823
0.69689834060608036
1.59271824757029612
0.76281183367543104
1.54830892727724190
0.80849452732552840
1.43529918522517419
0.84487510902791274
1.28605959757101340
0.87640912691442130
1.11425015665075677
0.90240620018634699
0.92789972279323740
0.92577158393004100
0.73618457917405955
0.94526091618387675
0.54557280938187924
0.96249569544598679
0.36267674226268792
0.97544388114601654
0.18768031857107623
0.98481903780207991
0.02127318115962045
0.98949613959291582
-0.13845364799595677
0.98452314029471732
-0.28518482856187510
0.96397030535982975
-0.41638785771682785
0.93014953771599373
-0.53055425217187657
0.88153569625433381
-0.62587896970624990
0.81697121270281814
-0.70108975209440694
0.73571750784588164
-0.75793911681931003
0.64814145910383225
-0.81242485151254229
0.56283775522643564
-0.86948300387087563
0.48453380583236583
-0.92490451243250793
0.41460450000111176
-0.97955814049599887
0.35783001983155011
-1.03146058389591389
0.32132527646611969
-1.07678021137232771
-0.71491136389147070
-0.73744816274303826
-0.62708751297922494
-0.72995007088198438
-0.51436735826585278
-0.74694169216111861
-0.39164723217739839
-0.78384131174638183
-0.26649121539419479
-0.82854497358936052
-0.13712154334560375
-0.85856185708903565
-0.00323127009147435
-0.84239509729673123
0.12151889299146038
-0.76728326239384981
0.23010039648203023
-0.64351583657337952
0.31967875974989551
-0.48491438033206086
0.39600722160953045
-0.30407261904500543
0.46683788297911449
-0.10720523617019757
0.53664235766055290
0.10269902028754098
0.59868332617844433
0.32262805725125193
0.64820127537825478
0.54938524298287084
0.68142986403877548
0.77637831320216844
0.70327946047348167
0.99529304301143773
0.72387611350934900
1.19664147684262701
0.74969575868054428
1.37276566801171152
0.79313237882821552
1.50981881733336865
0.86769474851593731
1.58599881014123145
0.93915302051352634
1.54721142401393763
0.98805044516820772
1.43500529643091546
1.02407474902633444
1.28660171559384917
1.05601568026731929
1.11453836671545048
1.08144816615747219
0.92695623785342740
1.10232470924108794
0.73280664290894282
1.11735883045066675
0.53838598160436557
1.12842420802775290
0.34972767380277231
1.13600828249236629
0.16804500837687875
1.13735612760945459
-0.00677017240771291
1.13128863728843054
-0.17512651817945613
1.11055093204112310
-0.33185548810758836
1.06925638838944215
-0.47454111385092873
1.00618563290625329
-0.59949160604113316
0.92187402090094794
-0.70257944146628903
0.81817713106581413
-0.77426522676474008
0.70052516211715909
-0.81376036167604981
0.58579278613088004
-0.84938513936796733
0.47982751405046958
-0.89110336373070420
0.38354996477700742
-0.93368210597902312
0.29862270762247123
-0.97635961776626456
0.22990591961588844
-1.01931204247256013
0.18638494668233047
-1.06084390755267166
-0.78038506465075930
-0.66772210004062627
-0.68971337667456678
-0.66648740374880444
-0.57287821420707319
-0.69126274826541401
-0.43944529600795945
-0.72646470314776490
-0.29580021198324852
-0.76128904368079409
-0.14626251851355968
-0.78464112920257190
0.00556345746856514
-0.77649402301175485
0.15427564596728952
-0.71426631477715252
0.28717753190357381
-0.60498191141893554
0.40292435454311509
-0.45677943294262130
0.50162549843090609
-0.28507603648736918
0.58965670912114099
-0.09467566035201862
0.67283445991251145
0.10710824643086979
0.74608889717929716
0.32002611252678348
0.80365246544512192
0.54104994418259056
0.84455660513079989
0.76342529086877708
0.87371775092470016
0.98079042543860617
0.90026671065619290
1.18381611512604756
0.92782689134267793
1.36125795671051852
0.97090694992929349
1.50032503438967724
1.04326901096417290
1.58081374228815674
1.11505960064655740
1.54943979978655677
1.16288111921378645
1.43857828242636621
1.19963122913062126
1.29144047671417628
1.23036981633644338
1.12111415133290060
1.25281422692096278
0.93395144217894810
1.26967543214275702
0.73920762176527555
1.27805371671886525
0.54363677086434048
1.28220205523837194
0.35094769760307076
1.28231292460734347
0.16439800488281839
1.27564202809612892
-0.01468904401427213
1.26043505776553899
-0.18590247918871497
1.22549292812627697
-0.34551884478932515
1.16428240778720049
-0.48820853018065663
1.07411375995472080
-0.60564757982863959
0.95279740575421457
-0.68790353946446003
0.80841484769904259
-0.73649427677123958
0.66680954454449504
-0.77555785847983605
0.53363788457772399
-0.81187189370560930
0.41034695885130823
-0.84741185585519563
0.29784156436947901
-0.88283110842736301
0.19912059677664984
-0.92043006750370893
0.11987723862660542
-0.96171055179933107
0.07027872456804057
-1.00427644844539321
-0.84513059154942349
-0.60813260310531403
-0.75112572518572629
-0.60969397558006888
-0.62490613475228141
-0.62962968354860005
-0.47781760836679416
-0.65928292491518747
-0.31942681953422636
-0.69067386051917412
-0.15304707999289158
-0.71035758628947854
0.01737131437551543
-0.70424867595069929
0.18341361116774452
-0.65641044918052160
0.33822675019115644
-0.56410905895421548
0.47834398122098826
-0.42912844544521994
0.60039982991724128
-0.26564130360804977
0.70776188006697327
-0.08346735068681463
0.80473131075129511
0.10967243729325332
0.88736942495546567
0.31383277702065632
0.95520344973631643
0.52730257767626565
1.00678397262122887
0.74491955039751756
1.04773128654495329
0.95964055663306691
1.08105375064257858
1.16171889463628153
1.11094657164530375
1.33910406133414361
1.15265380663887895
1.48219986402886561
1.21745138236276285
1.57027260464584328
1.28692795600329335
1.55218367544981040
1.33023195694914587
1.44477632617576135
1.36514422498202781
1.29999312584347515
1.39346473836153772
1.13424034248896421
1.41368314806849726
0.95136671169121645
1.42410143608844897
0.75925862647933917
1.42553061769187317
0.56365618311433185
1.42034986758382731
0.37082900266278745
1.41191021536282224
0.18420517341468673
1.39753250757709790
0.00571282432264093
1.37218009347232561
-0.16318321491756890
1.32236205590249312
-0.31740388544278419
1.23769730017612134
-0.44724637637602155
1.11513874099972954
-0.54399800230167106
0.96094554595829307
-0.60437109533539768
0.80215200154887534
-0.64387946941509466
0.64898154406557029
-0.68103045954241792
0.50350727935796780
-0.71556445234185784
0.36704496630163674
-0.75040811141111985
0.24187197380630349
-0.78682864054992829
0.13090670157812648
-0.82480409076074612
0.04083600868615921
-0.86651874162849296
-0.01709437621150779
-0.90946889335625258
-0.89717728336471214
-0.53872980676608806
-0.79957738744463758
-0.54218224317384256
-0.66645353095312543
-0.56207132117260283
-0.51057550934336338
-0.59106416301790876
-0.34029430456564380
-0.62065203543359637
-0.16069178386542654
-0.64156068030992841
0.02434627954504549
-0.64011854580958993
0.20687186702429752
-0.60553847635043456
0.38208881538706058
-0.52823293598494192
0.54373682420193081
-0.40579627933027596
0.69041101699575702
-0.25224597967144646
0.81654641426693642
-0.07917639400946017
0.92546161793523030
0.10489615657664726
1.01935277488509990
0.30070576772892732
1.09913850963375115
0.50655680461366914
1.16534861143476731
0.71757534660997635
1.21785248379299738
0.92762231939685336
1.25997791129476822
1.12731459584808680
1.29313935587064144
1.30588069515327554
1.33179035610234719
1.45458890667127205
1.38547819820035034
1.55189239100341414
1.44915366418502667
1.55321678000491481
1.48538068407361568
1.45477515492751963
1.51719807102909776
1.31546106928409978
1.54016520817219416
1.15493333252837527
1.55569243915306088
0.97790072821592855
1.56050679851390783
0.79094993579473449
1.55329116226757535
0.59980940521567061
1.53705317892893656
0.41043601549640174
1.51653414329360792
0.22814965107577295
1.49327232033935919
0.05318081700826859
1.45881991947486744
-0.10933050333296346
1.39461849785872349
-0.25446753776230557
1.29159012829329756
-0.37134620021134040
1.15409021674341794
-0.45403812129505144
0.99121032413778698
-0.50312387895757049
0.81923634457480765
-0.53157385382013222
0.65425337737086919
-0.56348453994691194
0.49876622025285539
-0.59622245555900633
0.35315987510520835
-0.63181568156486967
0.21820496235555512
-0.66893045486908886
0.09701625440350031
-0.70688650330810521
-0.00190724369467151
-0.74767550934508598
-0.06674915659457448
-0.79095781805009624
-0.93494821770127368
-0.45851199786364144
-0.83625723506191707
-0.46650414007296004
-0.70016703966846605
-0.49140353802633918
-0.53835987256769191
-0.52394536784005663
-0.36056415354829968
-0.55667377382851579
-0.17170176825818867
-0.58047972020491123
0.02463992770636358
-0.58573612448009704
0.22165538960727224
-0.56198711046294403
0.41357854280851375
-0.49912865715881810
0.59629788427430719
-0.39158015034180743
0.76460984594241044
-0.25003666698857469
0.90766844831316296
-0.08614477684619694
1.03035137235804308
0.09168116652538746
1.13739916677075747
0.28100153832413349
1.23043930321310668
0.47980161266002341
1.31119209846651530
0.68445143993165136
1.37719959649048063
0.88863381122612040
1.42800056834082878
1.08420544210608516
1.46582156548518694
1.26275134652055621
1.49970670181072974
1.41556293399112509
1.54095966663388340
1.52329284509541130
1.59599841715341606
1.55094347593504356
1.62395402025122126
1.46347946082849134
1.64856536462535974
1.33395285500176475
1.66465085727592998
1.18062809784895273
1.67338720746067326
1.01278349042278326
1.66860826283711083
0.83541911965179216
1.64988166196902175
0.65312907638715190
1.61727072884837098
0.47215981546123842
1.58067424439237314
0.29880546945332503
1.54734471638218696
0.13210181886127051
1.51255193935455523
-0.02517523124439246
1.44843454152812168
-0.16518680643208247
1.34361392506441524
-0.27597640414290792
1.20283639507122686
-0.35094300297161113
1.03738527050944440
-0.39129094752972599
0.86206038018154818
-0.41316478921552147
0.68928964789073754
-0.44106419499160809
0.52616990209877545
-0.47303932825254691
0.37250584017926314
-0.50834667572692283
0.22976300095272392
-0.54522262128896859
0.10083711754548791
-0.58193878440092650
-0.00611876200403298
-0.62126950777264367
-0.07647503690896620
-0.66379862002579026
-0.95555642969867804
-0.36721508069651948
-0.85691022246287352
-0.38128002146173939
-0.72113162251782925
-0.41381387738001291
-0.56017830608865016
-0.45420208638350562
-0.37924428103151953
-0.49415674501953416
-0.18554925913549877
-0.52356089440262144
0.01816705957468467
-0.53348064109628102
0.22614874735922752
-0.51504382977278851
0.43370639849282505
-0.46260849888589661
0.63247732462545092
-0.37428995054412373
0.81818774782656778
-0.25074793369177384
0.97818768061989070
-0.09636595636071249
1.11593516148052063
0.07583794622202888
1.23790712367395961
0.26025189635228119
1.34539146325988268
0.45378985666290106
1.43934306405218093
0.65282469880293692
1.51648930172823859
0.85058171224267554
1.57730052560322043
1.03995084253831371
1.62036780121624213
1.21505998557273087
1.64878149364941029
1.36861067211968424
1.67810119671741931
1.48595402080969019
1.72035805961142851
1.54138518362253762
1.73988404651003936
1.47140080042043753
1.75195630752499021
1.35473679505837019
1.75631436071281977
1.21395249564284269
1.75027694476775419
1.05897924528632736
1.72954537899811056
0.89481776099439714
1.69391219643907021
0.72630516090479402
1.64917188722331720
0.55573200965861058
1.60781609453323426
0.38886659626962305
1.57642467731731695
0.22782824666876025
1.55345123575390076
0.07459778878335271
1.50016301266070884
-0.06399056525569499
1.39890013115431411
-0.17117792316514968
1.25890638726302972
-0.23994848353509809
1.09520474633442944
-0.27523820932616744
0.92119639392302322
-0.29430771415376872
0.74592902599851685
-0.31939639228479066
0.57826894822111130
-0.35028789147416489
0.41925517903555393
-0.38548012494061068
0.27058886632849860
-0.42257516258630728
0.13603554920455507
-0.45968320608410240
0.02391908077629248
-0.49843676423597072
-0.05038590302122715
-0.53952912235197836
-0.95766935180533108
-0.26640283881585952
-0.86064595240434372
-0.28619762689161615
-0.72785386954326381
-0.32613132919144222
-0.56962811577274941
-0.37559461347114487
-0.39306446680293500
-0.42416226191904532
-0.20321759340610551
-0.46020315680455659
0.00110731969326431
-0.47197157737889378
0.21392041085836150
-0.45607276146568754
0.42949247285385911
-0.41122036218490099
0.64225773255404583
-0.33529154160015417
0.84586395678869142
-0.23046706302154402
1.02485139445910667
-0.09240201342787964
1.18049732068467561
0.06946295063662093
1.31739880524756447
0.24614034303774482
1.43823875694909065
0.43371161504334055
1.54425475319536698
0.62547745622844486
1.63428454874324536
0.81551422310508215
1.70228046065121608
0.99823239552041443
1.74758672302127227
1.16796519012467992
1.77134961080898790
1.31941259994930915
1.78782256142832541
1.44029004249562864
1.81362100052742869
1.51758545218586494
1.82475622272420934
1.47816922864728650
1.81035534145699928
1.38181767536051558
1.77988293955721555
1.26093789828182445
1.74640655800312872
1.12113171724693905
1.71477404085400731
0.96830851943998852
1.68021142768141152
0.80806529961612783
1.64478778642720558
0.64493754879600984
1.61802166902602407
0.48534793133498461
1.60076895109887585
0.32982018257272122
1.59188407703551582
0.17952445992650531
1.55558344525292047
0.04093674440193249
1.46113292335747502
-0.06486149358047141
1.32503914147396396
-0.12977736456635039
1.16576435970104142
-0.16216862175812330
0.99574664291146531
-0.18025865665145496
0.82286493139580352
-0.20251704220165320
0.65163739536273402
-0.23345303205585169
0.48858751199738204
-0.27002335062904309
0.33676138322268445
-0.30927016600911261
0.19871019715796598
-0.34763204916498580
0.08515481539211558
-0.38785994640554772
0.00934116232140124
-0.42904438985661292
-0.94058215289429747
-0.15392814027254223
-0.84617480997845274
-0.17956453976046977
-0.71881509203341321
-0.22792889989218107
-0.56905692964064425
-0.28453702823040145
-0.40041100984752170
-0.33935070826476477
-0.21340626701707982
-0.37683590461875438
-0.01050302993427012
-0.39072194419789791
0.20132232501044961
-0.37995934001665838
0.41768457937056308
-0.34136482089318249
0.63456036865099885
-0.27545670824895696
0.84755853517042867
-0.18069764080843659
1.04231291131854409
-0.05994144187746222
1.21482635054193699
0.08581765147862362
1.36863929347647240
0.24735664287098269
1.50436082354446277
0.42227835002141018
1.62279403494749719
0.60350888886658272
1.71973658563481080
0.78487164298020129
1.79133910881204872
0.95899798653118562
1.83722187918333590
1.12122792566927076
1.85357375805326319
1.26497432036664459
1.85684747967279939
1.38287799453979021
1.85255492990267578
1.46405321620005124
1.80599333943946139
1.46769806598582986
1.75767640262034597
1.40170359388840016
1.71543360954930679
1.29783892304677906
1.68198144822919571
1.17264988459166064
1.65645581101209771
1.03416724369933744
1.63947541954457665
0.88508864809495003
1.62737696185005465
0.73191439860442098
1.62511601778367587
0.57844336956954656
1.63239219177652140
0.42820453368374767
1.63668681253642823
0.28234278940052310
1.61445489240527551
0.14478548756657597
1.53064309722073189
0.03643028760527323
1.39999193475905082
-0.02683030313641384
1.24713600142514935
-0.05948153882375419
1.08356749942625297
-0.07841232604384990
0.91392464916902816
-0.09966706223026157
0.74394144485295866
-0.13081747230667309
0.58044625994598587
-0.17249215586138306
0.42940614791101983
-0.21751245032098063
0.29304029947653637
-0.26197243832682643
0.18150881261509066
-0.30793509683584358
0.11058103647889260
-0.35707493562818271
-0.90391674813303868
-0.03143728027196872
-0.81359598294750790
-0.06155738069505472
-0.69472811674631785
-0.11562574197307340
-0.55399158565455486
-0.17801620631181983
-0.39532998821030957
-0.23610832963590503
-0.21523452234586540
-0.27660654845443489
-0.01915787651083482
-0.29524867316486708
0.18549225207286912
-0.28842262921889106
0.39483988015583155
-0.25994826405365462
0.60620309616789991
-0.20723662314292945
0.81270166022489543
-0.12631952032228225
1.00361150651023756
-0.01805376621391928
1.17551991217296514
0.11583592333691484
1.33151239858292048
0.26552336906639862
1.47373133337480366
0.42530184437551793
1.60317529886714683
0.59020438613896709
1.71596370381245888
0.75619578382454322
1.80159100676731976
0.91821343830024749
1.85540146610760837
1.07265529682617311
1.87264726810699855
1.21247983066085374
1.84874659021588639
1.32762740954183767
1.79752638215196092
1.41283480685222029
1.71600017891657286
1.43700461819047076
1.65289031019777521
1.40223564009744028
1.61449990784552488
1.31691383113948324
1.58249649385823221
1.20722258673520666
1.56668225852233944
1.08141055355252402
1.57525593102007622
0.94634752886013540
1.60087997922869696
0.80606064977053060
1.63116438130989905
0.66258064966175512
1.66239368560526746
0.51696500132396495
1.68468681271399157
0.37495035444866370
1.67598905645451235
0.23895397641207014
1.60721033708076533
0.12679002176585777
1.48682253619875371
0.06007126281972714
1.34356115720706915
0.02146502228979968
1.18765789374221820
-0.00332590290571608
1.02505989464069702
-0.02810749944198698
0.86054053108136086
-0.06380897884063155
0.69945148740953711
-0.11365226410497033
0.55132454051948299
-0.17339199156274737
0.42142791745367308
-0.23402899869446506
0.31580422236467182
-0.29285678780348434
0.24831769731811545
-0.34953495978134896
-0.85387669905155461
0.09704802854229978
-0.76566350400977168
0.06520174172947775
-0.65183982235907290
0.00971430332641555
-0.52238422506671423
-0.05611000449025894
-0.37566391927292209
-0.11721789460842560
-0.20771952685663259
-0.16174076514760705
-0.02276910647238694
-0.18677641315285679
0.17039315083993503
-0.18834977536361613
0.36840206151142124
-0.16802410221507261
0.56723933115142144
-0.12480591303965702
0.76197815820676484
-0.05331660923727186
0.94289141928086728
0.04496874673677333
1.10663998969809807
0.16756296153746381
1.25663398007135330
0.30589943520567875
1.39425069346488573
0.45433733384038805
1.51939922301404495
0.60976710417608704
1.63099479852934426
0.76757991338258547
1.71868656787909435
0.92149056929101669
1.77530446915356910
1.06618395154041967
1.79155519893193760
1.19682770917520243
1.76623897581690481
1.30913955612632527
1.70262290021272777
1.38953941286856208
1.61210292277109390
1.41509978192216890
1.53286029968548854
1.39203539983262470
1.49376421326097875
1.32146519729485834
1.46417747623752814
1.22205374543543743
1.45501630766634693
1.10587429576344487
1.48078399866159427
0.98018630735255641
1.53622940901518867
0.85237764089903167
1.60437763697315905
0.72307206147251191
1.67424198874755725
0.58985997823368863
1.72451116283171535
0.45268466116745465
1.73638734741687539
0.31646137990619044
1.68670892450952792
0.19888918839126296
1.58415030051999106
0.11784559537314750
1.45258469781229338
0.06760188718166861
1.30596549416115826
0.03073772606847553
1.15083100065620703
-0.00507155603782907
0.99248100443615106
-0.04987256144369144
0.83743869724685482
-0.10608410984134707
0.69141320082125179
-0.17518232677577267
0.56379317539869167
-0.24864290186205870
0.46204953858777242
-0.31905545715152478
0.39769806461481544
-0.38410427181902973
-0.79035503761100001
0.23116060977998545
-0.70260500058726871
0.19665908060512113
-0.59289743349118218
0.14224568197670925
-0.47319306782895643
0.07729742356614799
-0.34143753942410743
0.01431669153540572
-0.18988383458330299
-0.03449749501826442
-0.02027584667605249
-0.06535947865449743
0.15979165257592307
-0.07577712628775175
0.34338671070529314
-0.06272157557599412
0.52684504032652246
-0.02532943069781591
0.70529698909978611
0.04070989021564339
0.87257591188720618
0.13340075393594478
1.02469872792153072
0.24661399040580748
1.16448812911753197
0.37376357888472506
1.29424776636544281
0.51033843693303627
1.41320328409243112
0.65551778556003870
1.51997647043461170
0.80358504097338690
1.60714004282850742
0.95139092761772559
1.66546224817635391
1.09023315500228857
1.68478355334701635
1.21577784260771127
1.65832151927514437
1.31972709278084377
1.58753378142412216
1.38639765241913637
1.49098823178480955
1.39627161170291081
1.40581749072156925
1.37619939927527657
1.36425066429992192
1.31600308294201462
1.33726635371052494
1.22137884001929775
1.33149015966036832
1.10850618410546842
1.36963838323428400
0.98823236649435275
1.44317041013880343
0.86806780841753661
1.53143457621610168
0.74879020955553255
1.62571276096387951
0.63045620860697382
1.72078568610611016
0.50736817844785975
1.77733225316582533
0.37196823823148178
1.76100554837676770
0.24429319005344299
1.68435103087301585
0.14370118254371059
1.57045386584697444
0.06876224063138361
1.43129750321157689
0.01708728040984561
1.28237449131562742
-0.03036210020643008
1.12961928605438522
-0.08323336701573916
0.97825817907047197
-0.14382117370037711
0.83683601655140871
-0.21493232893245312
0.71057193979170130
-0.29415415145699852
0.61066015764816850
-0.37078737935424316
0.54958862415673881
-0.43978331443889640
-0.71439227585271015
0.36984424610533706
-0.62573068210285254
0.33343468063701570
-0.52063268460009571
0.28029378346165312
-0.40779005603332197
0.21730405940374209
-0.28911601132550685
0.15356740074477396
-0.15622828178884160
0.10071268615199230
-0.00522456361880887
0.06358199598144856
0.15665909676238957
0.04737848759956462
0.32174405385499188
0.05625944734360235
0.48650421022515372
0.09113840775777617
0.64502029496924351
0.15586609144601057
0.79520806111907572
0.24302974293322435
0.93304694689210632
0.34992411410896906
1.06130493028872608
0.46949438386825321
1.18244693536610423
0.59846761776209512
1.29640487911117619
0.73575416721675335
1.40050553769755970
0.87668631045375545
1.48651695588306798
1.01742768001763495
1.54761338238324009
1.14909621839973219
1.56980408507561919
1.26663293537893473
1.53911909456643659
1.35572421445083635
1.46100424459066791
1.39737630119230061
1.36451096261422333
1.39172996279989247
1.27969584364137434
1.36549310197417562
1.23688028850903842
1.30570418622856432
1.20947789939085260
1.21019592928117259
1.20967157535029157
1.09418554004618329
1.25887966227909098
0.97389386899861241
1.34320488592463971
0.85475329997371441
1.44300256384521663
0.74038612249338531
1.55319619932833963
0.62997318536576641
1.67004529035530469
0.51714797271792690
1.77237429688788484
0.39524268474880370
1.81647020828628469
0.26068352792600175
1.77614272101742032
0.13432272506089735
1.67809932150016761
0.04009730812184600
1.55130715940411723
-0.03051979269486665
1.40852805009097026
-0.08931558480385762
1.26132659526013446
-0.14812474525638644
1.11621696024388539
-0.21347343023959456
0.97975559340931662
-0.28539632296189316
0.85791807618553373
-0.36421864037980589
0.75935997463087590
-0.44430769106373241
0.70036860224423514
-0.51527100897025124
-0.62866914881919778
0.51440957819459787
-0.54203664500971604
0.47771702053003778
-0.43802778004028781
0.42372228131226963
-0.32924368058981190
0.36131340524205025
-0.21837106651969918
0.29708598999911512
-0.10400500287497340
0.24089972129491724
0.02188294214606240
0.20086827092409121
0.16003603360606267
0.18155241972765285
0.30340414427001511
0.18832033311391869
0.44465794795687047
0.22481955601320344
0.58041020712124669
0.29013151870229748
0.71225555410669472
0.37694801070943262
0.83625276434029172
0.47863899599509913
0.95293102585400558
0.59397612662604160
1.06639738568929565
0.71892915739388918
1.17562269609926040
0.85059311614848365
1.27807991932806386
0.98307373952287225
1.36400816115394297
1.11475728698374899
1.42724331247989134
1.23904180235968941
1.45431803921502856
1.34476252293811149
1.41493055869039552
1.41025238464872360
1.33458538357610768
1.42329143889808618
1.24194230686271845
1.40587936167681438
1.16019276806430316
1.36546487129784122
1.11262545096113130
1.29573097311878960
1.08931006565609190
1.19415487776316676
1.09473930457116864
1.07142348260738296
1.15120660212017212
0.94633979806338386
1.24353308370867244
0.82527063150234092
1.35495221015129785
0.70887482755719256
1.47773935879551055
0.59736390586760668
1.60766989318659359
0.48671619400381355
1.73315558843912698
0.36822216126181584
1.82337967803927636
0.23830620309399184
1.83816914416497501
0.10365495513724926
1.77056717159027444
-0.00979303052415696
1.65759633919049221
-0.09616790912068503
1.52505073500182431
-0.16722205563609319
1.38524591606152980
-0.23399373302799614
1.24692094863167258
-0.30416578832657148
1.11632547625753320
-0.37897827028659836
0.99964948480053839
-0.45667660256697029
0.90632038241481061
-0.53557308983098517
0.85049410008959092
-0.60589100768904380
-0.54079661597309281
0.65999868266677064
-0.45576957391128442
0.62425701690764523
-0.35215709314838967
0.57063586373209019
-0.24480807366240173
0.50831383153801402
-0.13790374794856969
0.44423384357149931
-0.03431896030163020
0.38446435354184516
0.06372362529207777
0.34095614333628521
0.16700181902849190
0.32413553473342882
0.28177443702245558
0.33341099349665010
0.39619209802365007
0.37518725471124720
0.50949799949343821
0.44411047877831333
0.62382361696227384
0.53133082211482374
0.73554344472479727
0.63154786000379659
0.84333891183031828
0.74373336889017994
0.95050563940234667
0.86526014241358873
1.05761240188168970
0.99082535216716661
1.15923230000355693
1.11677456293324795
1.24712646426599783
1.24041339527100503
1.31334655634669062
1.35496712954014153
1.34755419524127729
1.45046277493890829
1.30109161665404849
1.49086933349199957
1.22004944360652590
1.47614497510095966
1.12948135910252301
1.44368051644214779
1.05425734222434375
1.39229524870386068
1.00804983635845691
1.30655049567627923
0.98266189969859152
1.18714019874623222
0.99253909497120540
1.05205935776673432
1.05097788135315717
0.91662904043949844
1.14968931171423216
0.79045463827085216
1.27283567125729569
0.66863633940911060
1.40828295435353690
0.55417786883114728
1.55129663657571681
0.44142712520733657
1.69156849738456150
0.32345013663172040
1.80640827984055008
0.19560685748322523
1.86428858359698690
0.05928928285406716
1.83789024004958135
-0.06944609880821241
1.74635319161219060
-0.17087675547704237
1.62524655944985708
-0.25304063390116505
1.49543163588690620
-0.32930953569455745
1.36526761890293269
-0.40521603917260890
1.24087633218936544
-0.48224149874424133
1.13038575145419640
-0.56113506017211212
1.04154381394923345
-0.63862441460898212
0.98943791289238114
-0.70823278700917081
-0.45897467017659804
0.80577604201798048
-0.37557111402091026
0.76941649970894432
-0.27266634708102244
0.71857647575331640
-0.16760521269225281
0.65755434165392468
-0.06579519784726248
0.59569478888751293
0.02716791644927985
0.53616349445067690
0.10528654885385171
0.48825990124767343
0.16980239214718559
0.47061944003385597
0.25016925092490166
0.49137754618589818
0.33906657461939937
0.54001562043323470
0.43273095719669841
0.61317015931424490
0.53359637068264665
0.70159977281540042
0.63355895354028591
0.80190790535809997
0.73502906188935313
0.91207835406703852
0.83772376279331118
1.03004195195653492
0.94333846281869493
1.14968768459595450
1.04523900684871007
1.26822626413340545
1.13485580775917838
1.38215424471798043
1.20565705731383077
1.48837315031868789
1.24708655709066329
1.57328020344281971
1.19734556526585512
1.58607529301936290
1.11593600927387415
1.54619009140117591
1.02959470018666743
1.49983542540226988
0.96175103389756844
1.43655907083484946
0.91514793358313218
1.33165826487273375
0.89101254863349144
1.19824496432152139
0.90346489341534253
1.04880378572375887
0.96644440968839773
0.90072227403375915
1.07246176386397440
0.76265411265523186
1.20391168524009151
0.63216619947132813
1.35179113132525686
0.51162315926258040
1.50470419466573313
0.39285221594244313
1.65559937339921914
0.27373177647166447
1.78619176570065452
0.14635827577368438
1.86939431101236808
0.00795505289488420
1.88148298958504112
-0.13120616903724383
1.81616972532979171
-0.24777563529629051
1.71013862134499317
-0.34243195918212666
1.58806526386606173
-0.42646830870291097
1.46511399666431075
-0.50619439083384277
1.34725962856666492
-0.58597076415471894
1.24236663904308009
-0.66596613476795785
1.15855253283940085
-0.74304808675054201
1.10896256249586944
-0.81127982424711997
-0.39989911120662891
0.95149289926087555
-0.31931264233645368
0.91700911100996962
-0.22142216089716071
0.86806107043678615
-0.11845444569032225
0.81092806481566504
-0.02072617570891725
0.75228978598634444
0.05917619291021872
0.69737880620511661
0.11728307618412981
0.65077148860751144
0.15086876387414530
0.62970429630323588
0.20327952381226874
0.65879942557926940
0.27291141920024869
0.71266730494398944
0.35081212303649767
0.78931006310248208
0.44016321960001353
0.88248295708708657
0.53328001304397177
0.98390238977687494
0.63066063844725673
1.09331850688513055
0.73165044465766715
1.20618948520956071
0.83397140765169653
1.31933974550969468
0.93451484988453304
1.42946664311570681
1.02740735797843152
1.53410267865408745
1.10349849844044123
1.62733549452431170
1.15230652868658745
1.70034881278551997
1.10983291859993494
1.69178560813940182
1.03638591428491678
1.64490957004213589
0.95969327818801631
1.59326733435792356
0.89778219627585010
1.51503002177508006
0.85099861242836528
1.39517067423176533
0.82360091406879443
1.24575807064143418
0.83365913977500572
1.08098517856956633
0.89651424532130097
0.91577556256274217
1.00639476215063328
0.76184852035456863
1.14899388569161487
0.61765290047594956
1.30773324038501393
0.48360985410590912
1.47279229726573835
0.35613150226223983
1.63068790731081648
0.22968315782074855
1.76907468460873107
0.09726762262275215
1.86899571915503948
-0.04381518628201016
1.90482125401298696
-0.18931119480826875
1.86572407826378583
-0.32083725784680256
1.77572762270906725
-0.42770691608973782
1.66457638240728079
-0.52109268731718139
1.54542006476797789
-0.60519719108390513
1.43173338733832578
-0.68691093392942804
1.33127612770951553
-0.76834340593730122
1.25225498058072415
-0.84586288283683653
1.20646724805947247
-0.91404454115310829
-0.39320595785868745
1.09920796553201661
-0.31593971509597352
1.06569882389706705
-0.22441611020865221
1.02107689489825493
-0.12105686982676239
0.96774364999074280
-0.03086800139417152
0.91549584967491204
0.03661534487241914
0.86791648122675757
0.08419655340352369
0.82304883101721027
0.10427097587863587
0.80234535088413361
0.14107265526557788
0.83618629300603020
0.19907783973777143
0.88603630782477671
0.26688637188923303
0.96781026024693129
0.34784378158372475
1.06980647606384105
0.43742786602263145
1.17303927774116978
0.53211589431459649
1.27989158205490905
0.63024167421112165
1.38750729119187732
0.73036176234923156
1.49324948517655787
0.83052991268809506
1.59437455955890450
0.92472333313346433
1.68711938922765348
1.00475669855680638
1.76646908896554500
1.06172767738580909
1.82686453658740811
1.03564526635882559
1.80228069878754993
0.97560427155324225
1.75538393179767072
0.91232651556824618
1.70171521495911460
0.86323118127951415
1.61507720793222576
0.82692076754461241
1.48762054277316436
0.80539679702898015
1.33142873920787763
0.82170222731094611
1.15950737406277371
0.88664840913185827
0.98700382284212651
0.99386791675630848
0.82155501766972749
1.13351111639881652
0.66388467992536127
1.28923440752060592
0.51352523751336587
1.44915726897066421
0.36290234551394984
1.60917259710841765
0.21468830391729807
1.75254721755197207
0.06637496865329912
1.85855813076893339
-0.08500083479081173
1.90566934708081037
-0.23842495187408011
1.88492480562791509
-0.38159110137214886
1.80919731189348276
-0.50185789973151607
1.70779828583044724
-0.60493419404554627
1.59820187929805346
-0.69791598544933797
1.48886323641220275
-0.78402861585177364
1.39316723554705191
-0.86799379521653974
1.31857954706992286
-0.94709980452169251
1.27636566662155904
-1.01526407565622145
-0.42251584925875219
1.23782235233451621
-0.35444902855738325
1.20619320438961752
-0.27263760707644552
1.16853948550527975
-0.16921109397707015
1.12107554200665160
-0.08749489663262483
1.07671826791153435
-0.02282183956307654
1.03598619495323518
0.02522409940893744
0.99532757925562221
0.04385626839684036
0.97870934656686692
0.07264726050788881
1.01710519780927888
0.12260542494442656
1.07879409664839687
0.18444678970511505
1.16710479663087452
0.26008677806062064
1.26303436262426017
0.34595272296372720
1.36423350049801906
0.43847666560833681
1.46531717536058381
0.53547648886661903
1.56775775144083895
0.63456070075422555
1.66530138324411170
0.73236843414205777
1.75384001838705150
0.82433085008609974
1.83357270557088414
0.90680961037830932
1.89928399852939700
0.97039630106446140
1.94572913925977686
0.97545103801130906
1.92042006670031884
0.93397202344111196
1.87538300054348639
0.88837639427337400
1.81734005474546900
0.85388967503740820
1.72262326512715358
0.82854528240889869
1.58955897229884036
0.81987881309513910
1.42832841910484154
0.84396068896834364
1.25370011516430546
0.91485188919277516
1.07781646153681332
1.02485959432267704
0.90575574557691774
1.16168769497105928
0.73897798248605662
1.31174860596014309
0.57479023730619294
1.46425050061331730
0.40972594806794693
1.61194238298104886
0.24354364873694057
1.73844890430021071
0.07203010010493545
1.83411507792681538
-0.09987688794949054
1.87832177634037545
-0.26707686922328921
1.86290010815274787
-0.42320554048193648
1.79638431182555913
-0.55727394646659212
1.70452377478128070
-0.67369234384758236
1.60106070590144278
-0.77658911239861106
1.49646481813389487
-0.86928108814495686
1.40396654245021679
-0.95698718017566875
1.33349914928620628
-1.03978460222394675
1.29641225198650867
-1.10963219100812505
-0.48424644081068635
1.36333807114857430
-0.40831381493666496
1.33432901104798773
-0.32872366709977402
1.30377119346217896
-0.25365003485362769
1.26749923401055131
-0.17439029278215057
1.23111262625772322
-0.11395350002685123
1.20287633167696062
-0.05199260772378926
1.16285828300133387
-0.03197738033907354
1.15844468205749651
-0.00446005567703098
1.20116876234367842
0.03997278146329632
1.26627266205530531
0.09938429465683293
1.35851650412943759
0.17480923528177256
1.45339401246370326
0.25768101788760678
1.54700957119562665
0.34926309779895842
1.64088209756651593
0.44640009658133029
1.73903165699653428
0.54378763775550665
1.82487860050205986
0.63926469124847762
1.89899004351709988
0.73035831407640783
1.96549624059347905
0.81387437189837786
2.01965849920318652
0.88421034698021383
2.05735873485099363
0.92101711969220701
2.04311490771205140
0.90510763739023847
2.00022873369898546
0.87765557472376377
1.93215691838780557
0.86137674858920410
1.82879067327769596
0.85116338825365667
1.69213345819753358
0.85710018251756348
1.53100806751379337
0.89449005267269355
1.35695377608124290
0.96989231392641617
1.17841372367026898
1.07879873886318900
1.00143114416822887
1.21052095736921816
0.82486158203652749
1.35288144782310260
0.64824787862829214
1.49573378476077323
0.47128845735031344
1.62887249455037808
0.29018537012128848
1.73714944655369585
0.10272525575083301
1.80931391358505000
-0.08555754646309194
1.83516511899651835
-0.26689425494393043
1.81261855132885619
-0.43537653948233629
1.75042828685191920
-0.58592203952916799
1.65848646408196565
-0.71431069502851086
1.54891975923652936
-0.82168215515133336
1.43912279524470121
-0.91765397413579697
1.34354738785728611
-1.00885520036956655
1.27361558456978941
-1.09609897807773038
1.24076274027848021
-1.17028186002605294
-0.55720450591698212
1.47052720758682076
-0.49216059326263745
1.44768313197249987
-0.42992981560776833
1.42921770794087521
-0.34524656653842989
1.39623291077966738
-0.27508209602982175
1.37324414115174909
-0.21736329915487201
1.35897322504230056
-0.15220666240449660
1.32753557141480161
-0.11932364125733405
1.33467933338633782
-0.09029685136328819
1.38120951214432730
-0.04567804389707900
1.44753933878284191
0.01405008769228482
1.53554358610150521
0.08956105851151808
1.62713442269177855
0.17409298656976108
1.71769079026623017
0.26500243835484288
1.80410914938499611
0.35938718429707439
1.88797370269354658
0.45611512169386986
1.96367211703460298
0.55255540539089287
2.02980079613059949
0.64548493381944350
2.08769683789819815
0.73198483678592507
2.13280634871645436
0.80854716919234570
2.15913048859295920
0.86808069370911733
2.16483769381597346
0.88282339697387979
2.11683517087830442
0.88000775677464727
2.03908578508842098
0.88395262605000391
1.93009032623699994
0.88990849783186643
1.79118277686114613
0.91258793770192759
1.63227938661782024
0.96150142087025281
1.45990502512239839
1.04210400540889592
1.28064889330040210
1.14913183146933040
1.09843257667391336
1.27433158348839837
0.91323471102931975
1.40790605108486711
0.72613710702712031
1.53896283273408496
0.53596881889698311
1.65553143690506555
0.34131830883536790
1.74209543910535136
0.14087167966162320
1.79024873789812355
-0.05990412846782784
1.79325459840729651
-0.25216451223090691
1.75473147629792359
-0.42948184125163369
1.68495118849035119
-0.58911631505824413
1.59287920069617428
-0.73045026077903019
1.48625868696938523
-0.85208216356476041
1.37039459836558364
-0.95296524121661275
1.26781173691107418
-1.04589354164038317
1.19690039705415363
-1.13563068986863924
1.16607359283342427
-1.21257432600029902
-0.64098079776197481
1.56259053750974730
-0.59065653819269071
1.55217212582734265
-0.52201947336154209
1.53388831324212704
-0.44415747442931153
1.51218055092506565
-0.37483847347440330
1.49986867255774881
-0.32190039474492665
1.50328700400582793
-0.26049883647922389
1.48950442981761944
-0.21333265522946049
1.50692862795820370
-0.17600211801745735
1.55896176589859792
-0.12652418197848939
1.62555951636021945
-0.06383056968123564
1.70529107664335822
0.01229103928903107
1.78692231957817205
0.09632024979833433
1.87016127535983001
0.18689173316829422
1.94837108463850739
0.28153768892539627
2.02317831424386574
0.37895120637989882
2.09097972975736734
0.47683995829151521
2.15053587558677473
0.57228056559764684
2.20154741332851378
0.66272403660429124
2.24025175611239646
0.74517584388450675
2.25264550820305320
0.81899527684031193
2.26502173755439618
0.86729952559160517
2.22257476633205808
0.88798612247840347
2.13507373991825933
0.91472305991103231
2.02327665776976406
0.94205762300055684
1.88545187702120498
0.98075469487655287
1.72752075409292050
1.04106769876966787
1.55709812015748583
1.12489772051135417
1.37703406647661852
1.23072131345599134
1.19081737203600757
1.34865938682532449
0.99970869953622821
1.47262510014120629
0.80297103884252874
1.59059910986769615
0.60130753488521693
1.68956433223015723
0.39385023537991404
1.75324826040750015
0.18101387061688298
1.77592286776174246
-0.03031485260805807
1.75422880306437401
-0.23008644159267627
1.69881783781493545
-0.41484405787621581
1.62037063465130937
-0.58390997583354753
1.52513163992382439
-0.73618429564209242
1.41785075605137045
-0.86978286113419601
1.30265685796966846
-0.98232873254035602
1.19308593671898988
-1.07670075624581374
1.11978336199886797
-1.16883082044679631
1.09104416634286716
-1.24910824125574238
-0.72620144959227650
1.64576518182321374
-0.67654230910566560
1.63803903614091562
-0.60720719392015310
1.62057715403253866
-0.53809859002363292
1.61428305853871823
-0.47264872179524248
1.61567261144901120
-0.41511019998496090
1.62871823910286384
-0.35219106972588143
1.63147276675584862
-0.30022126185960141
1.66438495702677813
-0.25389094520788119
1.72151977514354537
-0.19775046172394595
1.78590524449237198
-0.13157050996022140
1.85606052261220089
-0.05523755119145099
1.92717627673002223
0.02871894539928947
2.00400704757798609
0.11962784797664885
2.07564129878231007
0.21516583668646283
2.14345444084971160
0.31390882055080138
2.20515543844286777
0.41384824091087474
2.25960697360573093
0.51267277932260258
2.30589303449230654
0.60844496087666777
2.34059590200093970
0.69896353393007671
2.34836239708432837
0.78568864655086468
2.35535218206852415
0.86007254942370570
2.31525288116095851
0.91266722344059015
2.22821084490329113
0.95341356610544159
2.10947787789938790
0.99985240098750827
1.97134307561540223
1.05397279475133909
1.81470187213339451
1.12483170674743094
1.64459885201989153
1.21409628516428025
1.46222691694741291
1.31795818883035221
1.27131489106040885
1.43000120504675077
1.07303638319448824
1.54500073065245802
0.87016288672359254
1.64779581749523651
0.65952481648406402
1.72245794229141769
0.43933911630556238
1.76178383533817584
0.21693505715895842
1.76063717481432236
-0.00206001678325032
1.71774705655153226
-0.20864547386294013
1.64916796653913478
-0.40089430187286001
1.56267744342973680
-0.57864409554876350
1.46287233660391780
-0.74104833399385406
1.35379078177775281
-0.88511526594752088
1.24138369722028896
-1.00948866862201725
1.13130733808790063
-1.11105318143713316
1.05505879121519919
-1.20596639370999892
1.02892658545143223
-1.28834171487011617
-0.80192624114090238
1.71970796297596484
-0.75022866132491206
1.70919027369911047
-0.68226226704330739
1.69430953510184046
-0.61553300024616464
1.69703357093047913
-0.55099541761600934
1.70880454034608187
-0.49126053455628249
1.73104146243009338
-0.42627013117357054
1.74758738669776270
-0.37316680021196491
1.79465113541719767
-0.31943748798722321
1.85339536263143989
-0.25810108348033300
1.91653066592211463
-0.18818978886337712
1.98102968295471626
-0.11021219687481928
2.04838507191523833
-0.02545759285285115
2.11741277621752255
0.06606788732818446
2.18346162016931755
0.16269899019179279
2.24587560359974248
0.26304572048691943
2.30300906447209863
0.36544802547812238
2.35383136936833726
0.46827825981484267
2.39721894554850756
0.57047316513963975
2.42995790355460395
0.67122539584591023
2.44179358678355607
0.76976028412264874
2.43882703639551623
0.86030081503043254
2.39366411941675938
0.93430324284257660
2.30521047550019365
0.99548993560885424
2.18525146452598529
1.05613637903248714
2.04471045925083805
1.12424162220461099
1.88825573899311716
1.20420282925798694
1.71808324702088622
1.29637808178815006
1.53435769023601698
1.39919261168695286
1.33827631008218573
1.50719891967761987
1.13322232442675674
1.61200060265582779
0.92060107834384208
1.69939757147940096
0.70060150429923884
1.75591052080270571
0.47474470084724735
1.77043230419710351
0.24598036605700527
1.74573399812353158
0.02053546534947283
1.68932362316406359
-0.19264077491526244
1.61176320192449318
-0.39403514803953138
1.51860171202128358
-0.58136326492108159
1.41381696930389711
-0.75170223245437129
1.30344201096875056
-0.90382945608765053
1.19544173831332223
-1.03848154227888734
1.09913542929408825
-1.15563859913577516
1.02649779669378027
-1.25659996454032408
0.99943011132060255
-1.34107331680614594
-0.85664271926911129
1.77530091957525760
-0.80662140377983682
1.76789635530538924
-0.73990421188276334
1.75441928999252839
-0.67337423700908061
1.76045187552994298
-0.60858417904287432
1.77809928336948198
-0.54614209523174662
1.80489745741840779
-0.47989626750384506
1.83122716600564406
-0.42617899765548450
1.88765847685843480
-0.36760737113660136
1.94799001337015398
-0.30189530517298147
2.01009124981783360
-0.22893338570495020
2.07415540315953706
-0.14889700190069063
2.13849549286539853
-0.06255533550093746
2.20269414639388383
0.03000044722700513
2.26476126408097311
0.12778578585860548
2.32352241487839661
0.22967069784933258
2.37766519620935890
0.33437763863502584
2.42627162394004658
0.44083050275971131
2.46808793169225460
0.54855473433605018
2.49981605610085200
0.65729350554569210
2.51385991249158547
0.76535145812497629
2.50500494694096032
0.86424106891892594
2.45177947456805079
0.94986994405372693
2.35984546333163925
1.02700788544304156
2.24022801862192944
1.10104901785705533
2.09931727142103508
1.17909424732619206
1.94218228578450747
1.26565231386301935
1.77126845340741057
1.36112902450047080
1.58650631287686528
1.46335192990361995
1.38614004424510373
1.56687395825983367
1.17548823039811112
1.66389689909341110
0.95568922705682924
1.74149475063190673
0.72799410607381476
1.78535450401686036
0.49433913486979952
1.78626554945455585
0.25777338581717057
1.74539679523885427
0.02400558545424337
1.68001320078993088
-0.19973494805889486
1.59569867244949726
-0.40760481803575976
1.49649564963864523
-0.59962078571590016
1.38607081972567303
-0.77272892625173883
1.27405854499248528
-0.92875946254222630
1.17068181886240064
-1.06956320983585140
1.08469129187208346
-1.19479392814973773
1.02568676730792840
-1.30418656949790845
1.00785009127541336
-1.38997393452081663
