0.55377723846544891
0.50440701718044967
0.49145443858163451
0.58878620245170721
0.51230295139502213
0.54139564909360038
0.57668380420773357
0.49729484121576878
0.63428795404868266
0.52819350265937004
0.56855993870433386
0.59061389698191535
0.65712757831497559
0.60156052309888197
0.55198270698875762
0.54499753967793252
0.62672380222009383
0.56809267791776108
0.51735042915892504
0.62004755333165529
0.50377690000557895
0.61603713526379711
0.55687150721221135
0.52937189184231837
0.55132777707970393
0.58003076822571842
0.60902815513576392
0.50415680747907632
0.55166728523589581
0.58757617946450369
0.60839748272292327
0.53115524512172352
0.54160964990191873
0.58991082900235514
0.48636088644408926
0.53892505239946231
0.56992182353333842
0.65829613598169545
0.47897810295340881
0.57765309462200121
0.53838168074064263
0.48282408731672466
0.60537340933048134
0.54067240576839581
0.53885856363702489
0.54421095708519462
0.60975898782980531
0.61006230127194871
0.51462546015359822
0.66421294444838019
0.46609875818166213
0.56843837864409175
0.63834120910609060
0.61460890817513048
0.65425340722803571
0.55357207282672660
0.52340136941051296
0.53984322436550469
0.52775558618435248
0.51639236016355061
0.60538729657536616
0.56140366025786137
0.58436427398461432
0.57897818132386691
0.56118496094379144
0.48837691366786673
0.53789525984867548
0.51209313796578715
0.58670505476261348
0.55919314411646481
0.45473873618202598
0.65204754173066160
0.59458902516906875
0.66484983174371259
0.51053450907683995
0.64781201874184513
0.64672722848797382
0.58538515512960954
0.48824329909033143
0.61436560662404049
0.56901221305751593
0.54748518507697630
0.59293067554760248
0.60112254075644234
0.59747946591739276
0.64514127634112517
0.56592843802171666
0.64557383022567261
0.61241136111999717
0.67031479301612529
0.51561572887843088
0.59582152503068553
0.49638307240287705
0.63759908482617877
0.50721267575993079
0.58227210942093410
0.55325981231831400
0.53511316620754334
0.48879519861438792
0.65296017570069720
0.51845536114023560
0.55848895013517053
0.54908713552548882
0.57217334051486490
0.54162707362152851
0.61697522870496846
0.60998524487145156
0.68393942100862670
0.48711094198538496
0.67288263902267798
0.45528937002411779
0.63289774911884189
0.63694289081005617
0.63868845416174236
0.50983835420112700
0.51950218821917615
0.58818910611912123
0.71286348764631446
0.55303025140371853
0.71319663560401803
0.54332762879625895
0.66744932260937861
0.43537307535745728
0.59565855633651765
0.57092030057165533
0.62793886218361927
0.49945613382503967
0.52340884134466159
0.46882109513819320
0.59627773304827114
0.59533279809356543
0.67812551024243872
0.63668399793185460
0.59986637626076655
0.62114190028328164
0.62530061772175938
0.56845484866988116
0.70868399672800930
0.56258135817861088
0.61346726875694324
0.54080591680015899
0.64974238400692330
0.62505553372096911
0.62611904280188491
0.56967964828273798
0.60716305393899139
0.54005101056206495
0.57668339894486109
0.48001456929466735
0.67768968348121650
0.46791009915782311
0.61506839730100626
0.50497424020161663
0.69184352056146525
0.61355120814328767
0.65485336621746271
0.64570156704369674
0.55403735203207405
0.57742292125303085
0.66052511829600169
0.46667547461147091
0.59106788347965111
0.53866504164681395
0.63168083972359301
0.65941259944556885
0.62153373258502997
0.51873432915126383
0.68645783498091373
0.64600326443122902
0.65139604446987842
0.53099237667817289
0.67747704719491775
0.56845935418923810
0.57075796208560348
0.59999458207809753
0.54450181951381893
0.57886170450199270
0.68654648866425194
0.47349553620867635
0.54778674605645405
0.54265660707911967
0.60217383323627549
0.60236369226212316
0.62556659813321058
0.61057737869731132
0.58043030669584195
0.62022855023569790
0.54961736795759053
0.49221153044956772
0.55908819079212446
0.62165422849478580
0.51733345096053007
0.59404017151204469
0.57737025719941659
0.47640827829290949
0.51842987523718254
0.58196445864089452
0.51011067556424861
0.56338191662675763
0.67851395057019726
