0.03277300532866406
-0.71805265876343538
-0.10987602300963517
-0.48601170196981919
-0.20997381100720278
-0.34566383796501216
-0.39273335672178866
-0.06970723526988977
-0.50161848619690819
0.05497405572264370
-0.67779128206851114
0.29260649180217785
-0.81607199425657739
0.37719631815055199
-0.95608893981614118
0.59268819009841178
-0.99796494320692430
0.77949256286926838
-1.10186033690744600
0.97257104191927579
0.12851661277208420
-0.55146472650389955
0.06289438603493930
-0.41068542061027324
-0.12425313369471370
-0.14753684825189539
-0.23158494356579068
0.02579857035391402
-0.41659215305295771
0.31808178937335896
-0.52248399845695714
0.41670138902261722
-0.65627950051361683
0.66799432372071732
-0.81766984180164859
0.73042616424717066
-0.88333825603949689
0.97282062138199021
-0.91822085682591759
1.15441680844814054
0.40719932458928232
-0.45575881842406057
0.19456263542175012
-0.24144436927023874
0.09569422432268185
-0.05717448701789046
-0.07570611191050367
0.21398005287387911
-0.15889074170049025
0.38284325174463774
-0.33193746402294699
0.68720069064296119
-0.47298416768152379
0.76805870558861233
-0.55360932689574560
1.00278702400443964
-0.63351534033601209
1.17493927326459113
-0.78762331526310014
1.28112645876754616
0.56778345420242371
-0.32571428957606879
0.47808472660350337
-0.15702769828507787
0.26170537596857896
0.08218997879194451
0.19974761730668458
0.25633430080213171
0.05202538192065864
0.54907633877517437
-0.03433386718135183
0.74199243142727189
-0.18493924356184022
0.97723439821785563
-0.32825028983702925
1.09368072860860588
-0.45351556878886945
1.30606021985890686
-0.45254605175929596
1.46145067908497439
0.88123890921131964
-0.27821292934039937
0.64731751312058605
-0.04234351991277057
0.51442247922575257
0.17384393366360434
0.31862650550349747
0.43754914521609733
0.33134976045456271
0.62508769351908555
0.21119054025684564
0.85302796172578799
0.14563067289949422
0.96725900768629736
-0.02802325046092647
1.25256175323296226
-0.08372926591118067
1.40538227972110930
-0.21546022248349872
1.57087258170986943
1.03319532230642852
-0.20934281005323180
0.95051118195713924
-0.04536379162718633
0.72433011897578048
0.21730761585652592
0.66762774348463894
0.42918397967582139
0.59289959800639480
0.66046309037062689
0.57833943607292726
0.83054529744219563
0.40493961652783583
1.06127823440023383
0.36529007784730377
1.22738490456027938
0.19150902559573788
1.48612368140555762
0.18239114677653934
1.61996398097799466
1.26296871070508931
-0.22000298816523925
1.04033068057913125
0.02127079225974579
0.96134598247789571
0.19698194671069225
0.92094418437639680
0.42660657524711521
0.88708992511098994
0.65071642540555730
0.79560021907579737
0.90358608985583488
0.74116950919837377
1.08702030296058116
0.59064002869654864
1.35789668242869599
0.52943724199263520
1.55014254823182651
0.42888462391430460
1.79909752636717868
1.37167856050681047
-0.26458775213392544
1.28957823854939191
-0.10719833144757798
1.13342994783810624
0.16430550750272360
1.17604005526965261
0.32354000971790603
1.12395829208302445
0.60425790771654020
1.10000546326989102
0.83222818122309772
0.95616538525746353
1.16364983211962603
0.93220592348841380
1.35012623105759766
0.77685626538262942
1.62280248390504989
0.72109670434117390
1.70685822021483569
1.45285307465901892
-0.54667091640693866
1.30388608436527287
-0.28154346459461632
1.27283619168610729
-0.12631053052593266
1.31917956388438795
0.21141653554292947
1.35200190144788146
0.45593635642673047
1.28045806770633197
0.82916008615766490
1.27412314183846642
1.04330656091806206
1.17090510614040344
1.36023014572462575
1.07057785801715832
1.60909336806709535
0.95267449178092967
1.78290314566723107
1.43514580225315802
-0.60707462942937751
1.38811592947442253
-0.48501899467884935
1.42466973304841593
-0.13824258232426681
1.48651683388174627
0.07423418293692927
1.48846237769104484
0.44404594325171171
1.50283283035381743
0.67432195865819577
1.43561013753658151
1.04181405770058833
1.41674881857635260
1.26842243131327215
1.27546444417055804
1.57902478258591872
1.21914337702582176
1.71664342763168576
