-0.23429444641751926
1.32950990796670521
-0.12817797424650157
1.22573795555050902
-0.07126568435331641
1.13520101814047236
0.06202296127993815
0.97776896663058688
0.19113082098071929
0.79346643016798724
0.40706098048161715
0.52078380398224167
0.46180574359653576
0.46521263299207033
0.62064377008966964
0.36805903251444649
0.71967310601518553
0.29304280224368090
0.88749395883028526
0.23594050644548967
0.99345969149971958
0.26529771246107958
1.18888402929913406
0.43666286985000086
1.24636165120170861
0.56642508192429963
1.21736898689334727
0.83988550343520352
1.11906557543722562
0.98722250496362518
0.91069370765932112
1.12578228832026395
0.73752987674735859
1.17923898387768422
0.51346954391223387
1.10801891630515370
0.34459360895489399
1.00655030371023813
0.16645386564596876
0.82120666142933030
0.08693954794115505
0.63353163898549747
0.05819816801061978
0.36530847504464015
0.05419509689643676
0.16682799127171366
0.07527414263977314
-0.05881902486639325
0.12604491343486315
-0.18672770501765851
0.21754064586984589
-0.43040828778930362
0.25790682388831199
-0.45940892253874743
0.23959628959399207
-0.56152102002213311
0.16873896485953321
-0.49438286045147778
0.14572651099345907
-0.54876169929502150
0.05743274344628620
-0.47360454953466952
0.04939356866786188
-0.49296679478383365
-0.03138116343198756
-0.37978891526556746
-0.01584762974086515
-0.19805154338588138
-0.03647637814160459
-0.08074700089825469
-0.04039324881107573
0.10787963100994330
-0.05285887982292887
0.20231603165889284
-0.08738608973072978
0.39732037611651316
-0.13139173096614673
0.47883768833328738
-0.19150923755848992
0.67282638135531658
-0.24436717276460829
0.70915237241627105
-0.35486594080768308
0.88255873757650793
-0.40048940876322559
0.91238855749927184
-0.53841644680319478
1.02481032855904686
-0.20265176010275210
1.25329250649588286
-0.15919950575716732
1.21883898497602705
-0.05166370511563603
1.04804993924678702
0.01842848575550279
0.96224477552883525
0.16092363196018650
0.75981973659546154
0.30448203035397536
0.59627264804697622
0.46967255303943406
0.43457919669128436
0.60061304210092081
0.33866273840674138
0.76536777971109893
0.23291601608963650
0.84409461418374954
0.20269267791356921
1.09715455344574742
0.29649879402209650
1.21425320112244717
0.40399868737034139
1.29739680268671731
0.66734404155320293
1.27042325790385480
0.76365510835746142
1.11850525013550595
0.94686040265991855
0.94112585668426874
1.06002028007868465
0.69193254571246898
1.11909437876538376
0.52470992309067421
1.07294476243115944
0.32935424296409388
0.93642781780522744
0.25092670882165818
0.80462011308073556
0.17573068719468254
0.58346161605521252
0.15067902836534991
0.38722443975786985
0.14058091071113868
0.13194792509663292
0.17657057521384489
-0.02256682284413021
0.22591366247835984
-0.22744156356493034
0.27775463393329963
-0.28463132611569164
0.30131062721469420
-0.47087873672505104
0.25199036665704710
-0.42420619799364712
0.19728191970642392
-0.48220614329475281
0.10649539899456992
-0.39953888668426812
0.08630504416242815
-0.43145488584562475
-0.00104792698562547
-0.32773226820224249
0.01498448318884157
-0.23382286892559012
0.01090076835607360
-0.11653346477386818
0.01145005846249396
0.07824489514364893
0.00864788202812797
0.22578698220202564
0.00229615117755301
0.43668753681855565
-0.04400876982897510
0.47980290028302336
-0.09909085282914099
0.64693603640397113
-0.13276690996267443
0.66642404625299201
-0.23088894346309394
0.83505315385265400
-0.27105567167651412
0.86017211595268217
-0.42530233831589848
0.96545627611598062
-0.42529648239475454
0.92149620941210020
-0.26634422224137133
1.23050380485900424
-0.19911394555723202
1.11190108653134523
-0.16008131533893336
1.08342051614534207
-0.01788971865175592
0.89319515752712664
0.10109424102754355
0.73002971469814104
0.29597647174626529
0.50094324021901626
0.41558189751555058
0.41175744127011626
0.58874111229229809
0.28264576423777044
0.68621078187947893
0.21544710004668080
0.90065849890891725
0.13911661929576172
1.03228939813640919
0.09231027197128758
1.21951758341064043
0.28438028892829170
1.30537869994070066
0.44106988296043226
1.30381482381909652
0.63820904316857374
1.18993045007529230
0.82045704236212547
0.95658624445149365
1.02862302955072482
0.82214663450378422
1.08677650784805846
0.60483653588606601
1.06938717634668801
0.49968157507241501
0.98529400024409686
0.36940633398623329
0.80713658813409805
0.30909694192310133
0.64517338817100800
0.26657340272839863
0.40485511101550054
0.26944789991671569
0.21970428845017773
0.29769445983850257
0.00989668724377224
0.32588507384898996
-0.13410238787450474
0.35977723959832458
-0.27757174163455733
0.36045038185067363
-0.32751316600732311
0.27233295692805076
-0.41360747435171452
0.16103583885991160
-0.33255672742106479
0.13273820927449739
-0.36618285873706746
0.07299622366770386
-0.26960903363567107
0.04952795358447369
-0.27927284286993237
0.03897899430058900
-0.14635556274637612
0.06430293955189921
0.07679070549204044
0.06304530370625547
0.18009129569382018
0.08623512118200180
0.41131685905216714
0.06568020735801877
0.48849538247464969
0.01830910020009736
0.64304728865843641
-0.04511240504966034
0.63940345732763926
-0.07793503696779397
0.77309411183351251
-0.09381901100505836
0.81818528463459106
-0.26336738161079121
0.91275562492100570
-0.28987228784212560
0.88882215242629026
-0.38935086658583623
0.90347311607818981
-0.32788648572483237
1.24041959538739088
-0.30844061355241054
1.13191998708412633
-0.26829649118239540
1.08186866272716364
-0.10483853190497720
0.88933262675870139
0.01684835085261778
0.74506160746634553
0.18123009699722448
0.55637525003997534
0.35231990200984514
0.41191898897218454
0.64000580861977840
0.22169604128750053
0.74381518665374680
0.16161809662607649
0.95690660033515318
0.10921265815254619
1.10154276365982295
0.12093612121806241
1.29609300551685269
0.16236544566120276
1.34847872217548503
0.35570674933008412
1.38104389918086801
0.46290881532341549
1.27422520721727306
0.73046917406773004
1.11520880857811244
0.91422276392500901
0.88827789442152771
1.06518058825112671
0.77706917339243975
1.07412450361887690
0.63322110911158247
1.01461575008318694
0.54406132089717263
0.85910374296148317
0.45093936786757494
0.65487298012851658
0.45052740188987950
0.48518404188459152
0.42263768431371673
0.29888777085044466
0.43473199630785991
0.12946189773106120
0.42311280510615562
-0.06618181439012806
0.45526782665119153
-0.14568607944806394
0.37713042503410016
-0.31315022485703020
0.26456924691057726
-0.27720721538824367
0.18441798228988779
-0.29513951885633538
0.09083011064935009
-0.19165648005990638
0.08079989980805347
-0.21358473801519703
0.07010658574039957
-0.09079953792131235
0.07873805594732848
-0.03280093940835824
0.12025587837643449
0.21222142841783595
0.11507264940399442
0.28121777216704247
0.13712706211779305
0.43375016863116600
0.16578220819343778
0.63352131082898921
0.07939307418322269
0.64027756775553524
0.07079705034603120
0.75106648240146834
-0.03045789394671353
0.77417722473158401
-0.05343221108781038
0.87172016440992417
-0.09580522818404538
0.87532368902609892
-0.24931624859870150
0.85911469771737681
-0.21072039198584791
0.77769137703288493
-0.41129556478522927
1.01296923607782952
-0.37311406615448095
1.02476635425312446
-0.31543415728010837
0.91467108136559161
-0.24338973523131818
0.86854241802327392
-0.05674942914474491
0.69335796938896621
0.08443636609934375
0.55661355129935541
0.31564462538386845
0.39506501154755330
0.52010743844619944
0.26806987573613272
0.72527013621320024
0.18384628617844215
0.88162895887426485
0.15595253197895870
1.09222959957639931
0.15820735124918620
1.20245199171907524
0.22332536731896424
1.39289429652792141
0.30220842636017337
1.37502033964141113
0.51937729952565859
1.29819242652874300
0.73504797175934455
1.13280184940192186
0.97570155709326645
1.05177009200395166
1.05553814236112298
0.89893236315746972
1.09924028249664762
0.79495988413985108
1.05119779604952734
0.65610560468892665
0.92890879922575731
0.62254488404493613
0.77993179922849720
0.59814861743153758
0.57552353932778100
0.59013668651762108
0.43589890248113394
0.53166784817229662
0.17710956361844488
0.51204727676518258
0.02773202332185581
0.48702196952496624
-0.14602184257041564
0.37251177446709194
-0.17021424787888212
0.26279583757277358
-0.23280280345242765
0.12747488979242794
-0.12625525376379670
0.10204632092773844
-0.14201990773663881
0.05525339905073780
-0.01004460715170268
0.06020134925739121
0.01407050683113853
0.09102509470039061
0.16458747485441250
0.14751687048584600
0.26712615065471368
0.19468997911108038
0.46750220686527760
0.24152736778736056
0.60285802972945512
0.23249019590967546
0.65431859209476795
0.22636800087229697
0.77457346538590266
0.12342450220888271
0.77869878367215373
0.04612838615906885
0.87301992794826377
0.02664159072972316
0.92622564772152427
-0.02833693887683834
0.85226975478480871
-0.06864323889250866
0.78639143656212829
-0.14604464201582554
0.74485506771336785
-0.44556831146961862
0.84919400563061842
-0.41025337170576337
0.77135176391479321
-0.34916467707799786
0.74197211449539857
-0.25800232857111749
0.67219993416272905
-0.12037605258496947
0.60759479796701910
0.07291325230648094
0.48131778013571769
0.20545049887998384
0.41231489095342433
0.48100974406169394
0.28934343374758670
0.63464591487916022
0.24948167370933858
0.84025522866517055
0.22921167228664258
1.00192636874476948
0.23720077592529903
1.16279032004876060
0.27887818400234166
1.24255731151868543
0.38076130129377439
1.36342234779460592
0.47725870213658678
1.29225830630665794
0.69975312808984591
1.21648577028609473
0.85914720037821024
1.07853317663219350
1.06455795136022502
1.03450828518650106
1.11973125412452679
0.83116581030925596
1.11562719033766578
0.81400164512179962
0.94801077438403691
0.75592170769893685
0.84968901402188135
0.70497246169169625
0.66020542301695595
0.68320786204117800
0.51961833282661074
0.63829079422571877
0.26877754111590579
0.58904099905734575
0.11497644004326509
0.45402940756669868
-0.06864741982046099
0.37413205548291384
-0.11228614080257229
0.19177460821224690
-0.10586952924387019
0.10345203736715530
-0.03739354809987921
0.01527495485286185
0.10139979401950509
0.02685575904582318
0.09540048284019631
0.03772148141971669
0.23263927950549371
0.08084051921735662
0.32968718343014858
0.16940578314727708
0.52644236475775663
0.21843723406971585
0.56264563373853227
0.26015448790784218
0.66836158227081843
0.35228542491421150
0.83873394580210991
0.29393203981436761
0.84312656782732309
0.27038059347050958
0.90384181816431297
0.21845932996212825
0.96739743722781502
0.07074267941785285
0.89644906913721989
0.10847031559539766
0.82754004672856385
0.00876643775935185
0.75210415202591885
0.10057543477430743
0.65927408131250631
-0.45217561889182517
0.59765244454537880
-0.40874856845951157
0.56118223022894964
-0.33163830011575252
0.48230865582865423
-0.26000121930094955
0.50519872998779425
-0.10470665784504679
0.45113700445808019
0.00749876021668724
0.43123192862901227
0.24322969283375134
0.37845154438042805
0.38145400501868698
0.34635937157236174
0.55499388912374337
0.32113493678704258
0.70663422589514002
0.32022894935677210
0.91970013548210761
0.32431502662768302
1.03151217300090670
0.38573599773766387
1.17002527574594617
0.45043651194707984
1.18866007351740510
0.60694974098230059
1.19094246572284579
0.75222240787833239
1.09318874493598761
0.99152303084801985
1.08195027966678481
1.07267996724818548
0.97035224403253750
1.25529274390238932
0.92527365268103456
1.14906521564332875
0.84592827173501184
1.11425143022563322
0.79568702373177247
0.93429706731369644
0.76619157359065315
0.77361876591148304
0.71287142000583759
0.57872111053940545
0.67603937562209604
0.41222585175416382
0.57770557308300419
0.19237658287482856
0.47026382488658541
0.06549324369709998
0.29120688019160845
-0.03495405359115251
0.24042248317349174
-0.06335369196319751
0.05148847553075371
0.10544337149050897
-0.01192796448399222
0.20331871264949164
-0.03560071517456122
0.33000188897614052
-0.00011185311177107
0.38063148368533334
0.06158896698828153
0.52841445571911572
0.14413747189407808
0.63895523084429551
0.24921124491359115
0.80053099459907173
0.32563612647308632
0.91999157710704516
0.38851754087428747
0.91668137209064282
0.41288819412409078
0.99722919686138722
0.29983501492685022
0.99011993400186649
0.28171301891124978
0.96832424071849288
0.28158685634935282
0.90619910545848881
0.21549599996597590
0.80281896408829112
0.28228258147663210
0.69742194815336966
0.25662927545256387
0.63299780951333062
-0.44019238006498418
0.42703390252076850
-0.36944468751251031
0.30690177002266128
-0.31233480304973066
0.31750130508759494
-0.22611130708842220
0.27568342073695584
-0.17966436483763928
0.41028870307571208
0.01998359460591538
0.39944763934516725
0.12997476212405956
0.40622008132615933
0.30805435476484239
0.39522758565331173
0.43075896476810738
0.40031722910833939
0.62110612488056338
0.39382119392833953
0.76668446603478790
0.40190032275030374
0.93499671710109555
0.47513959723815902
0.99845004072158416
0.57301363383499393
1.05836248685504120
0.69695940993873584
0.98559889620242558
0.85548473915912149
0.97943013233636855
1.08536778797990707
0.97387108574029835
1.15377596577968555
0.90747291847267941
1.32178960737772067
0.84722468158340813
1.29098257983167919
0.79800306978411728
1.11356004892442928
0.76871754761005284
1.03508388547603580
0.72922827508815902
0.84629630563521663
0.68457922681438332
0.65714829705118083
0.61749555778004817
0.44710229451182887
0.53441078303936662
0.31933281453928508
0.39952030591763282
0.17188453368717968
0.29055171369516325
0.16153606689821531
0.07586295384900496
0.13376803389921846
-0.00309749720655635
0.20240433620843076
-0.12160819930566649
0.38777251004540503
-0.08754910356494418
0.44722218526475277
-0.06260232574896174
0.62641677633089576
0.01914131697449289
0.65762496379726532
0.12862328529503947
0.83533125105832484
0.21349711447354791
0.87030379069605279
0.33648749242478498
0.95926061390985740
0.42767917773477976
1.08172434798923423
0.41602179779926673
1.05237217881809064
0.39171373761712835
1.05413098112692838
0.40432405538376437
1.01017945402959208
0.36458637394653975
0.90646151042157652
0.46394266751749891
0.77165845191013915
0.48927681715229460
0.68857289053997084
0.54150462647735342
0.59347960382921272
-0.37840225020907142
0.18459888091222715
-0.33412730997147122
0.16102093530869194
-0.23219865307527252
0.06814914848844977
-0.19531836875025321
0.20248686375516986
-0.10918418051924848
0.27126742074175875
-0.03051705156965265
0.35395278905423683
0.17270504843612983
0.37681877747217046
0.22692334428782868
0.39923136528263042
0.36289957384020477
0.43322077713476220
0.46123758333859172
0.45486787466138939
0.66042090040491119
0.46129035707966987
0.75449302126179563
0.53357088223414773
0.87910757733285583
0.61938813113871971
0.81107878169600811
0.83741337333090093
0.89071421623297997
0.99706441038624383
0.84721766104338692
1.09616503506903173
0.82485819626087087
1.27485758325314502
0.81602105530907110
1.29930303341764586
0.83458855453145275
1.27142090754605430
0.72832596601030242
1.22733674874184251
0.68809448039582077
1.00466760320087700
0.65874370080651212
0.86197442260159007
0.57460975330590780
0.58132078589810809
0.52869100088619037
0.50545413800748129
0.42065344313379882
0.34915815710597570
0.31942859781924332
0.29402342563377343
0.17341739837563366
0.17625434680224383
0.04685075443611755
0.22740164996356987
-0.10626583367622047
0.19540511777599778
-0.11583172972698608
0.42169947563574045
-0.16518541397503159
0.54637256961043812
-0.12976868614612871
0.66081183117255982
-0.02561646736715570
0.82360004547577825
0.08426571885208070
0.94071853561188856
0.25544948802761341
1.11206742139274550
0.35590896291339563
1.08563774237576127
0.53075540486170658
1.15444593988655164
0.50428831013830733
1.13412736769492772
0.54927286109842466
1.10284057372487609
0.47458576564093374
0.98316535255558479
0.57540609039913138
0.86122992432164636
0.64906663611648263
0.74805206864860219
0.72915315138655645
0.63365009186947452
0.71257077631337651
0.56930644447095669
-0.30863084018286452
0.03077683480210070
-0.22853018185372995
-0.04226147226389778
-0.17685157434909698
0.00702408886204813
-0.07214070686082266
0.03941448456589061
-0.06000138633496881
0.19743464121019869
0.07135452224444150
0.24316740977932319
0.10760579580903006
0.32448465696646805
0.26377097818484302
0.33945488539839108
0.25795071025902916
0.40600195285478335
0.42348198565916823
0.45541255347176629
0.52731644335492778
0.48051382242128499
0.63641512854384774
0.52133565023275241
0.69280819757674217
0.68573757446696271
0.70669776354694902
0.77039463251491858
0.66703955407742899
0.90897130381232949
0.71497299878670684
1.10706676517023128
0.69853148689356881
1.16833819773788572
0.71711019435888768
1.32641830680170880
0.69288260850732530
1.30530229800964759
0.66516920849451344
1.19889438062652576
0.62642362000525820
1.10015809911495488
0.58008995927829887
0.78961877066060904
0.53590279908757743
0.71540014635672022
0.44525242188317082
0.56577690282965121
0.35544684137355997
0.51315306101007452
0.23696753241040860
0.38489879730292570
0.12241854908068474
0.35656615077147419
-0.00639156819946737
0.23084100186081513
-0.10315627079587367
0.27125583393177716
-0.18539643849436085
0.31226459863316952
-0.20751693780162886
0.53953862303666844
-0.18677411308599037
0.64508514027663422
-0.13416569156341968
0.79784994880817450
0.01861449163217052
0.95172411213042918
0.13569637675867446
1.05463755079562826
0.31661250108950106
1.11591004973428354
0.43806945031511701
1.14290617843626818
0.57942323394211559
1.14826067757308925
0.64211115553403086
1.04720177543618931
0.67198977289871598
0.94049152324647900
0.69651653563333726
0.82322288204804372
0.82009480903883225
0.69053442205291404
0.83319209572739583
0.60644461532646343
0.97362537314674058
0.49976720488004422
-0.14957369919625518
-0.20786555446794580
-0.11312562584100930
-0.19542386768798459
-0.02640430082843915
-0.17472894513681975
0.02857435844466731
-0.06172300430639607
0.13056468025004137
-0.00861957446266000
0.11508821592652120
0.18129538446062418
0.23096562385871147
0.19628418633830275
0.21800001473046254
0.31151835975007097
0.29210809150894279
0.33425350572986712
0.33767933046541099
0.47613011456443810
0.42895895742094048
0.42288168043854435
0.49660697996773306
0.50513017727791831
0.53845095421332700
0.59287981767666231
0.58212365274479305
0.74688834263589676
0.56162562883650236
0.84292720181240988
0.55044610427475416
0.92645895749621299
0.61564599561358091
1.14746035270686453
0.59176883998773233
1.19310202924935549
0.65161640033292556
1.32692758490202611
0.61654382686649756
1.31737528801197978
0.57423856847671806
1.08388308386383336
0.53912325762181423
0.99213270744703519
0.46991896653347637
0.78234263871461163
0.38901450891580552
0.72126813197119433
0.28691899636635315
0.62382038885714586
0.18057953420025480
0.58922443345435649
0.06479474128932200
0.45114483194618760
-0.04013481194142548
0.40268991923749980
-0.14372796769064480
0.29957130739812166
-0.22759110514514597
0.37836167566225282
-0.21276816264933474
0.46443961596199679
-0.22603205521529801
0.65052554393034279
-0.09772764713008975
0.75083803420200834
-0.04180545037701840
0.85315418347223160
0.15544424294012693
0.99601225354153122
0.23758472146103787
1.01701405191220773
0.43525239775718527
1.04230351739983274
0.57866745268254416
1.01802381719256840
0.71657515078055845
0.97671657853016469
0.82375582572552752
0.84265952394083166
0.87413055215665014
0.76460818255795338
0.94208666991004886
0.56005698430667494
1.04419200178560478
0.45827434834258912
1.09174550993744934
0.41981102913569518
-0.07395011464099892
-0.31726780485358108
0.05612589496796778
-0.39045714259814224
0.09325860833242776
-0.28872877021349269
0.19115087175483134
-0.23005018652309009
0.21852097212220539
-0.05645417867947269
0.30891770714852684
-0.00378372627405037
0.31687787630491188
0.10284806956221064
0.37628263355220992
0.06065630482511898
0.33632024082024475
0.22173487102954781
0.33716384206888145
0.30984612269813250
0.36718019866210355
0.38549440255730122
0.32637509203188941
0.30602404354393425
0.43786745197361066
0.50946886499768407
0.47067223416144011
0.61418268244019325
0.40734427898617720
0.68333473867387884
0.49003259704325658
0.88431791747082122
0.51892474545112244
1.02555980044113326
0.54563290969049183
1.18680477724180644
0.54378145198983796
1.23847346408259251
0.56377795840296618
1.27705040698297712
0.54339392323530600
1.23287020361809807
0.47144071423802170
1.01095531411398487
0.41541806464035402
0.95018153980501296
0.31013142266148408
0.78374331911181905
0.22726525354692950
0.82843161249478769
0.12023005178588189
0.69246086680343377
0.02943127820793937
0.65561304712413215
-0.07225262096812289
0.47108122324614049
-0.14745734542360958
0.42458978768914440
-0.16934530018025057
0.38949304698377080
-0.13683318110535853
0.45959386431813976
-0.07751346627396895
0.51613574349588065
-0.10039727304081450
0.66194366097564550
0.02577702868588384
0.77052024079021975
0.12346849985326606
0.85202526155688618
0.30058264606946705
0.89971425832460783
0.42766809241971931
0.92206701349306441
0.63179281950753108
0.88538043130029154
0.79731687281727293
0.80412085057587124
0.90329396964512187
0.76324864058255248
0.99575232918700185
0.58615615992080983
1.02349209428651555
0.46724228835835235
1.03927011472238973
0.25719148772282219
1.14345374032277936
0.25987850051925343
0.08096748301011220
-0.50656842336475594
0.13476800218595625
-0.47941011309733372
0.24746411952909980
-0.46236603899145179
0.28550955308317738
-0.30368543882416577
0.36775285472283770
-0.22911272189761109
0.38130528253097162
-0.08035976443600308
0.47625305836082371
-0.10584170848694086
0.43073720578773361
-0.01862525285869530
0.36508835566006209
0.09138630869304964
0.33147075873866610
0.25443120959659637
0.32051310151083789
0.25195850752525256
0.28822783274947361
0.27406041454387670
0.32184968871820296
0.39019684485687878
0.37870192584704265
0.54193351017632252
0.38663834253699481
0.66281561870902694
0.35108177843291305
0.71469393247144930
0.44750967538182784
0.94420240284425838
0.46871311862561266
1.07181430119954157
0.51164259410675250
1.25054135675024725
0.50061199549382873
1.37182970439455021
0.48850715282214413
1.21543370684899532
0.45500780453685247
1.17514980869509111
0.35725335106008388
1.01126072233797104
0.28131128208483558
0.95576670869399249
0.16680123245808426
0.86741936396493657
0.09217613742290341
0.80704590613125626
-0.01019338866023871
0.65337308411375739
-0.05312457669442996
0.57761078695081580
-0.05581840592318950
0.42725684535733105
-0.10870509256878437
0.40499870189810844
0.03522398511544624
0.40552093264684236
-0.04058799219392939
0.49460027878321999
0.08512897041330958
0.56507040906946537
0.12705111934235569
0.66367904354141394
0.25353640802069993
0.72116515814050774
0.37554736809511824
0.76717074951831776
0.55319041402880265
0.77624821722617232
0.67473306711480707
0.75455046120155689
0.85281528576021526
0.69497776496496222
0.96333261769401868
0.55972755637761995
0.99071245902178362
0.54482913583998549
0.95685461706099340
0.27449637731076032
0.98106823309931768
0.10269985563837195
0.98462116733986882
0.00309621989408522
0.07736502060626335
-0.50374928780125816
0.24334695315549651
-0.57812590373891160
0.30619177626327149
-0.50539660113033469
0.40492532510203072
-0.45766470351406874
0.43706008696754917
-0.29452188120079292
0.51123802557611764
-0.24951135812927111
0.51364229665709027
-0.14711506044395214
0.49925032826547433
-0.12722457717644303
0.33554008645694622
0.07580445650404638
0.32649801908675419
0.07728667815551749
0.28779930416647692
0.15919299604950263
0.24655327326662091
0.14816539992190819
0.27273453148247079
0.31732725588989302
0.26809769132047073
0.39862851470364025
0.28467426415769770
0.55859336038110929
0.33592869377128837
0.74932664604202781
0.33232813804465061
0.84841760492605323
0.40656720512860239
1.05891057833894253
0.43066675695751244
1.17325290077253541
0.49858480882178591
1.38056104036120675
0.48353885495908522
1.36259069026976176
0.41884158619749751
1.20263441628576184
0.37393462157368823
1.15798524498792355
0.26029429209663979
0.99467779476035978
0.20323005640806741
0.94407116668963664
0.11038275404824480
0.75813205758098712
0.05933630293733808
0.65241377963082603
0.05806664236618991
0.47655463880634957
0.04780918863775339
0.43236568725460434
0.12704946701903147
0.36129589702644549
0.12677913545572328
0.38647327360324618
0.18901179788607803
0.44884984526870847
0.26852786896191588
0.51106193853286241
0.34300467541617019
0.55703085998831048
0.38563661405889860
0.62054518233471645
0.55193170090751953
0.64532069339630316
0.65630674699551450
0.64818757695598828
0.83702149750873245
0.57340619910797164
0.93844579306564879
0.50901179150894538
0.96443200727485434
0.39946631586040804
0.97853047283814554
0.24215660805774086
0.90679099795021856
0.06756712063583661
0.83133822227016629
-0.13977853653281774
0.85007809160336512
-0.18228037478278517
0.10693249056717877
-0.46515498453381343
0.19134528147655877
-0.47056548663180681
0.36740121526048430
-0.54773178137722756
0.43408625811636370
-0.47815100285776524
0.54292038076390026
-0.46665867128248562
0.57456046178276188
-0.33803733725875296
0.59066170546100727
-0.27780911921023288
0.50092058520838423
-0.13910845638963804
0.45483314894673915
-0.10390491338445593
0.33684902199616162
-0.00067846761781815
0.27913217723249290
0.02068754631881865
0.21571632524135878
0.13965222681766232
0.20088073481916197
0.17597586580090546
0.21205161490587005
0.34179032714774960
0.30087875302728151
0.51277157289157316
0.21241872091662894
0.63487814589874780
0.26917618917451763
0.85058422348191454
0.29821574281247670
0.98391645751756462
0.38768397668263782
1.21549607957614847
0.35631193311621723
1.32257656149760883
0.40829277985996648
1.31913038108832636
0.42262069289856757
1.31007127120692268
0.34106144125880994
1.12451479604599758
0.29620038573612734
1.03504098750305462
0.20139537758106704
0.81519366131396764
0.20804366814310138
0.69913564024857155
0.10079751434536022
0.54574719270963379
0.11757151848043955
0.45820387521635553
0.30844787362162163
0.33636787526496942
0.33664517047643022
0.31690268700338170
0.40255355325730985
0.35638600371792006
0.39830319523884072
0.42664094694953358
0.49725365390623472
0.42637992291917243
0.43456537600905198
0.50752508763911042
0.63637900966267102
0.49459149418038906
0.71536880077215148
0.53008301337654717
0.81825707863698172
0.46364645446048991
0.92656907990303428
0.41425940998191968
0.98954916205664234
0.33166868663386834
0.96902311157356036
0.17581419250103814
0.88056257714035846
0.03062587600541125
0.76592751242987067
-0.16003829960932667
0.71694426171834824
-0.27827406504402458
0.65919962015048417
-0.38945820825771532
-0.03930071997082069
-0.30153611189482060
0.14326414096528092
-0.37286553214341972
0.28031727460296696
-0.40759740800053273
0.47339931250691225
-0.49778858277583049
0.53748450606199605
-0.45807257636352655
0.63388124458313988
-0.46329843963574124
0.62605732683404969
-0.32309373981293854
0.61564870735389976
-0.29815239399156312
0.48226792738076096
-0.17837797216491247
0.39906621471516146
-0.13824303447122360
0.26039050966787919
-0.01192666683473551
0.20707765971372155
0.03481562855060229
0.14531636527849995
0.19083848163656802
0.13133320426651413
0.25560154588651729
0.14231747547380941
0.48601507058007948
0.14458178820297699
0.59391839189579376
0.20036061228020599
0.86500330716235041
0.23068952027579898
0.97952804267837856
0.31435216236869024
1.19204556499506453
0.32767266909185488
1.23342018523085728
0.42025726770754751
1.35071441418547411
0.35573684404759182
1.23312645104353602
0.30220418417435846
1.02146954439595206
0.26814477930966152
0.91210016819414719
0.29182474801160879
0.65165736362151738
0.22062658300295077
0.53647246156715722
0.17887238613381756
0.35443612193217744
0.35850886283214567
0.32914141828389692
0.44667765249152525
0.29226205825976082
0.59246745052341832
0.27223600722649366
0.50592679500039694
0.33893205182749553
0.60916974229717835
0.36473063723943822
0.64442928095427188
0.36885795369347679
0.73487065268986129
0.38883182830195945
0.79393525313071422
0.40233112181565239
0.86087237185733734
0.34365157628218890
0.91004557360239813
0.31307696496445853
1.04825795217963358
0.25897566565746505
0.97165000944858382
0.13495949838463719
0.92234711458952634
0.06148039954187474
0.78134391673415848
-0.12964836130558138
0.66469561223302820
-0.25903764448708172
0.54952344573664313
-0.41275572183014470
0.55085416692719769
-0.45421294012496966
-0.10954082740228170
-0.20467110866303551
0.00496531813624855
-0.22218358505799124
0.21734613765835317
-0.29704970496720590
0.34691812353192558
-0.34314769500804099
0.54280971840129166
-0.45743113450484718
0.59628774532408957
-0.44100951848493897
0.67047366130425534
-0.44994004127937182
0.61297770111063987
-0.33541879665424534
0.56157972949968049
-0.30689405729151154
0.40119997255902184
-0.18049955995664124
0.33736031451986498
-0.14365732180439800
0.19482200412610678
0.01774594883528963
0.12705364100493544
0.14031986398952281
0.06122457060075452
0.34754187206437509
0.07025191421102862
0.40308410719002769
0.08154317548915674
0.61423437665052760
0.12010163255655315
0.76505059559947486
0.17671079677687770
0.97268331582957501
0.17001802949294273
1.04188207242654518
0.28187728632306591
1.22047255364601792
0.29694158320079234
1.26722602862987577
0.32115550303724238
1.11942636499768566
0.31071726493917512
1.03958924015083953
0.31118087790175353
0.83934094805730952
0.31088701009955078
0.70379489301196063
0.31832259361864257
0.48989777921692435
0.37032524315979087
0.37002648932093335
0.46891985498833905
0.30382136952739258
0.63411301795233010
0.23528287764269920
0.63153465861647928
0.25631343484483576
0.71253125420649488
0.26351098908912979
0.66987247578742304
0.34380383154169564
0.81813781871505487
0.30171336700174328
0.83011193910926129
0.32637525590306204
0.89075564383858463
0.22534474285501566
0.88889915903064054
0.21351657146404041
0.92467070667544682
0.15786659859683946
0.93126789342255289
0.09013461170962694
0.91525406023037204
0.04104726405374524
0.79475878042280401
-0.11051812128073772
0.65942557067240615
-0.22702132813977727
0.48513365528880148
-0.38941737881220284
0.46064799761477127
-0.44591251227363077
0.36455738509084568
-0.54776643950187054
-0.26924783486440829
-0.07226819965996673
-0.08987442127877510
-0.11426962029118108
0.00894166633953268
-0.12759642496283119
0.23797967671574177
-0.23812735381996541
0.39611392254589411
-0.31986880535200274
0.57001590796069246
-0.42472150769566441
0.62109786520712684
-0.43553151069251222
0.67433459142135899
-0.45832945062678454
0.57030046945430846
-0.34527541407194218
0.50399912674285952
-0.30081745180099412
0.33720405635613387
-0.15399081750903107
0.23083972398414773
-0.03081521182814665
0.11797515217927929
0.15806814604277775
0.07210315839289771
0.29855818535819123
0.08623115660027354
0.49893394083998982
0.10094357383391209
0.63350882724040547
0.13418037045098924
0.84525664728959360
0.15138976806694754
0.92444870757254083
0.21241403993626867
1.12373404204250149
0.20719839188689043
1.18091794253249671
0.34446600393537014
1.31560142572961336
0.34652359688333323
1.25172769504106762
0.38054239100882326
1.05570433329474223
0.41899811290402073
0.89559701205932774
0.42120467808986817
0.65991456430646489
0.46661406644195241
0.52305436580665854
0.49534868421827694
0.36368068305158002
0.63450116810468216
0.27013353831927855
0.63812320640440989
0.19263261480955943
0.73206672371395565
0.12508012212539524
0.75160127607430427
0.26506336692093346
0.70955089540728611
0.24220807471904865
0.80092418183342873
0.26592125770547831
0.77740700166142584
0.18765067115222783
0.84617511839430204
0.18991228826043841
0.76182153751882797
0.02657308629114492
0.76182434922987863
0.01915021431146301
0.77733564923661935
-0.00628879237535737
0.73468412209559408
-0.12974667326326833
0.68743701824012815
-0.18298772109857633
0.48258569209915003
-0.34549793733378981
0.42059652857830698
-0.40469947023101882
0.28197494799283307
-0.51602787157841057
0.26859455551588407
-0.56017036308364176
-0.24848173066840828
-0.00758427680941041
-0.20997409311386833
0.01530994847684744
-0.00457296677191029
-0.05176891723558422
0.10487544908493107
-0.09539868960236381
0.32473469107061853
-0.23493872139959776
0.44332909215290017
-0.30331758439094092
0.60631458587910647
-0.43201572822447837
0.63630665000534670
-0.43828836773782692
0.64280439445008408
-0.44599935192393214
0.51513573191924300
-0.30357630115830592
0.43626945346403556
-0.21481402991906673
0.28555909661780543
-0.01872733334957791
0.20520848320027557
0.13676181678937682
0.12685433839109886
0.35249292120589237
0.17901457201423221
0.54433499781715244
0.18231961077890163
0.71054049698781907
0.24764929031715052
0.92916779758912438
0.22076743522665804
1.02525965939146202
0.25099097223429273
1.12672067638748397
0.32249053340666645
1.30207056604360605
0.32007399738449399
1.33215268871749770
0.40873047492207987
1.25112574778114238
0.45860220388908718
1.15454857151643031
0.51456437194856508
0.94504845734543053
0.58132120132705678
0.79790388494850251
0.61351365781998868
0.58335664483868421
0.66309025613225892
0.42449735594525212
0.63393761797132564
0.29275970085265518
0.68213913548027216
0.20440384724625879
0.68437721598550583
0.18195527382211177
0.63832179324032290
0.23189265466203121
0.72818979393752137
0.25759603207303661
0.68294776371788191
0.19508054863533730
0.76431106067956400
0.17478343237190863
0.68208022245898670
0.07461099033443924
0.69086560088640248
0.02608827494428317
0.58457215843934174
-0.08217039156608025
0.60578471181926985
-0.14386516861071968
0.66701657316103979
-0.18022507272159916
0.53524056427008249
-0.27854457689770817
0.47358848600361048
-0.33450151366727182
0.27858723340860581
-0.44351157935513413
0.20822059165887469
-0.50405936642783289
0.08158179373303831
-0.58381727238650516
-0.31760775639308414
0.10420758303875406
-0.15179491780890142
0.06627607731084328
-0.07416081977272534
0.06323373336415747
0.13694415503417329
-0.04743629779593594
0.26432404231090229
-0.12763770109116340
0.46043414728285381
-0.27734704492995449
0.53936178385424971
-0.34908010010385188
0.66212679840460731
-0.47266449970378849
0.65007603599772334
-0.38975951240687945
0.61982566276166617
-0.34295502596336291
0.51140555146150890
-0.19430205644985787
0.42845780688600477
-0.04700197197225986
0.32410121510361756
0.14892744543644026
0.29214387832551098
0.34140169469208381
0.26727307837653042
0.56066041780071396
0.35254438391809811
0.82913774164561949
0.34340012721119223
0.92782670479500218
0.39384991515971574
1.11796417700734407
0.33230009453985415
1.20943618804877762
0.43823491732728148
1.28760647847839271
0.40565278609779237
1.46072030506082773
0.50732453529767696
1.34734232801922715
0.51805171633226199
1.24167721347643467
0.65520878755963963
1.05866429632389414
0.69055313896738790
0.84821973079037549
0.77139873287195959
0.66748419042810803
0.76298804915475094
0.46530298797670822
0.74681599153872269
0.33857754672049445
0.70437401079160777
0.27279554043815685
0.58378156681627535
0.21188902467255991
0.62426306126033970
0.23852514545145281
0.59190867649608037
0.20705769863278828
0.65850383658419820
0.17983489865838023
0.62188210409157407
0.10003107440549112
0.61215675651565138
0.05989643305322739
0.49317414405673254
-0.05503765472593003
0.48091444769513503
-0.10902062265234283
0.40252672252009436
-0.23335090601006644
0.41802047241196594
-0.25922565096677957
0.47703050156238830
-0.30598181516471668
0.27718553609747676
-0.38577067830847989
0.18905102493984072
-0.44519339657870149
0.02839440538692559
-0.52309858307047341
0.00101730729131828
-0.56211222355048984
-0.27116659291247036
0.14607166352565831
-0.22046739549437325
0.18120558828964117
-0.03552872618598332
0.10711560852067881
0.06408452744301443
0.06890425377454643
0.27324793532701719
-0.09498198883276204
0.34841909418174655
-0.16874301087126753
0.51562376998171133
-0.33010547303415816
0.57499106160756230
-0.35792753481274575
0.68561948520977878
-0.38345845091766617
0.66630562840492036
-0.21470084029065800
0.61442470826709217
-0.17021307287056273
0.56250310487097699
-0.00636964596740518
0.50294899739986532
0.13755636140569941
0.43450324880334690
0.35048506976218585
0.42837757905139673
0.52759124860448881
0.37461215963316086
0.69845448667110432
0.45811238113765240
0.89731739908165253
0.45480109334058760
1.03532952031555059
0.52482299585441150
1.21047115750244250
0.45095059081912769
1.33594730670333361
0.55104296818192833
1.39813450654365745
0.53227121005277411
1.40885665147322081
0.66280150868161369
1.25297387385425085
0.75062388256445700
1.10534782989354863
0.84442664961798863
0.88592151716187573
0.88187026499364918
0.70837393460806086
0.89741984682401599
0.51792460795813899
0.86793418352339291
0.44239998775554690
0.69246684222209487
0.30851955888963989
0.62756893341757969
0.27346592719086055
0.52184034117169564
0.20095224364725606
0.56472765214716947
0.19937611394519855
0.51370867075781390
0.12426814785374500
0.55576032519375973
0.08775586425964466
0.46988380104212485
-0.00058495021918283
0.45479236529762118
-0.02937102258382556
0.32561058045665625
-0.15382265780182364
0.34385011138483257
-0.15760967930713157
0.32341329086842180
-0.27341304247342280
0.24123202301723817
-0.32231498536712028
0.19628451084391341
-0.38094298765119172
0.01904505390123354
-0.46264641363591452
-0.04990065958734610
-0.49356786300934180
-0.17085513001027375
-0.53295156195876525
-0.35179275868265919
0.26090700052689819
-0.19921797731257584
0.21472815026860165
-0.14196896180660065
0.22009346075407507
0.02943950287301637
0.09362194719677164
0.10600416070122418
0.01598561768374956
0.24120909894045239
-0.10323454673494022
0.43495887300559599
-0.25916829159125887
0.54297003619491579
-0.32069549911277234
0.73246763177681029
-0.30844990227087193
0.74789701177876322
-0.25653364817557051
0.71629401633848822
-0.07617253839831545
0.68034006438394856
0.02524352340950764
0.63901136035657291
0.21979327334740201
0.59851961465331394
0.37743071152190516
0.55510985720845818
0.58328453731521035
0.61596368513209132
0.74253041692458732
0.60156000435864221
0.90792195546764731
0.64948381760127616
1.06837174881585040
0.59638820817879967
1.20871890382483427
0.66032787987189034
1.31177475909601915
0.59061673461634290
1.40266530650172228
0.71230629871112350
1.36106966105049976
0.73602439767733574
1.28744111231341152
0.88949061278254982
1.07300124786101980
0.93741949791505930
0.94345562612739609
0.99282259691037422
0.68410592879086485
0.99997273673221643
0.58388379216406761
0.89869344152161790
0.44093027226810355
0.83747285238511282
0.39939931406856194
0.64894055432953723
0.28609965864669895
0.57481750911172125
0.22830191078475834
0.46708347251698207
0.12182962534173217
0.48776270460028659
0.11482445615557826
0.44407428832890011
0.01640336010248174
0.45659623925975695
0.01831745216975701
0.34592875253277955
-0.06126022633721126
0.31399774504103156
-0.06969115863517411
0.23773432147372076
-0.15321884136336078
0.17263327906424580
-0.17456470827209886
0.12201803633597000
-0.28439635267362229
-0.00244785029361486
-0.37081613460654717
-0.09721281232609243
-0.40176871108540263
-0.19435652941585613
-0.44509907806392252
-0.24571725450061865
-0.51603037896539306
-0.35177114656712738
0.26340777309607755
-0.31977521083091309
0.30658881255627995
-0.18650889487851721
0.23608267656889775
-0.06491280105926513
0.14776670221410895
-0.00132093842251596
0.09719348819780484
0.20144897134933215
-0.05648934624379245
0.32823027117606568
-0.17969043317651290
0.51072813753383739
-0.28618880841518379
0.63070186802235439
-0.29762241722085170
0.79456210937099114
-0.20655752278386208
0.81484775888647520
-0.10925056682560606
0.82119355451037856
0.09220406741511650
0.80319903570277640
0.25689997087014749
0.75925826586075362
0.45512496212447895
0.74535446297889973
0.60206316673639448
0.74005257178945538
0.78021762616795054
0.78070673048919603
0.91030500599236852
0.70106216736244853
1.10740670291101151
0.76775441390973886
1.16922838565152110
0.69312637365757235
1.31760348130240645
0.75990014287211805
1.39472906889688364
0.82557440373489555
1.31751647223523682
0.84843743911249170
1.28090722266683410
0.98120223381676464
1.10098605495622470
1.02442376907363264
1.01604131331629288
1.11307777765900351
0.81383069833261334
1.03933685944860232
0.62765851741590817
1.03541448213212117
0.53669693045833577
0.89853719215448846
0.39175268274807701
0.74601827637860296
0.29635007718545864
0.56362809056197061
0.14473048998082344
0.53787246732500293
0.12250457329992116
0.47452159085786422
0.01642329319830192
0.49507743813702176
0.02713357174080559
0.44690187469601983
0.01458206437473120
0.40425507565349128
0.02084094226445826
0.28755218210709854
-0.03500197264829583
0.27945123414293760
-0.01350871865558831
0.17087578057939046
-0.10706565970575808
0.10305457320266243
-0.11558477036524678
-0.01438221904722117
-0.23810452745731886
-0.09217897509609967
-0.26541739580512619
-0.22305998824352266
-0.33017677962384329
-0.26975216751630604
-0.29114695208182417
-0.50249923595927226
0.37015855274047410
-0.36103874082330228
0.31831983926379986
-0.30995893314614575
0.24673045304773886
-0.19336637372530624
0.24713716826551632
-0.02219775412711226
0.11600275563004568
0.06086696686876009
0.03370203508619939
0.27790076705934863
-0.13104087957585564
0.45443912822173593
-0.22605625057730983
0.65688767984453544
-0.24516341650899803
0.81063767737207182
-0.17818713843299261
0.89666270147887162
-0.02196584829306826
0.92779656721024495
0.15474586461877299
0.94458601046037005
0.39502646385876244
0.90357833501815676
0.50335703020147637
0.86616192815677295
0.70641216836133791
0.90981666496459490
0.77281736289475733
0.89507934942375222
0.89743015785915825
0.87188403606179332
0.99027286483198540
0.81032272811987971
1.17305079550160696
0.82913252438297624
1.26480610472765131
0.86345358135738204
1.26781030049954357
0.84094646752767399
1.32610930730398846
0.95133280234865492
1.21922630845388036
0.98898109807587020
1.17066037059457329
1.12036052595122526
0.98047583666217586
1.09599345771606282
0.87891166070952720
1.12344593322124786
0.71283104612965476
1.05508063370458394
0.51727086787154075
0.97272100697903352
0.39869449285271275
0.79972364402681628
0.26412137450272022
0.69370006172969245
0.17191635542379191
0.57565725827957681
0.04774123199661734
0.57159290349882885
0.03189045672248241
0.53039031126672631
0.00916313103765910
0.59167570292983107
0.12495071709789157
0.50986264654750379
0.11930139296237188
0.41399437765548147
0.09492482376045289
0.35726562897645520
0.07984994011378135
0.30258993542269674
0.09154138066129286
0.11264250185369720
-0.02141686908208100
0.00849708307510177
-0.07187679949461143
-0.12667183739463475
-0.13810384910520404
-0.19231328469975473
-0.14288153489526911
-0.30501657139943883
-0.22329060603020234
-0.52997756831194542
0.40576031039055277
-0.40409097619401979
0.36179861164806548
-0.37025568914895984
0.35140299217832455
-0.18997801169269618
0.21991369176778039
-0.11673070197112552
0.14549347802954093
0.07676963188740404
-0.01074076163429665
0.20433087716012854
-0.10670998691103184
0.42438196759888691
-0.19289849205361473
0.60522635632131172
-0.19211146124131415
0.84654176963647598
-0.10369444704372646
0.91671655062646862
-0.01690249787519893
1.02238328588889527
0.22243957736213360
1.04474960204914380
0.37213601020559839
1.03516551576457472
0.58864806910300838
1.02704521646083569
0.65444842602133091
1.00204032465483794
0.76283137957676916
1.05350610246458798
0.78576226652068537
0.95626992504038788
0.94603631096067264
0.95530044448402485
1.03019783226423001
0.94233690850481011
1.15149588446059870
0.89795549206464575
1.25178091880914910
0.96682565572853252
1.21609475909482301
0.96768778296468339
1.24622995506704237
1.08610575147826505
1.11959059498342195
1.09353581857460536
1.04172045448956019
1.15853480451563651
0.86249799021027362
1.10074871573321653
0.63361317352946245
1.09084784687340730
0.55352352927649018
0.95009358776603692
0.36993735896917868
0.86723578277107649
0.29000733702395515
0.71851147018687944
0.10125636032404829
0.70383594974315733
0.08047095535870870
0.63614784266591795
0.01892901139629420
0.68917551159017232
0.10507283238089789
0.65284542095660580
0.15090353274002846
0.70961570287289299
0.26995893281726097
0.51060062856553834
0.20571768582941002
0.49994874697673464
0.25570087226536958
0.35784881805113233
0.18024633161703160
0.21401872971696334
0.11362681448305295
0.07056270747223226
0.06795513414718557
-0.06915220941457820
0.00570576695694523
-0.20839417951938774
-0.07935144178786853
-0.28060737535528180
-0.07707213753509759
-0.49209760559092169
0.37876770050160158
-0.51883023527552319
0.39447454911239271
-0.35844473837889490
0.31135541105720838
-0.29556359666405729
0.25289894315744749
-0.11099683558465009
0.09413214341789491
-0.00770158862620053
0.00330338711782226
0.21007983579640860
-0.13074346995504660
0.36039183075551018
-0.18391370237171525
0.57324234893417014
-0.17652963921746728
0.75174865178649231
-0.11762229395073673
0.96262235384185224
0.02331403470518693
1.04041976318060825
0.13232500853638179
1.12729176353335725
0.36351673975859061
1.14324073358934086
0.47407902832978799
1.12915020150046175
0.58440739208964454
1.15251299376091287
0.59296488475265241
1.09860534237590479
0.76064318155034238
1.08697943688405263
0.82534233892531106
1.01589999029834210
1.01286941138509934
0.98966844877546689
1.14184203848940635
1.04141152370380108
1.11863134283217036
1.01910104130725632
1.17904764233265835
1.11275243992121031
1.12908853649133478
1.10324135905462772
1.13305291268027331
1.17496650534448710
0.98817378945527246
1.11861896530406635
0.78107365280051277
1.13417904212044540
0.72968487339124977
1.07497369411123911
0.50040833538771390
0.99249040856442239
0.51661452665889973
0.88579595586849602
0.31067937406367341
0.84525930257715187
0.26303168097539970
0.78693290665101612
0.13006432645283461
0.80862974844872604
0.14272021909324947
0.80767190185366255
0.17697642991351267
0.82324950517423168
0.26914861263512030
0.72895972903714679
0.31543966948360214
0.65867857548102438
0.35186012125310284
0.50908193149829639
0.32403539974327261
0.46892083655376754
0.33808315924106080
0.28327663071251558
0.20970829771758664
0.22411780577691801
0.17551554165878785
-0.02816585105227281
0.13006074204781951
-0.17560344158058000
0.05003817940727834
-0.29757263341164264
-0.01346677471381476
-0.57522908863540345
0.38362247503527891
-0.44518330987819482
0.32724039142960859
-0.42153911694496304
0.31058090548880163
-0.25903740039798168
0.17161371996075225
-0.21133207976942717
0.12046634124554362
-0.01615680556522880
-0.02837927767465659
0.11549509836725831
-0.11191625564963238
0.32847560117874253
-0.17474246774445146
0.44265356468252126
-0.16449341430153119
0.71649396928251885
-0.10521955169358697
0.89842931161376027
-0.02893454075566742
1.09340925390311394
0.13273894882771720
1.16443370351015907
0.24042157261376634
1.20581227751129316
0.41684445623890748
1.20999694444672357
0.38597069071551504
1.22370360342881557
0.47618212211232924
1.20511948249274226
0.58420280278136105
1.15456704150211187
0.77893174102914964
1.16448606202438465
0.85105822920927432
1.12521970720420161
0.99285908680646828
1.09282701640097657
1.08961176332703169
1.17672423948977878
1.04963649663232794
1.14849336089493592
1.08093143638859512
1.23378532845699040
1.03155061475622833
1.12687782626539423
0.93202933268300514
1.11606291370227950
0.86883787876972962
1.08874643867158993
0.73180301273485426
1.00652432858630747
0.69486526005675253
0.96767102879444422
0.60883102151221369
0.94399858423972594
0.50211782057737031
0.93056935455938938
0.40287014583662106
0.92982815795772178
0.30211203008634258
0.92364082285323734
0.23658580727504502
0.97994562304896138
0.30675997586392179
0.95145140849702470
0.35761335948713907
0.94962056883831036
0.45083307867115840
0.68701874200835955
0.40658873726238576
0.61491727695723242
0.44197057328959155
0.44307599140509302
0.41227129070113577
0.30767582707974761
0.35094446170422833
0.12885648866614119
0.26359297079051935
0.01656329045901965
0.22612669001476415
-0.25798069918548117
0.06155431132455157
-0.23909720984100719
0.11858387850911303
-0.43080115383234135
0.35343777110762653
-0.44862806541064748
0.33256152225934843
-0.29896549037123793
0.23234840513225555
-0.28242666019030033
0.19600976613468413
-0.14324293753691744
0.06909998229486231
-0.08128085246348271
-0.00011393492645589
0.13420928718892822
-0.12103410926223390
0.23820138063184554
-0.14786353599708957
0.44891330703840443
-0.14534564725396551
0.65650891705857539
-0.11447356944529469
0.91987561869097623
-0.03761181046362955
1.04065307972652432
0.02773296914181392
1.16218578368939851
0.17623037989468729
1.15882437111808279
0.19107328024420225
1.18496431714520756
0.22381637517492284
1.22588629479727484
0.27098678123085895
1.24599800080663181
0.51296715577178653
1.26632403311270814
0.60044315880233090
1.22471436686029289
0.82973660882448552
1.18407901146908690
0.97064875854081523
1.22364771148979190
0.95227957458195234
1.16225687034757397
1.00382373197880459
1.21405232453478629
0.96359816946897936
1.13840974607778311
0.93312762145970962
1.16046108199615405
0.93309210049419089
0.98481864051394019
0.88789434242973964
0.91927683707975216
0.87208602754753217
0.87083662227521064
0.81115613732375358
0.86764900810745316
0.73953771349228492
0.93838938067355271
0.56201691632066364
0.94156285018711994
0.59907531103738365
0.99067860430348742
0.44070665433089201
1.04828137241660113
0.40585389183741072
1.03946547447863025
0.33543820756738019
1.10002306918666859
0.47097654466351230
0.95070528184135605
0.50191008637049628
0.84566861323225795
0.52232209503384652
0.70489638164643909
0.53465897710341914
0.55452758863036733
0.47976481326781589
0.33669328119652303
0.41433941257206347
0.18719537043952281
0.35223223954785077
0.02646229816106049
0.27911575968005270
-0.06854707478026276
0.22023604757150056
-0.22028604437276611
0.15216811663588728
-0.41466049954040657
0.39448468182529217
-0.28292162500175921
0.33143454462291877
-0.26419664744679106
0.27870820112611588
-0.10999646402511770
0.16748656478775034
-0.11825633663289883
0.11733503804625994
-0.02551234662220950
0.02536964000820295
-0.02223159606467977
-0.04394986952176178
0.17526953164607298
-0.10646779734686673
0.32730842962624168
-0.11496586611009271
0.67512351337372456
-0.10702101239305720
0.79322173465006252
-0.09708075673578279
0.98415788832165507
-0.02299025961820329
0.98156240449154908
0.05456792423145768
1.11226815182802730
0.14073144046537123
1.09875326351155111
0.07061959943151733
1.18368977908520701
0.26484635054900385
1.24150028844871119
0.40094188133311287
1.30165947651425995
0.62579567799276847
1.28917970594470166
0.66762381998410336
1.26510805494206280
0.83163025693678616
1.17497197399949926
0.87029077509614772
1.17326053211205505
0.86863159311209159
1.06917848953588979
0.85029767978783932
1.14363963508559263
0.88065447758664606
1.02111489138061629
0.87314548924602065
0.95781741186849467
0.89262406736323219
0.83405958113242051
0.88928071915351870
0.67334741346793503
0.94702329383201866
0.76640223703099375
0.81056722854384333
0.83134313579361330
0.74751077455863391
0.91293068181599701
0.69334171199241568
1.00127071859028893
0.59600916383934743
1.10173253703756102
0.43899284059646243
1.15114121496481836
0.47236926400731966
1.08592184584802331
0.48331830909799578
1.07386455479949894
0.58255844174847626
0.90217840877881494
0.59336543446105883
0.85917831962364966
0.62760391829103068
0.62439733278313669
0.54211500972304905
0.46369315546203704
0.46884388398162813
0.19400644492499980
0.34222912995223598
0.15718939468360432
0.31355688476679089
-0.01336076405899336
0.23170347017041254
-0.08911477375199167
0.18480387874902091
-0.30177385932101036
0.45791082023885221
-0.25860341221502903
0.39877079813010069
-0.10139173155034675
0.31049104122804455
-0.06770947652273139
0.24173302835678326
0.08819335973057332
0.15410469542501692
0.05953916785569728
0.07195104644343535
0.13357644927038170
-0.00798227136794172
0.15357888287015134
-0.08148112109045509
0.37424324002815645
-0.12014885366479065
0.55318241129981871
-0.12769747858962135
0.80053445124068368
-0.11103326888942168
0.82234193537824130
-0.03030978156638851
0.84616823521762474
0.06460160777226329
0.83683121577509423
0.13675382803933073
1.00867602050370131
0.14556121570143751
1.09164757562118475
0.25100519372863378
1.20714268949415571
0.48905205113129790
1.27001170030909782
0.58551376430482560
1.29087430829836336
0.71501939626823463
1.12794119792700998
0.75253697133486275
1.16453215328941062
0.77560735440866457
1.00662079444728270
0.76893658479248972
1.02244568128934787
0.78822774493085357
0.99290296795434074
0.82517532748644939
0.92108940770058889
0.84449498799705347
0.75257614739778922
0.86095495754761964
0.63756629620074823
0.94118863287863219
0.60524642009365848
0.92926643895216621
0.60349515147481969
0.92279354484053044
0.74463269583903746
0.81485362994083577
0.78517651036679992
0.82171861242109823
0.97027337783485379
0.66909786903407020
1.05385946680237885
0.62714679179345989
1.18699376138725099
0.52081582187521991
1.23942898481396013
0.60585187898901072
1.06562844068995211
0.65384327553867594
0.97342623179074383
0.68054097848760753
0.82003179820890826
0.63673877802285750
0.77979727684308153
0.59494967417450062
0.59602702541807673
0.49650747928792260
0.45453567678631224
0.40699568962642280
0.21205135194781688
0.27938761263550382
0.12454235128925774
0.22747623883742396
-0.02407870120505337
0.15555466471247503
-0.30338042534455728
0.53117525100696983
-0.14944412416192815
0.48786965887840722
-0.09787269008957364
0.42452493425524418
0.03991176416034285
0.33202736177699510
0.12970930585806711
0.24109230499072135
0.24534878709132354
0.14363952748907463
0.22142770388196112
0.03412229764397168
0.31906125716843525
-0.04448750275234924
0.36225328290548753
-0.11866119345359784
0.57096314913255697
-0.14372076734216657
0.64581349428386614
-0.08786954586857601
0.69491605019849856
0.02009988074620948
0.62798397947259488
0.17614088763465102
0.78878321389585071
0.19351068589336048
0.87263876722554445
0.22895058594761777
1.04951956959337322
0.43737981537037129
1.13829766058252058
0.54518750257780346
1.26635260108576775
0.69103234567677041
1.18110369096834789
0.68562102176494810
1.16186889739810617
0.71736865665909122
0.98933743447172107
0.67036131705481916
0.99305737193730292
0.69098668241412875
0.85116630927652781
0.70761090219257672
0.87230564436222569
0.77311377811939153
0.75458818902731295
0.78686350505721903
0.64892846819363803
0.82336918398259651
0.55786534979096936
0.85888652671752252
0.51420395454393841
0.94104423791444525
0.61164292822577548
0.82002267887565183
0.65761132063979522
0.80787498837078020
0.80964888031502003
0.72477115508710088
0.88324612400474944
0.69871248956386478
1.05460762957678478
0.61329102697834725
1.13970526288841811
0.55058205684154859
1.24859420430181101
0.69589187768475458
1.19107245555793351
0.70659697051229009
1.07946602543439463
0.70818907845604084
1.00215144113655308
0.67084955161486626
0.88762748786880741
0.58279647223090225
0.76372045113110254
0.49503209883225052
0.55801931541792493
0.36964670289749485
0.43689079771437056
0.27163190821050065
0.16639769161842061
0.15599907209469893
0.13880815234136978
0.10751248858480557
-0.20488367422248638
0.62652244307235638
-0.13184294492032672
0.57430698712146766
0.02476990679885037
0.50964259062176698
0.16352176578232516
0.42099715242084879
0.29008296101716224
0.32659855961770384
0.36153657855972404
0.19978693146419854
0.51826381944934008
0.11850918552444109
0.45916294426229343
-0.01513656160193559
0.50591431128669373
-0.08361152091673432
0.50500707313986415
-0.08311368007099401
0.60200084042982127
-0.07034344223295907
0.55401987932492625
0.11430082143754826
0.57526382778308127
0.24455843939904545
0.67693290805223749
0.32501730719362726
0.83811997187971932
0.43285831774336547
0.97462106939748461
0.55321919516300277
1.13217797349714200
0.70691364953823943
1.14863904043117593
0.70167882519572977
1.21239904958910083
0.72857657883623594
1.04975352178055159
0.66124589506205089
0.99234675132259897
0.64756867103784699
0.82855216051551628
0.64210387860574625
0.79838080333367090
0.64967807511532283
0.68975360933419494
0.69089391404473499
0.63978873999402952
0.73063103197977231
0.43706219081167341
0.75354909040059481
0.45485668686779213
0.84841182372229729
0.48686358100371652
0.75777026322862695
0.55637515102355695
0.74756066092154994
0.70517514137983683
0.64854966019382332
0.81478135057643764
0.61624776362374889
0.93133286119176795
0.53783596345522588
1.04000848864182482
0.49249368899854340
1.17808651310467427
0.46319172490765842
1.23153580336049862
0.55921572532340247
1.31956242795472178
0.66749593345979208
1.28482356762540495
0.66638821969074402
1.11625386558844997
0.63179085048002070
1.05065390556937710
0.55434068844091577
0.84168138680153592
0.43274117176097471
0.68952941851431393
0.32773229178288354
0.47241918935505045
0.18427136380326758
0.31651099815870148
0.10678802281090020
0.15415085170490372
0.01610313111149437
-0.11330473361080161
0.71018196206926576
0.01531176797708241
0.66144458554607655
0.16505437063810213
0.58173269390318594
0.40416499959024454
0.52486488383040830
0.43141999077370347
0.41389198145234835
0.54910581821957116
0.30723550614871586
0.60798386650593750
0.16563046460752712
0.65968688673013531
0.10336267218778782
0.55537092465444315
-0.03122963851296831
0.54352532335263959
-0.03544394189818416
0.51952697455421848
0.03525369403564874
0.47877841371888996
0.16144653759981592
0.42541619351231391
0.39536186408232143
0.62995790217263370
0.44067846487178569
0.73629849310831541
0.53213013646515595
0.88168669357771634
0.65643065624565600
0.97355545548567279
0.74680704006058896
1.13281302219942015
0.78842238646779028
1.10038888741061869
0.69781256622089927
1.08138432553016872
0.66959896502188920
0.89852023569561768
0.62174900919943377
0.87384566567307420
0.63529198246285978
0.68341868852405863
0.62873450364651839
0.65640853542045485
0.64401421032434536
0.43324931426765401
0.67438742597246126
0.37224174824290029
0.70756850984558939
0.35842993179707594
0.65895589183088232
0.40613272554758784
0.67504551997931150
0.52732641185538554
0.59378250346392869
0.61490290547908377
0.53594564838116121
0.77986414497406198
0.47078160896926108
0.87975540428582455
0.39903426350400084
1.05613782294288172
0.34185934760385250
1.12045445665646204
0.32137356350482049
1.23471452704007967
0.44895696461317669
1.30068927065963447
0.56515057115536871
1.32219604211329633
0.57743600248677396
1.29624716025859787
0.56984409440197692
1.11821025772178295
0.45505619318453011
0.97265827299818841
0.35748409925455321
0.77226680811239745
0.22372793037972838
0.60096427284486953
0.12363231205225657
0.38885211613794352
0.01641558177313079
0.28883909366173166
-0.05262877047984378
0.05636551157763488
0.78730765212977438
0.13600494007301273
0.73903003449662008
0.31010250328237193
0.66451450724638572
0.45177944290374400
0.59586024101101098
0.60120753778636526
0.52614019031002957
0.64681454546379258
0.38148683524040705
0.70512241283618715
0.27565366681212655
0.69370135273424061
0.14720559044126399
0.62573860908270096
0.10448407253733413
0.47551801024227480
0.13911443870857354
0.46496510240538141
0.11597607205597223
0.34369510283176141
0.29872863741856637
0.38485063481089710
0.39713781062985881
0.44893782454232489
0.52988993975278698
0.61813793449302079
0.61897094311713785
0.70517165778896762
0.67100970001035332
0.86409042709396056
0.78234253424255329
0.98676983605265733
0.79086503390512841
1.08127854717283367
0.75364015924201144
0.96474121951436631
0.60047234016385631
0.91689463434052132
0.59577326347436232
0.76868851308598107
0.61225316944740393
0.68483930063716758
0.61640882794653917
0.46051131738325535
0.64101060392065723
0.43213509500562985
0.65465589737011642
0.27273362258912270
0.64050835360327918
0.28351398479450540
0.64871477441518410
0.38718774489172153
0.51674797482604862
0.40449980263422924
0.52654467451349352
0.54266250532855864
0.44549701569682015
0.65654241705344374
0.36564204424212637
0.77899250571881473
0.27426746247349382
0.81319676316923639
0.20018870827174035
1.00229784631231489
0.18807363975019087
1.09141334571903670
0.20573298341078525
1.30653015029308550
0.43552382444402010
1.30162535961079961
0.46916792261027862
1.31241174917909365
0.40388949444417122
1.24954860571751425
0.38583323478504283
1.04380945498010669
0.25855710782154667
0.86929212230766439
0.14692046394021110
0.60412348269223082
-0.00149480581475749
0.46575793938586935
-0.08763988180757851
0.29628818539520607
-0.16889575928943112
0.20368091350537731
0.83199415586212322
0.34061639290136619
0.79875300554878736
0.41232201453987050
0.72132315024010074
0.57429300734346278
0.65253067275869903
0.63397713097610708
0.54080400793367656
0.72244027027932656
0.47665001598603551
0.75776926220906948
0.30749889654307427
0.75460973077885685
0.21396540000743625
0.64765413020306950
0.18542281771012814
0.55822311323076934
0.19643658388992269
0.45196556062112953
0.26188752608747640
0.34240222904180667
0.35225676216647356
0.30461074168019475
0.52434520994616540
0.34710640741927612
0.58868307744779480
0.46907503605155110
0.68544145112352017
0.57498670976433475
0.77079497092006088
0.80727033578964713
0.81311828809955000
0.91744955846169485
0.82823047504202285
1.05030488889654605
0.73803753142039774
1.03206298425073673
0.68750090826679511
1.01012714766435741
0.59851577608863105
0.82315057493465160
0.60389431049079945
0.70368267210312174
0.61685639357052324
0.45437755449005401
0.66051689536402314
0.36217722677049613
0.68002888298662201
0.23269203846010761
0.68868772123651378
0.23935561685281206
0.59435712402052454
0.29895574991442880
0.50540260167237039
0.37860837262469954
0.41296899024086386
0.43685588583678636
0.37083876315384962
0.57497204352959352
0.25408487077150149
0.57091127253492557
0.22190464933208401
0.75724070618605022
0.12091985682645229
0.88773214782266519
0.08832830048368655
1.13050900949702005
0.15838127361155258
1.26697873483929802
0.25221985542027159
1.39651415448934890
0.31681790049998437
1.37517672004531466
0.36478413783268943
1.24781976309137876
0.24439289979409018
1.15988118128774853
0.19343494621253257
0.92215344784332665
0.06290797537178652
0.76629991615734250
-0.02737068401385868
0.53974621106517096
-0.15715770594210821
0.50963636362709175
-0.21406040360969172
0.35647017019226779
0.86476038168122493
0.44476258119660056
0.78928886951869803
0.51966004030601209
0.73248442656566481
0.63687080046713285
0.58780667570078615
0.66225600151532582
0.63367043639992371
0.76305879682602817
0.39526489135649628
0.75505292017607517
0.36501039817391856
0.74704111420713337
0.27398255995484366
0.67136794290482560
0.31154083043409037
0.53650654546254473
0.32857112122846477
0.43554957945537282
0.38738552372958229
0.30723515535509882
0.52246788213838524
0.25245409022880932
0.59820871605937498
0.22430273004824375
0.68687533702114412
0.24530972495083520
0.71933434091219284
0.49962210285764058
0.82451495340926573
0.67308081471981573
0.85632833656108720
0.88996909962614601
0.86098206417478840
0.92778720982866036
0.85855484340235522
1.02262488547340813
0.71458150986187852
0.93232272257462878
0.71808578184355676
0.90093060977809136
0.66735074080597456
0.69927569047979221
0.68999428211506431
0.58754102139812381
0.71583272891760563
0.33867574227005670
0.74091026705606078
0.27029812270258968
0.72248998485534011
0.23766720957466930
0.62175124805932103
0.34489370180328305
0.41039949945084958
0.35668383940798487
0.37934195831491313
0.43127657866168512
0.25969785761785436
0.50831350989321678
0.19186492256396798
0.61802937325378049
0.11206612389755070
0.68215920954598064
0.08563984080460672
0.91726071996635616
0.04126124854149284
1.08686965839248550
0.07896245343151177
1.30125208523566260
0.17316061215441983
1.30281667224884923
0.20820959341564171
1.36282784726484896
0.17247868233896474
1.32386286111913298
0.18834081139089892
1.14391887954421034
0.06817509607666837
1.03520177870574237
0.00145129063706976
0.80547997999322862
-0.12517330861794818
0.71254109780435682
-0.19128263321356637
0.56282854039888086
-0.31940420312644374
0.53107691912971777
0.83059755555308545
0.49782565591295430
0.81070670115870735
0.63276462999528027
0.65658555895351955
0.58586889629749728
0.65026821827017423
0.60797679850348163
0.54246753306108675
0.66293967164063694
0.54576752820697094
0.70350079261078435
0.42597993170127213
0.68125501969977487
0.40451066104955147
0.63953701248877226
0.36620231378037005
0.55898262785558228
0.41073794261293262
0.40893878121812172
0.57211614806917088
0.26335065336063535
0.64119932386121281
0.14166485031533285
0.72705558592971653
0.15430768822650415
0.69268881750886813
0.28107635312650625
0.81458259988809190
0.38545751362701497
0.86847316405299080
0.68761744688742532
0.92974626030069185
0.79317516692951329
0.94632066775712476
0.93580882875037452
0.88110928409426525
0.91047319906170499
0.85479564677967967
0.93370596663139382
0.76702505940884869
0.81989691056376024
0.78625982175431930
0.74523578560963455
0.79051003835446954
0.55506512600447389
0.82228954838151158
0.43551791165212977
0.84106425857282430
0.30424526953491271
0.79842652895661292
0.29777654040751594
0.70257280040292036
0.31223614014977724
0.57722772834495450
0.38744734319923979
0.41730863423624864
0.44875145699657737
0.30794458177287948
0.56380251896938471
0.18358718338249327
0.65311156247600022
0.12761512260832186
0.79376462858311891
0.08548472847069717
0.88981094394077687
0.07446563913573351
1.07419494736730403
0.06206352332821757
1.14739731015146851
0.07763130390030276
1.32650078199223254
0.10585198922189479
1.32713431166519857
0.15937900747447872
1.25341487478654678
0.05017167763070374
1.20951464216284355
0.01157480950302202
1.01458108374071343
-0.11521585657520661
0.94895362008768880
-0.17000087556714963
0.75651299025435437
-0.29102080273134240
0.74457187803411862
-0.32602503845459857
0.35853197696795353
0.90716750702061999
0.46890058634566184
0.80949511833680854
0.46180370801651593
0.77357656080313386
0.51063779443526158
0.70674185095192787
0.51140230977293188
0.66274113074803953
0.50936042109854152
0.65375066154246575
0.56066472754873720
0.61501938698892555
0.61422067105578204
0.53516320387131999
0.56285872828415950
0.61935013348149870
0.47706266799532360
0.70728708744246560
0.36811233886747369
0.74498372920694189
0.19999572027110823
0.82804090066546454
0.04389080830175002
0.80718530686448098
0.15115477040840253
0.93563944677637612
0.26405667534511190
0.94747481242401621
0.47626652655397567
1.02311977556407285
0.60588458933422118
1.03377006240562319
0.81375619120012177
1.01812051910260948
0.80138868384951023
1.01963557886655520
0.84177502874740373
0.93094827905319188
0.80841587262612358
0.91393819701326573
0.81254417484932673
0.86904958583183578
0.72834083006831674
0.92994174425178633
0.67752903134847309
0.96418055481827469
0.49045931550545646
0.93617332841928724
0.38270414801723895
0.91439095712156515
0.34802189429166008
0.79884100488046073
0.40328651945111488
0.70085117223570126
0.40060252956820014
0.55376162049184841
0.53237341526779713
0.33729820056998883
0.60413745943889829
0.28038610693445143
0.72248048513256624
0.19373322646068775
0.81048694305731228
0.20220297025435666
0.93056085718747994
0.13594021094828407
1.00174612072754532
0.19370008042815282
1.12590234938981970
0.08554560028101679
1.17260479733295253
0.03494494687355997
1.24900024963107281
-0.00087259719689349
1.14641100513910543
-0.08039123689369831
1.11116867364740535
-0.09194261478387682
0.96675638384512119
-0.22503934329391773
0.93492944857160709
-0.25147259754428153
0.78747256237272745
-0.36055124678215705
0.79556755250638722
-0.41402639151204013
0.21480483299510525
0.93140748976518417
0.23049910623123918
0.88294315281205438
0.26833387263959441
0.86287564516162363
0.31784375898367667
0.83891107297551459
0.39042653718532006
0.76565361631374107
0.34184897257427704
0.82224260481942868
0.43850754667442821
0.75111295487261087
0.48539498965950983
0.75692946027097252
0.52120333264572138
0.74635148110142646
0.44393210547717116
0.87568112169284595
0.31983145558668874
0.96225288390192487
0.19911958854548439
1.00749573525261082
0.12135647951739034
1.03919090061461472
0.16958331334990112
1.05646011454432776
0.34044479420294482
1.12974961458268419
0.47127312969429286
1.13790361382076655
0.69890720761246483
1.16812802187042131
0.70411846516310783
1.14040347460770630
0.75925566435141123
1.07048273181620224
0.68871221673295746
1.08175245527709052
0.74613958172223482
0.98058086498738473
0.68662495254611566
1.03887866051221911
0.75428905395149348
1.03185309015774851
0.63328479369152546
1.07332775761156163
0.55835608854782448
1.06931224198879948
0.46110118048382343
0.99273525384340644
0.45779279492541258
0.90512961593089969
0.45052689185927619
0.77865194637387680
0.49978746868667834
0.66681677269238804
0.55203939481003561
0.53944581265830049
0.66252383603582776
0.37988795847663542
0.75905092410531128
0.34981301813545168
0.86423759653529297
0.26925090199796498
0.95082968864537543
0.29101614949700094
1.04526666618141961
0.17009118712497562
1.06984220310018330
0.14880688963513322
1.17643118023479398
-0.00787424400475733
1.11065457214520835
-0.10096187231975016
1.08869237833243093
-0.08903334899658916
0.95649604715173908
-0.17876094568073947
0.95989345029105477
-0.21014978263897066
0.78766995461654232
-0.29308888180661902
0.77714274469000311
-0.33749310536859034
0.65588903046575808
-0.42677387823080559
-0.02847694385720667
0.97322103872051413
0.03032646653421123
0.92802629740799247
0.03138036108072322
0.91291507660716409
0.14890194149016234
0.89258084381524827
0.19097582753419920
0.90100642811194376
0.21124519673335618
0.93273317973773384
0.30077659076350333
0.90977119385235605
0.39092585745135289
0.90367355127479709
0.40208333783868572
1.00298253843354068
0.35751921308824047
1.13666458416836336
0.31679969787976148
1.10074705614418233
0.22628985120410877
1.21534537836640300
0.14863356147785933
1.15756018496444835
0.25996341030807030
1.25856683965438521
0.35061190732267655
1.25439979261963841
0.54266056545500929
1.28295923002274126
0.57468680537581562
1.27566830313910939
0.64494932781732506
1.20110907941819134
0.57556295120925149
1.18873325411763542
0.64950156942533710
1.11637591439176442
0.58672669724870308
1.13140576516662450
0.61165700842464343
1.14468995532607076
0.63483765244262380
1.22853064258805356
0.69711032770049486
1.26413350236451394
0.58293207071222475
1.15777338737289326
0.56052446540353451
1.13006731050156706
0.54356680877133989
1.01487108387003366
0.53614541556678896
0.90521814409143231
0.50484805410562850
0.72325581005037742
0.63144104335182183
0.62276675453883568
0.71180082144724255
0.54811469470103047
0.80849399873075167
0.43508230977285439
0.90284471650940268
0.44971359884846185
0.99017624415612193
0.32423764448376247
1.11234927507761650
0.27384633278325593
1.11749121609084012
0.07015613401269608
1.14478969279786447
-0.04548387660547019
1.11374252769172033
-0.06556670734602256
0.94563308044769923
-0.16877495653167118
0.89303038498656195
-0.18430503092419437
0.76810064565225489
-0.25064545105341396
0.71845874042084679
-0.27938828479644889
0.58575327295804180
-0.35401540804784015
0.60744476978145134
-0.40064859749418080
-0.22359315192962698
0.97070126254290778
-0.23459762470126055
0.95589737868018121
-0.12343356518613735
0.94904836080210098
-0.04815720467251111
0.95123687822634140
0.11597885881079716
0.95513803413057063
0.06617238539688500
1.02332631388124651
0.22749938122294128
1.00209109269606933
0.24375681202923677
1.07993289050571439
0.32744048249045865
1.11350073051518805
0.29806587778210158
1.23621966512806747
0.27136497552903704
1.31260133031795756
0.22970750581030314
1.28794895524823727
0.18861241053325487
1.36034199181960336
0.20327800243416688
1.31390075983871801
0.39789670560771473
1.39503670399479907
0.42072715318228110
1.38359587817212604
0.50096772399613709
1.32893531962414113
0.45108133344537421
1.30013666126585958
0.51142632270993538
1.22653077826832146
0.44982877217358724
1.22838653399450615
0.50061448494889216
1.19701190842721039
0.45257867254285022
1.29712551413917487
0.55133999251732513
1.32218744193030902
0.58615013763094870
1.35063587730039347
0.62323829188166002
1.30208923874159810
0.60773668109436896
1.17530700035346758
0.64288079708038626
1.13190644080217195
0.60468351223097638
0.96785141291585230
0.61611948969417996
0.87840836136123990
0.67719209466685248
0.82946681814337708
0.78037258538633958
0.68126079302026932
0.86228255617590566
0.64689743787717202
0.95574060050234100
0.48509855708630301
1.02545639625295659
0.42952092498544014
1.09698656472597689
0.24819426525352095
1.15007967826516433
0.19039255423993129
1.08113285683555271
-0.00115591568959258
1.03865862426355937
-0.05489499083463453
0.87334431509062749
-0.17179515974867932
0.70216409667255109
-0.22368514817748855
0.64626783705427737
-0.26022090780218243
0.49160161189361207
-0.32344154095002836
0.50840365230605333
-0.35163980675355405
0.40307081559328956
-0.42035524163968857
-0.44649805790684405
0.96100972077786162
-0.32585954271532441
0.95512669512483994
-0.29887311590117127
0.97355015416451418
-0.14986864003149958
0.98393282762861367
-0.09079336016015332
1.01902420873844113
-0.01220954827191739
1.06769110703506453
0.01470712509827513
1.13123563662391269
0.15896299876151909
1.17514635791634214
0.11834097979616483
1.29394492725461374
0.18350590042773082
1.41241838982956835
0.23729003335602661
1.36327836115907131
0.21261683374748563
1.46644874831103489
0.19497955848058102
1.44208711797884592
0.22541164678071662
1.50445246038599456
0.29703865426767023
1.48916318647333634
0.40145514978058194
1.43172758571481684
0.32531996882253916
1.41977806724836331
0.38022552590895298
1.33325898271123733
0.33088969157218140
1.32261665550238661
0.39194112283173033
1.27380150767756350
0.32668143326763355
1.33243269845926582
0.38797985024981085
1.35614481610494786
0.40444862126982345
1.45689811919085765
0.58354167883417685
1.43116726474128320
0.58805629795062597
1.36458599632678346
0.69569710368387494
1.32367485559685605
0.67908764684116008
1.14902221795222692
0.73121885613595017
1.08342251309975723
0.66528489658217627
0.95447187667613076
0.81299419637777492
0.90774378576349590
0.86545008810121304
0.87132538441013963
0.96444877298228182
0.67751524226557991
1.01914803070576410
0.60030145186832062
1.09587685266538259
0.39493847310838176
1.12144658355806959
0.28843786976284636
1.10557429512677063
0.09108852065457197
1.06989114006301222
0.04151536772490054
0.89371236315955749
-0.07466101385336391
0.84344600379593826
-0.11407569427043768
0.67763830135484648
-0.19588931913869950
0.47337120614797568
-0.26844086229921676
0.41379941112535013
-0.31172329453641978
0.30000352956500798
-0.39020208751676122
0.33842438986230744
-0.41808203152814016
-0.48538010707059898
0.96000122137615707
-0.49837145719022463
0.96639153271667011
-0.36617242817188977
0.98696180704831638
-0.32050087650532644
1.01837354428331905
-0.18131411653590074
1.05882580098200796
-0.22500422555083563
1.12526676472383991
-0.11271947798017698
1.19386094758487404
-0.05443923885811731
1.27638147263280688
0.06936648376160374
1.40430809457096628
0.10926858101680399
1.45581468505061817
0.16993103601470594
1.54544882300736708
0.19017795765130066
1.49012477789668552
0.17843596523763178
1.60119005001839754
0.18373764208695700
1.53849837762904418
0.29610100452948551
1.53791659711110618
0.25390642781926526
1.52593432597297052
0.30705217252943207
1.44240748290890419
0.23321032442880574
1.42547667103199616
0.27890957949048245
1.35744479939983864
0.24095098181832897
1.38133568972352272
0.31513138359654552
1.37320916936091053
0.27779307858445806
1.48751019219859626
0.40403090924571167
1.49512162236244683
0.46574888036846629
1.52447157289224067
0.67240824483827866
1.47010153993145454
0.72488590552525511
1.38058545753349038
0.83613729001777548
1.28150269169120024
0.82214684942718375
1.14219379774042307
0.90394976889541878
1.03614792712263393
0.94602119115321082
0.95042642067302174
1.02988849711620567
0.83515292876213065
1.06154343104876947
0.72340902916937522
1.13236918312046231
0.53124977489060166
1.14904123580585660
0.40907157292190033
1.15750320099343962
0.17198300430335514
1.13037966753425811
0.11895872690328843
0.95916196326772574
-0.01578805947791252
0.89666804905223496
-0.03226532572081855
0.69472067430470241
-0.14812510824967501
0.52625634586172509
-0.22913012151611339
0.42370774264427846
-0.27099310973126656
0.24500407282741710
-0.36491202964956815
0.24431475766449917
-0.39111778102119615
0.16720666820452007
-0.47152884359256125
-0.61861995250831181
0.99232092056383481
-0.49172330236663420
1.00251629701675626
-0.50547739075425524
1.01512186986339814
-0.35914767657384217
1.05887653804078630
-0.36698044375558020
1.09814981172907178
-0.26941281174035997
1.16745685394196541
-0.26784972650637118
1.23896430905544563
-0.09817117608518235
1.34987908537650303
-0.04072227394366936
1.42811113178719395
0.07965684457919635
1.59304974357774753
0.12215373707621761
1.55518108264094113
0.15287996071670976
1.64090989111741203
0.16137067180846157
1.59143423389916716
0.15092223589011855
1.69201470149228728
0.18187286289424742
1.65396316051628922
0.23157518550756009
1.53494370961201931
0.19521492660161349
1.52685810328127913
0.24043070362131147
1.44751872679549831
0.17297251456354854
1.45750518313734023
0.25187174000393669
1.41776752283322738
0.21678255271637401
1.48965909225352444
0.29686583877030615
1.50635297575593485
0.31801584076650330
1.58539021881800113
0.52907402471296816
1.53698726649769157
0.65384610374212837
1.50835560046623041
0.88379171738254170
1.42620836715495858
0.89889352792237953
1.32537064772293856
1.03144312002131588
1.17520356437982132
1.02847817593183999
1.05925782556731307
1.13949914705716293
0.88905237489162658
1.14584326694411254
0.79315888250529665
1.20121534885621362
0.59495350596579599
1.20845324663221976
0.48644202566274386
1.22185539429716927
0.27657333991737154
1.19762100217292877
0.20481668349585924
1.06802148017455134
0.03412235242958668
0.99277083610436889
0.01180000507236667
0.78688604896565029
-0.06570586521340102
0.70201971881471970
-0.09849582926735226
0.49729993677554962
-0.21939106087986970
0.42218136864797501
-0.27712176771327740
0.27038394039699132
-0.36949957535251743
0.13604913353921752
-0.45789608414425048
0.17358886198054896
-0.48900187177638837
