-0.80557549957955343
0.87614833878435916
-0.70520726713863047
0.85868841503459625
-0.56743905690788310
0.82887562311097962
-0.39868752143438785
0.79380807103079087
-0.20399617271052861
0.75879973816089696
0.00953002095403599
0.73041586032803496
0.23362396507052030
0.70736573384773738
0.46214485731324317
0.68886388791347475
0.68028979494575392
0.68077598783835758
0.87552201421155440
0.69002297072274021
1.04238934676012529
0.72372113334832366
1.18137577748958389
0.77885623254304592
1.29019082076428404
0.84179341357009185
1.34335578781055265
0.91272014311732852
1.27432087742202116
0.94442459528890721
1.15543561921468996
0.92838113956688129
1.01460148938065542
0.88357405966705627
0.86091250454524570
0.81642572148667469
0.70330063476756399
0.72417976214755519
0.55487771885192039
0.60421150736253260
0.40550819214981565
0.46683352079012591
0.25594063373969433
0.32156036840418684
0.10876516983294204
0.17531199887122043
-0.02838429181458334
0.03020513752805507
-0.15618657660633178
-0.11047234058614239
-0.26902241534118426
-0.24509439821790335
-0.36994818572481136
-0.36639720506841389
-0.47135773171580764
-0.45616714379114187
-0.57727945398582348
-0.49607029845685185
-0.67318071695788007
-0.46941961814823641
-0.73919875200883123
-0.38580067499217430
-0.78083678414586544
-0.26918361108322003
-0.80254737921447694
-0.13345598069348355
-0.80197603415626151
0.01252183534585295
-0.81435523937573273
0.17185009139679430
-0.83854901897278900
0.34007300467152674
-0.87352226732321758
0.51183831199372676
-0.90927098785119642
0.68116338187155945
-0.93906859662315356
0.84286823747726425
-0.95083770843993820
0.99106015018520799
-0.94805620935213186
1.12263552588493254
-0.93744448075001396
1.23541390249535654
-0.92435629252639573
1.32692325366023223
-0.91454517480009601
1.39258928942086224
-0.82686467035195088
0.80607781980135784
-0.72375492078127512
0.79035453999607774
-0.58399802061440576
0.76246250960029482
-0.41474753889066507
0.72861501157270736
-0.21963086035560681
0.69640310843977271
-0.00663138627443934
0.67030574793403708
0.21887814535684247
0.65177755929435877
0.44749329766013002
0.63857363068117423
0.66666516349533633
0.63481765950364688
0.86505272193664606
0.64711426507815017
1.03667967370505343
0.68232293325108706
1.17592911080938944
0.74383603070664961
1.27988862771634504
0.81784649831603784
1.32751539970414201
0.90252552832523436
1.27555119303776388
0.96548334128828361
1.16037007480489907
0.96861639553618795
1.02242928010551837
0.93302874655857160
0.87609932970132487
0.86681642358595623
0.72696335330767170
0.77596516331829835
0.57753909641233048
0.66023546745797812
0.42642003024168135
0.52629696791459224
0.27741947990085231
0.38217699873400851
0.13360083725612606
0.23294832758200446
-0.00168745184171409
0.08476943084806297
-0.12533828387104121
-0.06026795343581993
-0.23352803674639963
-0.19684553547746741
-0.33313652935026755
-0.31595722726830200
-0.43465857807786756
-0.40208645500742363
-0.53906887359096478
-0.43920136454395559
-0.63452533740621353
-0.41268532192665902
-0.69758297963367288
-0.32918425359096537
-0.73913027339527249
-0.21177426296325252
-0.75976010640802782
-0.07605538144541978
-0.76043545579935867
0.07072242289921173
-0.77005790692934051
0.22873867694665051
-0.78780202445626002
0.39410350380249093
-0.81460899803850073
0.56138508437806378
-0.84242253313453586
0.72515857730440902
-0.86634815577417468
0.87957351622240421
-0.87293349347410787
1.01939216787873055
-0.86264980783242451
1.14037400465738958
-0.84546354417211378
1.24148221131017289
-0.82681934274010960
1.32108219684287143
-0.81177565418376563
1.37606949543030299
-0.85939660285464425
0.70781390575026870
-0.75596946649534424
0.69424057578386877
-0.61499224740627301
0.66866941139304192
-0.44398673482134488
0.63879779129290470
-0.24983747889600230
0.61031958843056311
-0.03703758034073976
0.58991180471361171
0.18643133798980713
0.57545059529868758
0.41388170675166036
0.57022739360735342
0.63666863242136729
0.57526762089338135
0.83963278056573176
0.59329321770744237
1.01600783111384918
0.63351260383492769
1.15728620042008346
0.70193326506125531
1.25493874584936482
0.79450536897597179
1.29615506911062095
0.89913543853901490
1.25931650630589420
0.99089651097095766
1.15249680617073813
1.01536745249088156
1.01993294005409618
0.99523813031348762
0.87769752765086084
0.93812168051681244
0.73410018688547518
0.85143353249220211
0.58976916363733189
0.73934263497932529
0.44507146898853267
0.60603206362534534
0.30084082666829065
0.46193720021873091
0.16288728801748967
0.30966172367608552
0.03400238901626038
0.15738354800332349
-0.08416655215390959
0.01070013966433027
-0.19036562801394075
-0.12549866384798539
-0.29324182038241614
-0.24039102357894451
-0.39960589655555789
-0.31999055865775816
-0.50708730704063310
-0.35465639792164722
-0.60140729857367392
-0.32679778395744741
-0.65952646803496662
-0.24149584466662907
-0.69887115467681626
-0.12405351632988421
-0.72484696116166880
0.01387203971231011
-0.72988571353046583
0.16127619754638611
-0.73491724597601793
0.31741946794825943
-0.73840035836277829
0.47808821170163246
-0.75062353170372098
0.63807586271621641
-0.76416548026866071
0.79179183468503800
-0.77571261281566262
0.93492815954293940
-0.77074433663011832
1.06091233451907230
-0.74898689679267638
1.16579889762867728
-0.72179618160578762
1.24897242179025492
-0.69484294029766103
1.30978398137890983
-0.67243502765945251
1.34731581693617652
-0.88960808684395831
0.59033557529671155
-0.78798515810760683
0.57878480074888017
-0.64868449069857292
0.55681540391408613
-0.47819832215588248
0.52974432109618308
-0.28766520149149344
0.50701048978838581
-0.07938074748940638
0.49381945708334746
0.14187969703152184
0.48959845363290710
0.36886165416750416
0.49313543572895918
0.59085378778166731
0.50719315514013563
0.79632572838382631
0.53692350069076555
0.97284493119224269
0.59082837351415696
1.11350481678849156
0.67175546486232474
1.20806296680148439
0.77859164786624602
1.24635284429472892
0.89712496286546017
1.22402774945956483
1.00681011549706434
1.13590260346431959
1.06490639003996068
1.01183457425843071
1.06542146237915025
0.87502807959076501
1.02012172192967321
0.73476610503051309
0.94169010451322166
0.59522301299799552
0.83393797461845187
0.45704790830260117
0.70387506772212327
0.32338079647973966
0.55711880566597616
0.19522088156700776
0.40296550829110506
0.07247795674118038
0.24750620313350091
-0.04296690024863373
0.10010466091846471
-0.15378261816697120
-0.03245118868269978
-0.26483595342098698
-0.14108465563291919
-0.37763552944727213
-0.21617120605327686
-0.48734646268847831
-0.24926111454193711
-0.58088423011165413
-0.22109871109051879
-0.63142599170278180
-0.13592183204294986
-0.65925421362276904
-0.01951782484506083
-0.68005718649300850
0.11748313007370545
-0.68938814966393192
0.26577129938776656
-0.69579930667018308
0.42085802727596094
-0.68961898415018785
0.57667406616645855
-0.68206500907743606
0.72706983294000371
-0.67672884420518109
0.86845950187915255
-0.67014039288822835
0.99562869576589086
-0.64757317620281440
1.10308841415386683
-0.61080399164936616
1.18670230928639286
-0.57126087938686920
1.24656359164969666
-0.53594954544569762
1.28441760685853201
-0.50682764379184397
1.29980520319037796
-0.91266628509744152
0.45769025693975179
-0.81363834319072215
0.44824279591366317
-0.67711698639987905
0.42908584488405871
-0.50958170250279788
0.40700717165686268
-0.32428211172151655
0.39185661288432094
-0.12309443106698861
0.38724478533279760
0.09102634208955258
0.39378429954149541
0.31260998684514374
0.41115007021890143
0.52817670995747434
0.44068873095783107
0.72922660139480755
0.48783784500999366
0.90142133336287544
0.55742060481893518
1.03763141642063883
0.65344289394740418
1.13012228445051055
0.77361871587749786
1.17644008359578245
0.90231931520359709
1.16815336690034521
1.02583805526188421
1.10111004258598011
1.11287558553847421
0.98800631680859596
1.13754486658195453
0.85788406172399634
1.10846220182324706
0.72525714605681313
1.03845072363522384
0.59605015465354150
0.93538551064931419
0.47094872029306262
0.80725970849818118
0.34361098045732963
0.66258802645899240
0.22341806238852638
0.50735009351242932
0.10537782447830582
0.35124530300285417
-0.01451167474225615
0.20534580937763974
-0.13443596704528585
0.07771943727215663
-0.25613698088398690
-0.02468393211784209
-0.37415544560150216
-0.09726628143620415
-0.48655311832576492
-0.12995207370531336
-0.57640433415435688
-0.10377639000990042
-0.61711659709034594
-0.01924425743959695
-0.63415957510511678
0.09628630272887290
-0.64000234959969826
0.23207309437567192
-0.64196499855004918
0.37774367199584835
-0.64618193837254323
0.52917038690138241
-0.63076764079314995
0.67753805051142679
-0.60607655172454156
0.81686638872808026
-0.57890645055615841
0.94242248618937807
-0.54629406919268142
1.04903101603933191
-0.49935519917899823
1.13259527615678590
-0.44489473154280468
1.19063820787709118
-0.39367936071639625
1.22429545027764419
-0.35179459532078872
1.23727810615045453
-0.32430093926227460
1.23330491890368288
-0.92759919140309111
0.31199440525039518
-0.83006968489237132
0.30535288888050854
-0.69610941411791960
0.29036250099918032
-0.53428245260510776
0.27675834014740353
-0.35634006432430648
0.26858996274459868
-0.16238374984870318
0.27343594724138920
0.04444210972053959
0.29194404375994021
0.25540332196635851
0.32337638366248472
0.45731674424219371
0.37056875447578869
0.64531056987418955
0.43765076965236882
0.80985833787357164
0.52615898111200288
0.93972103606194957
0.63981849094521792
1.03276994255640853
0.77031645426402029
1.08284407189867427
0.90735195681534175
1.08642754863221058
1.04169371932215560
1.04064567778304640
1.15141679876749592
0.94772179091173547
1.20900632371556771
0.82653494006603812
1.19916993211557421
0.70281475874714272
1.13981032014451866
0.58462100982243903
1.04183013238634659
0.46934600397392540
0.91670448909177049
0.35297659288900152
0.77260062246800765
0.23820619731409781
0.62001824280000728
0.11935901370791933
0.46679276660646957
-0.00554199237119559
0.32429321274096673
-0.13568871364893451
0.19991331403116980
-0.26763340791072904
0.10134903322997478
-0.39086587460394118
0.02929090247636868
-0.50467754093490425
-0.00389253292401683
-0.58910716594758716
0.01824323403690764
-0.61996335545622050
0.10200869931693866
-0.62629340729394567
0.21600760894456084
-0.62378082929849032
0.34951074094282741
-0.61852616975011532
0.49102459173004348
-0.60328794969994715
0.63447363909529886
-0.56601458653981185
0.77196715142391081
-0.52018601761498118
0.89652538418161476
-0.46320298872478100
1.00090252071726327
-0.39728429374805158
1.08209055761574890
-0.32208699075903424
1.14080092386921339
-0.25143045857633994
1.17286759836962307
-0.19825960045709534
1.17924983194867083
-0.15710310067219191
1.16808206148523652
-0.13379194762945343
1.14625236856822021
-0.93296743556584882
0.15671755251734806
-0.83953490062378466
0.15264503224537238
-0.71018251093290330
0.14252869354751743
-0.55623382572233071
0.13724349154217499
-0.38845173101248209
0.13825371878884135
-0.20735608817024043
0.15336887060039323
-0.01369398283277484
0.18305950626680967
0.18552233049493100
0.23056790716049891
0.37333549697338714
0.29508231028196569
0.54802790074104513
0.38196682002866283
0.70232852101283205
0.49092074016907644
0.82439771965991471
0.61986597570921220
0.91492445308726855
0.76166064371165709
0.96677815903641029
0.91035582211805066
0.97794964566648912
1.05412129377591879
0.94758132555658692
1.17906269148776333
0.87721759192170157
1.26483926713265671
0.77184732272693601
1.28330377478069368
0.65766337445860090
1.24058561005544776
0.55226745154198831
1.14990268553923691
0.45074074929881197
1.02947737463918698
0.34606774411923147
0.88978020853266515
0.23534530432504883
0.73904783686635056
0.11384481298519326
0.58942470172218542
-0.01476473246913806
0.44922924311774803
-0.14982962323716825
0.32614758903762908
-0.28848886286796521
0.22909888426517289
-0.41579754867363833
0.15648268822959399
-0.53199095914019123
0.12155736085879701
-0.61583220009068329
0.13790391549307957
-0.63984982156101933
0.21893290539368543
-0.64055211945667734
0.33055217960589245
-0.62747591048978812
0.45918028129125571
-0.60622601137697718
0.59396283179159670
-0.56196931401104788
0.72607479657249352
-0.49224076522781152
0.84751291464847578
-0.41159306638262633
0.95099570363128860
-0.31836608865018656
1.03240951008929671
-0.22311041930020045
1.09175020632583175
-0.12377576871775049
1.12652600750089560
-0.04515197703991240
1.12918573728939697
0.00289735982293163
1.10731815674080836
0.03833856024202347
1.07317685498818638
0.05580580078870223
1.03928442431244950
-0.92534281369881299
-0.00433528777986102
-0.83754384429409012
-0.00683468315490384
-0.71621128057823513
-0.01169916377099194
-0.57291093359787504
-0.00991000095469547
-0.41609489816944950
0.00194554166228988
-0.24736393882312940
0.02853558578250457
-0.06859716387026568
0.07152095899805308
0.11457264053455581
0.13177111070313374
0.28874304437611248
0.21308848976717362
0.44706763719774761
0.31688149721711850
0.58629930929260909
0.44449627404083319
0.69997318413666976
0.58852835920083646
0.78219653364333641
0.74365094357319184
0.83165781486698187
0.90253147078968043
0.84567731357882980
1.05673539515884629
0.82703221006881833
1.19469968110474078
0.77340711537080864
1.30329940853653148
0.68713441543492615
1.35604448141700495
0.58601937583523045
1.33467322148485801
0.49262954139898363
1.25406437860319886
0.39948127822333540
1.14017803195118850
0.30041697844457954
1.00685073220889754
0.19231983789355747
0.86063193438599961
0.07422568984702921
0.71499566066703002
-0.05284069559437436
0.57674872129011934
-0.18537405578373500
0.45453603834961176
-0.31888435378426672
0.35444128652636314
-0.44572648014084809
0.28097109128534486
-0.56194684880761248
0.24242619611505486
-0.65088947719491785
0.25128201809011219
-0.66706184547107117
0.32697781530014980
-0.65740088259404705
0.43299969369834346
-0.62747070331398769
0.55220828643141417
-0.56989457499642360
0.67176781882743897
-0.48450409439857872
0.78403953625976652
-0.38183928402310779
0.88545223749572377
-0.26903432193765614
0.97183573627958508
-0.15382121673460297
1.03342308690563089
-0.04331098970339915
1.06716896972980457
0.05709457127526876
1.07165803618806565
0.13668398397552928
1.04762792257489590
0.18822335015329852
1.00444242277065920
0.22289109243025745
0.95390268145351487
0.23903496103246422
0.91071955526616133
-0.90390342869824825
-0.16947666768827507
-0.82244118527006327
-0.16995329239605900
-0.71076721513699714
-0.16924557834254980
-0.57949904937177843
-0.16077038708334521
-0.43460351432815886
-0.13943775725236493
-0.28112377428801072
-0.10217104491796505
-0.12012436920132723
-0.04709823636227997
0.04565031443493382
0.02827257015982586
0.20424170578291001
0.12532016864121009
0.34513029228573128
0.24660601116364106
0.46688548440404926
0.38947109478221348
0.56708007274254268
0.54685710543005617
0.64047118125930447
0.71575133282831538
0.68411691005200292
0.88601304095182831
0.69898643377654057
1.05035582084075974
0.68700785781617035
1.19994010376269111
0.64615365226614063
1.32510822546770113
0.57882269230187144
1.40877236534657779
0.49038167514842046
1.41747310477538102
0.40678005674641587
1.35129481708449295
0.32249795862643493
1.24556592914788689
0.22978347416024919
1.11841793383961963
0.12679493273843398
0.97797133505819778
0.01287276913244180
0.83620593603710458
-0.10750081657842062
0.70176194208781573
-0.23169499381884298
0.58095660243140779
-0.35554692123246301
0.47874435080456595
-0.47473518018186039
0.40061503712533592
-0.58551987592801413
0.35696860992068924
-0.67392956353885980
0.35261684639500501
-0.67821135529197518
0.41647329979259856
-0.63717456412391871
0.50681036662012879
-0.56241874022685501
0.60336584489199396
-0.47112464208449745
0.70326803057595400
-0.36275826636384378
0.80130571824569652
-0.24043591904264569
0.88811303972791422
-0.11108659869047942
0.95616447025640361
0.01321726676332427
0.99489235878870497
0.13037814860879327
1.00151756247074153
0.22995041608673239
0.97992212136096057
0.30764279732869576
0.93270895353092464
0.36014351768469088
0.87259437237984927
0.39569826348145720
0.81050978151769570
0.41090177156014213
0.75957345963152301
-0.87173008193713364
-0.33530419699094943
-0.79578302584099780
-0.33333190577028499
-0.69190227548718208
-0.32820450489253900
-0.57042702608703499
-0.31292697620861087
-0.43925572199853152
-0.28362664684254474
-0.30268545014262799
-0.23636308202519876
-0.15975715945610344
-0.16974047718873231
-0.01499455322945992
-0.07909985940582516
0.12186656374816038
0.03326743532208790
0.24426190206123996
0.16928164727993011
0.34895174319894656
0.32486960336554976
0.43297282088753697
0.49557390880403868
0.49534946429987831
0.67666173809401842
0.53371506423467951
0.85907242652912497
0.54869407591737618
1.03398384847844893
0.54150185178050014
1.19445676020405500
0.51137235421566807
1.33471525548875491
0.46063760230568485
1.44154810405970091
0.38606291882908544
1.48561455335751003
0.30711932348599658
1.43977560403411742
0.23154911391412342
1.34369363021697463
0.14686237413407199
1.22405960022578930
0.05321392070907224
1.09105103550894555
-0.05401616908328197
0.95280027341461437
-0.16412869447382947
0.82108438379503479
-0.27546608636251857
0.70151607176248731
-0.38447067136657331
0.59720295769373666
-0.48746706317783728
0.51371632330487349
-0.57953703048082594
0.45988614668855249
-0.64010940041702957
0.43285424271422729
-0.61044558759251211
0.46538032172989063
-0.54216463466369180
0.52685460616650348
-0.44747612359065742
0.60452248683513299
-0.34006092469365073
0.69315137650544356
-0.22060250704431505
0.77793527764259873
-0.09022078815849341
0.84917488125551766
0.04469207196735385
0.89783689520805532
0.17180666840723499
0.91069440203873930
0.28906697098799172
0.89412830515804909
0.38743453439763020
0.85180913998602570
0.46259173280413812
0.78728594275096697
0.51419346827321966
0.71472832514029172
0.54599800325958525
0.64243594740880250
0.55999651302370168
0.58566317397308032
-0.83101904213314848
-0.49860223090640660
-0.75936484802607207
-0.49410191727428648
-0.66132161240388110
-0.48546577435090388
-0.54879539839886082
-0.46459085743264228
-0.42899339089423727
-0.42823917546314583
-0.30774328905192749
-0.37231727265762216
-0.18608448485936718
-0.29245785347713649
-0.06398165928678172
-0.18747256006431434
0.05046703123627273
-0.06215668870975401
0.14847589594167973
0.08583307550418230
0.23191813391224814
0.25427844623722501
0.30001253999664496
0.43734251044486894
0.35174511957161325
0.62856173884391053
0.38586879708323080
0.82127589034320403
0.40224013820098958
1.00591475768553384
0.39956433244305478
1.17795525864671258
0.37763113745530141
1.33054363062914183
0.33873058318795612
1.45543260895657922
0.28051294209099004
1.53210902954443573
0.20468729651671846
1.51768263320231456
0.13572289113386229
1.43318723839022177
0.06111165527628161
1.32139604791650767
-0.02222465624046033
1.19404315413593443
-0.11738303242934088
1.06151800476054614
-0.21340605946162242
0.93293287202442587
-0.30618521343860400
0.81243694050919735
-0.39296083595852538
0.70448302341577063
-0.47036745031093147
0.61272962967543054
-0.52637143834204547
0.53915213198581746
-0.55091240828389676
0.47624688838883339
-0.50301170965667441
0.46334289011236063
-0.42207588532516915
0.50007063625384673
-0.31873570878514818
0.56213700856229931
-0.20326101106041858
0.63775357097497509
-0.07856391340340611
0.70937785796630271
0.05394019492060628
0.76509045379559437
0.18798291964366734
0.79519826215942413
0.31254515155992280
0.78707188924566651
0.42678193068007092
0.75054726487326551
0.52166285958622993
0.69129559793983730
0.59174934078741592
0.61370796584576770
0.63860723970750743
0.52983404296560077
0.66705186570388553
0.45262197159448980
0.67879160667752358
0.39182406434229472
-0.78639455280163495
-0.65493615131306748
-0.71714464654005350
-0.64809494461909778
-0.62376016128807688
-0.63623079472113142
-0.51801422647596351
-0.61018394995710068
-0.40791900673545534
-0.56769329257584333
-0.30021975702194892
-0.50372587300312266
-0.19857314306875617
-0.41362256109489359
-0.10300708224093606
-0.29797342007930283
-0.01483605495091614
-0.16001767248073676
0.06204879502979580
-0.00112483855381761
0.12413075336818367
0.17792939088940860
0.17508917113444242
0.37128563188532543
0.21773144684015172
0.56978629678121517
0.24743410991772610
0.77063718002797654
0.26411202530967259
0.96572569141078757
0.26518222358636712
1.14924645432057404
0.24992199022533210
1.31448583325183588
0.22002435444336965
1.45503942394407337
0.17530633365814366
1.55858233150492875
0.10857277017742457
1.58518566663677052
0.04405553753929565
1.51636605657972234
-0.01960400821047089
1.41147098405134130
-0.09010962578761829
1.29094722629605529
-0.16499183627339264
1.16150551112482447
-0.23778693182861266
1.03260971018680814
-0.30259231460732150
0.90821580525718171
-0.35510032560404720
0.78885521346498588
-0.39524493438917468
0.67441250884713733
-0.42180726651416484
0.57297980408251026
-0.42479453732181177
0.48539244027047274
-0.37669940731404011
0.43633435932085174
-0.29199833612152154
0.44187107679242854
-0.18539811191708050
0.48537681897613383
-0.06639746161160023
0.54795256481796262
0.05944084993722282
0.60632162890951480
0.18833491199312230
0.64760172387224124
0.31664551271266539
0.65827395691885349
0.43250660590677448
0.63082063537676425
0.53773236163992177
0.57775493517552790
0.62370302732686089
0.50356399404368146
0.68506099379615315
0.41675652101783617
0.72515035694147112
0.32749027760001020
0.74901109411986400
0.24706405179419169
0.75941113891305490
0.18445530977313795
-0.74024978050383827
-0.80140111876716413
-0.67157251267866536
-0.79086285035257808
-0.58183388481286713
-0.77541717065971838
-0.48143536061871839
-0.74719741198165346
-0.37820461798210930
-0.70019535665990951
-0.28147081434617527
-0.62998159213793015
-0.19811459108558233
-0.53247144541483427
-0.12829478313139395
-0.40802531243601048
-0.06709468528734056
-0.26036449856937499
-0.01229032704049925
-0.09300536403637508
0.03172144824077884
0.09478957075709411
0.06750975397524976
0.29566445770203409
0.09825491055975610
0.50324787824424277
0.12311743755934189
0.71071494627577680
0.13843688984738672
0.91388976292387858
0.14340385734889069
1.10791089038015556
0.13402731142164451
1.28511246397559753
0.11073420745050946
1.44003637952944485
0.07925575513526363
1.56171767475176160
0.03040482367966107
1.63260205744725817
-0.03040515572667401
1.59305820435839118
-0.07636486440499089
1.49789209615928254
-0.12304129196065433
1.38284340086880619
-0.16581801872019747
1.25295419088352866
-0.20391093344922132
1.11275609317005908
-0.23434559582093073
0.96758308094188250
-0.25831176876936990
0.82488964487822414
-0.27793979718027456
0.69228009330145190
-0.28663061967321990
0.57430045350508807
-0.27769535666940326
0.47133427092024283
-0.23309480548874159
0.39578920344706336
-0.15279441805411445
0.36804251412114108
-0.04868229074415181
0.38532520255637454
0.07006527455972851
0.43232334363472624
0.19244143253834392
0.47809423147598695
0.31389930700066426
0.50391234550906672
0.43177514006777945
0.49828554183045803
0.53506037881414914
0.45464890811295622
0.62363182937244421
0.38607255385648143
0.69233523916422968
0.30063488305524289
0.74111973746140813
0.20718201469981201
0.77285227803231038
0.11395285236482069
0.79249092902435814
0.03153283883859460
0.80032018071607036
-0.03226754311493443
-0.69899082382770705
-0.93252188973264982
-0.62857790615888465
-0.91961623641846102
-0.53865237241406838
-0.90162458085126629
-0.44045815086397982
-0.87126113358502910
-0.34280680131325297
-0.82270862904613595
-0.25471646704741058
-0.74859413204334235
-0.18452694357803445
-0.64562743533729816
-0.13562111282061234
-0.51542326045181108
-0.09855862916324634
-0.36122380378819130
-0.06506803981789143
-0.18713319124578856
-0.03687016514907512
0.00567315405887587
-0.01542046196712529
0.21274368428285273
0.00562668122954370
0.42514832483303727
0.02328160619789615
0.63945361457988792
0.03508636117416399
0.85126641271935732
0.04005911042227019
1.05424182237831987
0.03768099592889187
1.24250349516933567
0.02402261121641035
1.40962542831281401
0.00243909632286379
1.54925084247248268
-0.02267432821362947
1.64842534121930462
-0.05373736108718049
1.65746253166232882
-0.06601378489040312
1.56966283268983253
-0.07846680963262961
1.44911460387526403
-0.09078052601795879
1.30581756204220301
-0.10423230472850664
1.14640161177982569
-0.11898646601970420
0.98559927201151820
-0.12802150800962830
0.82945626248671156
-0.13331641212271220
0.68420619257700122
-0.13142898456630805
0.55431511170059733
-0.11486601773064758
0.43936625041661781
-0.07361202706048071
0.34488016613959832
-0.00197219095883871
0.28670478163907026
0.09408630965781700
0.27248507959519336
0.20559725210150034
0.29970413792375394
0.31855513894182097
0.33034337056005775
0.42824647006989613
0.34414675264502909
0.53190140855759493
0.32509433684950734
0.61752433432941134
0.26791538289938538
0.68455922006981218
0.18671166107375745
0.73569219240358119
0.09273139942980411
0.76917519413941482
-0.00695059223690050
0.79096925526933370
-0.10375793300516362
0.80513216498657436
-0.18709251867569004
0.80722927180679604
-0.25358490062719907
-0.66406714557566915
-1.04242142551296757
-0.59355359126296359
-1.02833265110941730
-0.50428590538285334
-1.01049727191542504
-0.40460634394423173
-0.98131054942874452
-0.30712865214429380
-0.93249524514640414
-0.22444260513274300
-0.85645193789842355
-0.16112753453877252
-0.75039781865413702
-0.12376532942198036
-0.61713980795532297
-0.10339404094713241
-0.45971906672035112
-0.08656240435400750
-0.28137976644561119
-0.07293563361913816
-0.08580146876973561
-0.06154598092295729
0.12292442125849669
-0.04739407312735451
0.33831736795319678
-0.03324332176015338
0.55729144592860402
-0.02364428837495411
0.77445459629207425
-0.01640553555972400
0.98213429858471335
-0.01029088130089613
1.17685948453822542
-0.01100952177287578
1.35074231641610787
-0.01010775279471065
1.49807496526349637
-0.00167258457116979
1.61169423588565985
0.01463244638141310
1.66518581251362607
0.02309013036274425
1.58255643867271445
0.02629388728573288
1.46068118440618488
0.02762354257787697
1.31364162189762856
0.02749585471101092
1.14926031827187569
0.02461455667047336
0.98142099649860237
0.02541057034384455
0.81681857909179667
0.02984066591005883
0.66059103057926927
0.04029842124398700
0.52222440694122263
0.06052972589120977
0.39553312453764977
0.10065768494836412
0.28778438627480857
0.15986035198125795
0.20435658158575920
0.23843769217163033
0.15729359701864704
0.33395437119657212
0.15579426423904144
0.43328980551174390
0.17266433017300697
0.52854203315340254
0.17365531988450209
0.61333831638965697
0.14374332985412863
0.67896906234376941
0.07618927998513361
0.72382902068657218
-0.01466705035096756
0.75558569752541915
-0.11650216066524820
0.77242876527449078
-0.22084275775148543
0.78370708987247517
-0.31952740716764932
0.78899201811643860
-0.40235567541207817
0.78750641141922062
-0.46664902696010391
-0.59545403131774211
-1.09303335879439079
-0.52329017834156899
-1.07731029642999321
-0.44311571905407221
-1.06906606301760365
-0.36427917348660782
-1.05986421900038330
-0.28091788828350200
-1.02361854988271306
-0.19862654636553773
-0.95016382406410205
-0.13600315921835221
-0.84364763570383805
-0.09987326853549638
-0.70959322775311506
-0.08308626022140063
-0.55072215232642197
-0.07212636927155218
-0.37078608226551268
-0.06031607149318338
-0.17385908563541466
-0.04876626757366783
0.03360884765222100
-0.03414193999700896
0.25037840843191772
-0.01762186545170352
0.47202326946712636
-0.00259654513415471
0.69182926501983166
0.01023370455825169
0.90406838388257960
0.01974934375321834
1.10369068580226659
0.02957327868650409
1.28556557871239741
0.04657937147124363
1.44314285911048246
0.07248733508343164
1.57047092941535316
0.11010018661195989
1.63954040989553773
0.13894494376635197
1.56912614222146152
0.15571272429615235
1.45059407190723477
0.16868934609524405
1.30263841284263626
0.17814891765558866
1.13624929043936329
0.18586991589688609
0.96510990263657304
0.19536264443755996
0.79477429795127408
0.20608299773297500
0.63021031309371778
0.22257822964953086
0.48158965751968141
0.24551489086973530
0.34724646810177112
0.28050482731819742
0.22636029427530061
0.32684679527986527
0.12367137716582643
0.38558380013501775
0.05043005819154375
0.45718500882731705
0.01427404271900361
0.53773034342658932
0.00814177594619672
0.61502707747032137
-0.00338099548071934
0.67927121990970629
-0.04189880465728976
0.72047876980627079
-0.11733641102183084
0.74264662145879279
-0.21432968114994655
0.75582649658813317
-0.31997451763847801
0.75306284565454529
-0.42438551047097567
0.75350481724911744
-0.52018616287283703
0.75039979225340903
-0.60082122684874040
0.74392498394497675
-0.66296607505681915
-0.55796968320356410
-1.06308987561802093
-0.48376412014345460
-1.04662481388202577
-0.39669871381976185
-1.04621570202478931
-0.31180930217112823
-1.05982985716706990
-0.24128264732387447
-1.07042278438460348
-0.17784733301775521
-1.01995249313674052
-0.11292842161089663
-0.91945892103985316
-0.06898554477247645
-0.78540021773750002
-0.04198867975253295
-0.62566340514094665
-0.02346217468647878
-0.44440641356287180
-0.00308604159808641
-0.24699542699411711
0.01882237528806159
-0.03726823856270450
0.04114726297665687
0.18213150812079051
0.06268405566745661
0.40778666411411468
0.08339575236033878
0.63187682339438023
0.09986484184576408
0.84949091339014404
0.10807412016111873
1.05331525616251320
0.12251274071314146
1.24217034995130282
0.14707076624499302
1.40726471275005904
0.18231208739564342
1.54076455900502141
0.23231618968167031
1.61963483910082107
0.27503547043590976
1.55876744563144576
0.30252613434921632
1.44276358277622418
0.32472167894737536
1.29515255477434921
0.34314446784994024
1.12909863876034700
0.35889759474131450
0.95148780481124851
0.37467995331158926
0.77383812301608623
0.39024333815227424
0.60204490613541273
0.41061032383291213
0.44384665172146359
0.43411217107112371
0.29861261065525335
0.46278957005521137
0.16665079658200702
0.49671378840529440
0.04977343259232734
0.53708167437504972
-0.04647774768497212
0.58384371023940096
-0.11464184365426022
0.63572835566370645
-0.15609232745915852
0.69084301932408376
-0.18542574899265266
0.72975637334693078
-0.23051190477023237
0.74471820922230847
-0.30911617005258074
0.74010918347909638
-0.40661468580430177
0.73108311158286177
-0.50836743040137744
0.71601210942819560
-0.60629789199331774
0.70360592355954477
-0.69665328886162514
0.69102975299926939
-0.77435412796081515
0.67818628100924727
-0.83402065532792702
-0.57137582586882429
-0.98892058024539342
-0.49356057809750986
-0.97253458013799132
-0.39923543229051517
-0.97695104729728388
-0.30366676585737096
-1.00041006044505432
-0.21760869928007090
-1.03203429880436737
-0.14537007916758612
-1.04074063103048253
-0.07987705093812245
-0.96009845201427846
-0.02180876201253431
-0.83122524191988301
0.02047846616002318
-0.67272674836646118
0.05142072306582340
-0.49169163777935021
0.08109622864683687
-0.29399125119751163
0.11420772189587729
-0.08419333214107000
0.14689768899402522
0.13613971760486776
0.17677617791279723
0.36450828045459011
0.20337730579511193
0.59411147716511847
0.22504528285014166
0.81830727241725831
0.23839363786305146
1.03040033295096745
0.25156539602163758
1.22287210405549485
0.27663265531331049
1.39167110236003633
0.31682706316605869
1.52718767438458758
0.37570440010144929
1.60749558093124612
0.42786404633418579
1.55262832489611502
0.46314295223215990
1.43670667460858326
0.49124413947240037
1.28974222075313638
0.51652273898888545
1.12256831082755082
0.53810821168825607
0.94224928236734362
0.55857732312935982
0.75802688217242342
0.57887788748340518
0.57864818652404237
0.59939364258059569
0.41012483673257683
0.62153358878609200
0.25538661959627107
0.64313814131493297
0.11232379904025826
0.66694304530878479
-0.01841895559933424
0.69140215070982014
-0.13517190967103243
0.71412063486278932
-0.23097938386672692
0.73645319968187573
-0.30322717410916278
0.76011132761175104
-0.36082723259942256
0.76719666775609296
-0.41759964461055032
0.75227168267731193
-0.49324460202171072
0.72529111322823170
-0.58069677002944176
0.69399000222190999
-0.66996298598506610
0.66094125181036245
-0.75693009036397918
0.63111157989234112
-0.84044336608555015
0.60383613600337516
-0.91151919325312947
0.58278183756685487
-0.96647766404682323
-0.60698614864800871
-0.90480828383294298
-0.52582592279705598
-0.89010802378752629
-0.42478171286779293
-0.89884766549158024
-0.32040195741009181
-0.92730979252454582
-0.21975768008656762
-0.96589395599886441
-0.12809060433431371
-0.99268210546464486
-0.04200163169918896
-0.94811184709148288
0.03368326324302048
-0.83601849124527905
0.09298076422939945
-0.68560411096136376
0.13939719658001815
-0.51040718176159494
0.18052434860581065
-0.31666035452060370
0.22525573894250078
-0.10783570008273972
0.26938231013591196
0.11157774937504267
0.30926239596236171
0.34087937736005836
0.34223239079416190
0.57217795370731039
0.36787051748472288
0.79944222149622435
0.38491562376431998
1.01528270984047042
0.39970546830796677
1.21245167371525109
0.42379862500099930
1.38399280971617666
0.46630858104393236
1.52060640426912785
0.53224986159631016
1.60021038323797216
0.59235238554735059
1.55036837932399307
0.63270757316077109
1.43539025792014852
0.66573387366731718
1.28677154555828088
0.69515769020499418
1.11749435646635931
0.71971588837136602
0.93447685225438415
0.74372224432413347
0.74628803347957529
0.76495620488504890
0.56074740177331595
0.78529189709583747
0.38324848174283371
0.80336028965796591
0.21734004451613734
0.81970439181614396
0.06308292110090408
0.83449390999705486
-0.08222494086523355
0.84596727590768406
-0.21555428765988044
0.84603498971772439
-0.33207606749870910
0.83965352604403609
-0.42936332447606046
0.82642309929134772
-0.50876142121734147
0.79684748298658170
-0.57852468611405361
0.75135301058159065
-0.64686668200836417
0.69637513050433419
-0.71948266827517582
0.63813749792746699
-0.79332111887684065
0.58310278531688542
-0.86586179851642997
0.53039246894478487
-0.93319004532176009
0.48692774791193244
-0.99466021856065290
0.45817636932641415
-1.04554767478045085
-0.65619184283710374
-0.81916028896642901
-0.57213562751007840
-0.80820466929267587
-0.46460690926055059
-0.81946998712551145
-0.35028178765357298
-0.85256634221763994
-0.23658077796185825
-0.89430249033991016
-0.12726705154669168
-0.92572755843904220
-0.01917353615388330
-0.90233736350415028
0.08187645955355995
-0.81035930762803332
0.16528942172057554
-0.67254961101623600
0.23090524861974288
-0.50428474457815620
0.28701565553384589
-0.31688277087970118
0.34422609387463554
-0.11312620567868588
0.40094401818298825
0.10256706249395216
0.45219357878778749
0.32798171798745923
0.49221766891308211
0.55772623929356624
0.52198957665954171
0.78636733136170467
0.54013328521049719
1.00489074730265182
0.55740288266439364
1.20504156834856113
0.58202374177752680
1.37847857435364762
0.62548293527203047
1.51520924560360326
0.69689826312160041
1.59271868307335196
0.76281175299001491
1.54830910703904423
0.80849445850380552
1.43529929880958385
0.84487513238331957
1.28605954979060289
0.87640949344830421
1.11424979967040216
0.90240695197014786
0.92789922789908963
0.92577368709466368
0.73618335005815472
0.94526556910249715
0.54557043263870086
0.96250161406370027
0.36267230178892046
0.97544362688818331
0.18767529763927540
0.98481422948175468
0.02127676495179694
0.98950257919187445
-0.13841719644938050
0.98453056294519214
-0.28514479282689631
0.96397416115853907
-0.41635835753692896
0.93015235387017658
-0.53053054862482141
0.88154350696494499
-0.62586264577624007
0.81698917954982797
-0.70108318067885100
0.73573515936094935
-0.75793228301575888
0.64814768306103332
-0.81242219218380507
0.56283034012962641
-0.86948562069649826
0.48451188853828470
-0.92491369104308507
0.41456056008739656
-0.97958156563657828
0.35775456422564950
-1.03151064100880552
0.32121685882861728
-1.07686205114574030
-0.71491156457655503
-0.73744810742415101
-0.62708768753052191
-0.72995001574975704
-0.51436753614782438
-0.74694162134655839
-0.39164744633378101
-0.78384120488646836
-0.26649152580770818
-0.82854477990487274
-0.13712203430993222
-0.85856148641705032
-0.00323189817194355
-0.84239449018399415
0.12151810602966974
-0.76728217906229157
0.23009908935901621
-0.64351385627355062
0.31967560584980109
-0.48491008342665642
0.39600297082612201
-0.30406782102052132
0.46684763069317031
-0.10720112572576193
0.53665791184657485
0.10270377407289022
0.59870098932597227
0.32263440596112758
0.64821562990977288
0.54939449260044215
0.68144181563298012
0.77638833385594386
0.70328606735661281
0.99530061853909302
0.72387815852394033
1.19664439568884329
0.74969608215539385
1.37276646465331442
0.79313242374202386
1.50981901081804515
0.86769473022245291
1.58599898775166581
0.93915296294701611
1.54721157490596717
0.98805037615192215
1.43500539072373945
1.02407473387153969
1.28660166126393727
1.05601587153721477
1.11453805911722492
1.08144872242389845
0.92695567285838887
1.10232609272309512
0.73280551783005721
1.11736149071703106
0.53838408807723825
1.12842731975580812
0.34972491127150374
1.13600776124788183
0.16804312199745056
1.13734935335605658
-0.00676868420923136
1.13128233805476941
-0.17511333851612981
1.11055503544523160
-0.33182997132713921
1.06925823550784149
-0.47451676615924948
1.00618880756024032
-0.59946961292482415
0.92188202957988274
-0.70256220390880009
0.81819193775297328
-0.77425398635447307
0.70053084503832419
-0.81375658652112903
0.58579459196920081
-0.84938393470208395
0.47982476521999196
-0.89110474381140559
0.38354210610557615
-0.93368657998017823
0.29860797723170612
-0.97636946186897866
0.22988223296451404
-1.01933088975450636
0.18634993329694821
-1.06087550775247075
-0.78038527333147167
-0.66772205556488884
-0.68971357413660495
-0.66648735519094149
-0.57287844143340927
-0.69126267378679618
-0.43944556544814373
-0.72646458795372593
-0.29580055352005974
-0.76128885538375568
-0.14626298295282014
-0.78464080160897487
0.00556286599600579
-0.77649344003515530
0.15427496039923361
-0.71426544494591060
0.28717671446069037
-0.60498081932982262
0.40292308874244948
-0.45677791043988286
0.50162259502304551
-0.28507326595137850
0.58965670807052484
-0.09467559550243616
0.67284197394838841
0.10711014134730364
0.74610085391580427
0.32003044629531963
0.80366578869122907
0.54105387035548214
0.84456534148718398
0.76342975923470502
0.87372145803280932
0.98079335674051105
0.90026767069310731
1.18381719264910190
0.92782706287002248
1.36125828306197461
0.97090699699272809
1.50032517219399231
1.04326901989249854
1.58081387838885501
1.11505955991456673
1.54943994029180931
1.16288105630673622
1.43857835972828085
1.19963119176933275
1.29144040552180628
1.23036994097221086
1.12111382487199918
1.25281476098015898
0.93395079091694400
1.26967623183985490
0.73920681276239286
1.27805497280117830
0.54363556398088875
1.28220343276334914
0.35094625520612405
1.28231246391482712
0.16439782132814321
1.27563660265126200
-0.01468631100043801
1.26042830354226565
-0.18589507326986088
1.22548987775469964
-0.34550666549184150
1.16428080377489129
-0.48819552430773400
1.07411370662213357
-0.60563616930324382
0.95279885725924607
-0.68789523008641906
0.80841799037889694
-0.73649001661009961
0.66681162436474029
-0.77555639880505811
0.53363820549061169
-0.81187158667187576
0.41034616821917980
-0.84741236655180674
0.29783986248125016
-0.88283229616111303
0.19911795312547945
-0.92043210621496707
0.11987331447558860
-0.96171399595869467
0.07027247466007899
-1.00428249558022742
-0.84513083789660615
-0.60813255669312660
-0.75112596435532175
-0.60969392461367167
-0.62490639868372033
-0.62962960656366518
-0.47781789639812927
-0.65928281490533991
-0.31942716808100940
-0.69067368582997923
-0.15304752655090822
-0.71035728926325448
0.01737075214350180
-0.70424818778895615
0.18341281929799377
-0.65640950746003879
0.33822537838684991
-0.56410736234588499
0.47834194804854968
-0.42912610566948112
0.60039650176321535
-0.26563784860387035
0.70775874261882721
-0.08346464630542255
0.80473240372016452
0.10967263452926136
0.88737452001543959
0.31383235791805009
0.95521009792350375
0.52730269006329855
1.00678870541641885
0.74492078594114353
1.04773308768019646
0.95964168373767900
1.08105422618721114
1.16171939024523230
1.11094670768772530
1.33910426414862949
1.15265386319189589
1.48219999185295981
1.21745140758745252
1.57027272879322743
1.28692793632967506
1.55218377684635866
1.33023191650729555
1.44477639030951122
1.36514416974894748
1.29999308269221325
1.39346478448364786
1.13424012813944519
1.41368346656424637
0.95136635310974560
1.42410176750591200
0.75925809767377317
1.42553113408803656
0.56365544495966768
1.42035035009518440
0.37082829179603743
1.41190985354848642
0.18420534278090622
1.39752982114828939
0.00571500096810409
1.37217675556924368
-0.16317881088186495
1.32235964689220897
-0.31739787835971983
1.23769569321000561
-0.44723991837350696
1.11513907412424662
-0.54399258770108783
0.96094660510198637
-0.60436905554703046
0.80214965423178586
-0.64388187673665231
0.64898013114454078
-0.68103170945319280
0.50350680851549390
-0.71556480540238632
0.36704469503359122
-0.75040829273591658
0.24187163398343234
-0.78682887662639200
0.13090629577037854
-0.82480440754084094
0.04083551303714222
-0.86651917931407607
-0.01709526630990203
-0.90946967744138396
-0.89717754952013284
-0.53872976506708514
-0.79957763958422601
-0.54218219866809314
-0.66645380466512361
-0.56207125847258610
-0.51057582018042047
-0.59106406366213149
-0.34029467388508511
-0.62065187421254009
-0.16069231319424507
-0.64156038618583944
0.02434536828921036
-0.64011788019235261
0.20686994974478384
-0.60553670761933254
0.38208528019917054
-0.52822917871108477
0.54373125150778290
-0.40578972041813038
0.69040242323409140
-0.25223849142744548
0.81654037227510634
-0.07916999690705633
0.92545812686469253
0.10489853130077019
1.01935332020197933
0.30070578948759841
1.09914143211119941
0.50655406112738643
1.16535137942835587
0.71757537654694348
1.21785390383292591
0.92762271893607418
1.25997844619506361
1.12731501063966100
1.29313948177123361
1.30588085520823327
1.33179039855081283
1.45458899043854140
1.38547821906801105
1.55189247457665669
1.44915365452509626
1.55321685500570927
1.48538066399513835
1.45477519821408174
1.51719804842158190
1.31546104191360547
1.54016521490400349
1.15493319415334850
1.55569250461960573
0.97790048906821303
1.56050691609422931
0.79094957493576090
1.55329139681361950
0.59980884741998586
1.53705352422389363
0.41043529853905358
1.51653427839942734
0.22814936484458814
1.49327211738499965
0.05318134570096267
1.45881936024180203
-0.10932892964735910
1.39461803473635526
-0.25446508735170859
1.29159017803345466
-0.37134323818232462
1.15409094895136755
-0.45403552513904094
0.99121113809999739
-0.50312249983210799
0.81923785011939221
-0.53157248806399515
0.65425487464639709
-0.56348339754495669
0.49876708956542415
-0.59622186467062466
0.35316017428860130
-0.63181548078970240
0.21820501085913707
-0.66893042109156375
0.09701645573446183
-0.70688635609377337
-0.00190737419554902
-0.74767561493003476
-0.06674934424027729
-0.79095798385517113
-0.93494850297652665
-0.45851195591658556
-0.83625751248830504
-0.46650409459305320
-0.70016734407895909
-0.49140347533767353
-0.53836023233578445
-0.52394527368940247
-0.36056460550153463
-0.55667360226211726
-0.17170254505047158
-0.58047932143074676
0.02463816896728546
-0.58573494382726332
0.22165126343638586
-0.56198358077043686
0.41357037918792711
-0.49912050088329157
0.59628667344914332
-0.39156786035121760
0.76459422683216038
-0.25001886665125034
0.90765648486875306
-0.08613120935738955
1.03034304720053393
0.09168803779110887
1.13739665335282680
0.28100503605391725
1.23044036082673580
0.47980180233740582
1.31119453584848045
0.68444865718720593
1.37720142086902197
0.88863183437504567
1.42800165399417511
1.08420484552533347
1.46582168203964613
1.26275146621524681
1.49970668705346966
1.41556290080967306
1.54095966014412755
1.52329283682894978
1.59599841157614231
1.55094352024315452
1.62395401150162688
1.46347949075779660
1.64856535691135586
1.33395284444560214
1.66465085227530740
1.18062804405735799
1.67338720557957643
1.01278341019713802
1.66860823302770167
0.83541909957497418
1.64988168172842897
0.65312901784724176
1.61727081649870064
0.47215959138854174
1.58067439814041211
0.29880516666044216
1.54734479432412764
0.13210155704450194
1.51255194392077907
-0.02517522173885531
1.44843453564044999
-0.16518644542546790
1.34361400996606717
-0.27597575152102594
1.20283659236154428
-0.35094236832035963
1.03738616689262364
-0.39128968635362993
0.86206351817320981
-0.41316192983773331
0.68929457696412311
-0.44106072911652960
0.52617285269049341
-0.47303749475604651
0.37250693945609398
-0.50834599047460205
0.22976344849503311
-0.54522231188885428
0.10083721045472793
-0.58193871912640094
-0.00611883675118657
-0.62126956678182788
-0.07647519365687319
-0.66379875516636544
-0.95555673839549160
-0.36721503097027131
-0.85691053184433430
-0.38127997151379611
-0.72113200190052562
-0.41381381221518365
-0.56017881372769185
-0.45420193649977186
-0.37924506953821618
-0.49415642102337909
-0.18555099599646049
-0.52355989964342098
0.01816331532249787
-0.53347746576849919
0.22614067516609315
-0.51503476972069362
0.43369078146022744
-0.46258599083138374
0.63244578711969224
-0.37424427855559150
0.81812625644002424
-0.25067055389149506
0.97816147203817483
-0.09632423697151024
1.11592444783271394
0.07585985778190646
1.23790415742175686
0.26026299870425479
1.34539263107945550
0.45379479575553866
1.43934587330646635
0.65282620259353852
1.51649182752689082
0.85058180247267823
1.57730228666657757
1.03995060988496446
1.62036852739754611
1.21505974513691162
1.64878141454469529
1.36861035369112405
1.67810117091289523
1.48595386255154738
1.72035805699434285
1.54138518053002316
1.73988404213166525
1.47140081939165057
1.75195630438768735
1.35473679590443674
1.75631435713096451
1.21395248549879931
1.75027694056080207
1.05897924223920348
1.72954537542770170
0.89481775906306971
1.69391219357655620
0.72630515584338495
1.64917190776119127
0.55573189011444446
1.60781611677269098
0.38886642108914454
1.57642469246117467
0.22782795482685500
1.55345121460492264
0.07459748165621430
1.50016296128870952
-0.06399082630593585
1.39890004392402956
-0.17117807557958767
1.25890650354604205
-0.23994814510503681
1.09520599296127963
-0.27523682377535041
0.92120111389840365
-0.29430405148705091
0.74593859480164759
-0.31939161015348122
0.57827460083161453
-0.35028473256748993
0.41925726571962113
-0.38547890416970393
0.27058943303253774
-0.42257482133479657
0.13603573035102035
-0.45968308575531280
0.02391909164039704
-0.49843675178126778
-0.05038604275691625
-0.53952924228909838
-0.95766973031832281
-0.26640275330650709
-0.86064633742745089
-0.28619753703075634
-0.72785433240645603
-0.32613119697064208
-0.56962870665992804
-0.37559438773972520
-0.39306521790030657
-0.42416185747213581
-0.20321860626490004
-0.46020211708871628
0.00110735384889740
-0.47196739822278344
0.21392101512658471
-0.45606480096378038
0.42949448469065316
-0.41120836893529850
0.64226257493836292
-0.33527755643915341
0.84585768322555288
-0.23045066860947211
1.02484330760829767
-0.09238618645517314
1.18049197214070967
0.06947521486505809
1.31739732212473615
0.24614823093809685
1.43824068266335359
0.43371584046998690
1.54425848186351988
0.62547918114630630
1.63428781060583161
0.81551463845003747
1.70228282241312279
0.99823227363750755
1.74758793388905742
1.16796481984251210
1.77134963009321300
1.31941203761436099
1.78782257640979547
1.44028983066472827
1.81362100249413372
1.51758542707349786
1.82475622029304008
1.47816924029142660
1.81035534005339649
1.38181767891616114
1.77988294158925497
1.26093789065007900
1.74640656378511583
1.12113169104627985
1.71477405386154436
0.96830844678775707
1.68021143883827428
0.80806523011685660
1.64478778630683276
0.64493757823256392
1.61802166924088042
0.48534790100632308
1.60076893831610145
0.32982006465843194
1.59188399775455647
0.17952428225307396
1.55558334207949933
0.04093647600707066
1.46113278010919334
-0.06486172641505006
1.32503909548612597
-0.12977738874254377
1.16576472364669947
-0.16216827162953296
0.99574793013591112
-0.18025776047468117
0.82286685697977202
-0.20251562876869217
0.65163910496153932
-0.23345203976580386
0.48858842768912497
-0.27002283193094467
0.33676167640844051
-0.30926999751016099
0.19871013947530447
-0.34763210342787348
0.08515455616022831
-0.38786013853698004
0.00934100029647818
-0.42904453019437222
-0.94058261978280544
-0.15392797386655419
-0.84617531283007996
-0.17956435775192753
-0.71881574811927207
-0.22792865240065255
-0.56905765990339474
-0.28453662493779930
-0.40041167064425276
-0.33935002128127600
-0.21340652225611614
-0.37683409164202553
-0.01050270907864338
-0.39071848063367448
0.20132334328335708
-0.37995409339584812
0.41768722449057960
-0.34135846265474229
0.63456511220563006
-0.27545060670663030
0.84756607255704419
-0.18069358634003715
1.04231860568112711
-0.05993691758326249
1.21483027202192195
0.08582121345287473
1.36864279873928618
0.24735905429550234
1.50436442131634140
0.42227990023369488
1.62279807892530581
0.60350936953720180
1.71974021097697127
0.78487159005320639
1.79134176230707953
0.95899769167772753
1.83722334568855250
1.12122751381214991
1.85357394859940650
1.26497374578645649
1.85684753734924368
1.38287780791225368
1.85255494013454092
1.46405318301439680
1.80599333988292754
1.46769806713470952
1.75767640307081119
1.40170359652314436
1.71543361099309255
1.29783892150996638
1.68198145123265985
1.17264986860183806
1.65645581684790622
1.03416719752969821
1.63947542219174602
0.88508860892842844
1.62737696301357837
0.73191443262721201
1.62511602662939914
0.57844349352236679
1.63239219295805249
0.42820455197363294
1.63668680340252704
0.28234278665064938
1.61445479358717159
0.14478532155656149
1.53064294429958658
0.03643010136076624
1.39999184884079009
-0.02683038509787150
1.24713608304622059
-0.05948146621064276
1.08356793502026894
-0.07841204446497278
0.91392557292937071
-0.09966653832964011
0.74394222633407292
-0.13081702567461084
0.58044687219292690
-0.17249179969501843
0.42940642936703899
-0.21751228162634414
0.29304026172203385
-0.26197246636886984
0.18150546878708237
-0.30793756404476458
0.11058083837562986
-0.35707509829821960
-0.90391729714826974
-0.03143697960043723
-0.81359661308325193
-0.06155701052391566
-0.69472895890406017
-0.11562516166562871
-0.55399241710475355
-0.17801548513264087
-0.39533088154322460
-0.23610725338410457
-0.21523536983843322
-0.27660486214544655
-0.01915884761752110
-0.29524611041375198
0.18549089811943997
-0.28841890717032043
0.39484049300274848
-0.25994563084257710
0.60620550451002253
-0.20723602259270896
0.81270344585282983
-0.12631856129143521
1.00361329361901119
-0.01805348302377463
1.17552195681563676
0.11583601997578905
1.33151664968522665
0.26551926125376329
1.47373462883793804
0.42530100189478215
1.60317766381684890
0.59020422529537975
1.71596551291623811
0.75619554972769787
1.80159235366322568
0.91821307394522245
1.85540229164645565
1.07265490184983281
1.87264752728207018
1.21247944839616806
1.84874669738922970
1.32762723583366982
1.79752640723745638
1.41283476270699637
1.71600018138109278
1.43700461331506602
1.65289030944630166
1.40223564228021069
1.61449990699549173
1.31691383559536801
1.58249649325878372
1.20722258509004199
1.56668226155139223
1.08141050675060080
1.57525593157000188
0.94634749564249165
1.60087998445838497
0.80606070726038448
1.63116439211414632
0.66258072230586484
1.66239368244267927
0.51696498991116213
1.68468678351276790
0.37495028709661637
1.67598895758206878
0.23895383007505516
1.60721017450020787
0.12678987377863171
1.48682239838267094
0.06007116329368448
1.34356112890285506
0.02146500374504359
1.18765805756726728
-0.00332579810663279
1.02506037736808309
-0.02810721474334460
0.86054137364894745
-0.06380847091756664
0.69945242262801355
-0.11365169466936743
0.55132514211594164
-0.17339160466495696
0.42142811625666676
-0.23402885654242125
0.31580411784929702
-0.29285687170711205
0.24831758790237329
-0.34953505866729179
-0.85387746027008826
0.09704865563884933
-0.76566430125570273
0.06520246491142619
-0.65184064326405877
0.00971514137040144
-0.52238505045591754
-0.05610903289155258
-0.37566497112590075
-0.11721686091602723
-0.20772077599143957
-0.16173964953218783
-0.02277021223496348
-0.18677471181287988
0.17039214475392239
-0.18834801631708045
0.36840185486503130
-0.16802398222091672
0.56723917307458549
-0.12480604212687679
0.76197748157703560
-0.05331674673486485
0.94289152698007594
0.04496859187809703
1.10664082803921060
0.16756289574976563
1.25663572974844828
0.30589929742245003
1.39425236942129049
0.45433703155619809
1.51940053791126894
0.60976675581054751
1.63099587286368708
0.76757952502301141
1.71868734921660682
0.92149021791293384
1.77530486769259510
1.06618369613617303
1.79155532954012475
1.19682759818442253
1.76623902645846864
1.30913950310977256
1.70262291433893753
1.38953939486527145
1.61210292406958500
1.41509977952600607
1.53286029473148355
1.39203541210816906
1.49376420670959265
1.32146522258184884
1.46417747163536549
1.22205376907068652
1.45501630476090660
1.10587430578350188
1.48078399758566981
0.98018627865502317
1.53622941155851911
0.85237771454142885
1.60437764523376281
0.72307210034847980
1.67424198670465407
0.58985997683580560
1.72451112654206717
0.45268458800666950
1.73638724296689606
0.31646124147767024
1.68670873952632316
0.19888902740412731
1.58415014393516529
0.11784550848246696
1.45258462613341433
0.06760183960057280
1.30596549841363840
0.03073773066717019
1.15083104105457079
-0.00507152985295074
0.99248125479958238
-0.04987241822614730
0.83743870797957776
-0.10608407017208579
0.69141524689761791
-0.17518082400583398
0.56379339758274172
-0.24864273346597771
0.46204967551092191
-0.31905533988277651
0.39769827002653191
-0.38410409102811999
-0.79035632377568044
0.23116216400827003
-0.70260622940374018
0.19666063023786734
-0.59289829735897481
0.14224697846479753
-0.47319367484660535
0.07729857071029243
-0.34143842662563950
0.01431760355392409
-0.18988521760675003
-0.03449664450618712
-0.02027777828715685
-0.06535859554771412
0.15978961396908845
-0.07577619006510405
0.34338405751035339
-0.06272200114818301
0.52684184044500959
-0.02533055192003747
0.70529415864177558
0.04070952350817169
0.87257453470726209
0.13340071341712822
1.02469851400203482
0.24661399481144897
1.16448851241954343
0.37376350159435351
1.29424829444363132
0.51033828979010587
1.41320377989825108
0.65551763103179295
1.51997692772064497
0.80358486437732790
1.60714037900371309
0.95139079392998849
1.66546241433298148
1.09023306408276599
1.68478362385755021
1.21577779518771334
1.65832154627686901
1.31972706939703577
1.58753378960083502
1.38639764367886853
1.49098822898189742
1.39627161493197205
1.40581748059095513
1.37619941778590715
1.36425065191557637
1.31600312476040160
1.33726634198189154
1.22137888699118480
1.33149015291980866
1.10850620650350451
1.36963837979231484
0.98823228899362192
1.44317038838030220
0.86806778659208095
1.53143457567080321
0.74879019586170525
1.62571276754836891
0.63045621359619242
1.72078564204796836
0.50736808645231313
1.77733212448032063
0.37196808283400640
1.76100530603120853
0.24429298485083181
1.68435085730684553
0.14370106256644283
1.57045376231694100
0.06876217976678196
1.43129743443307356
0.01708724434308751
1.28237448364545004
-0.03036210077156062
1.12961899064543525
-0.08323354822211973
0.97825662543069314
-0.14382220791528338
0.83683363404135602
-0.21493414016779494
0.71057054285685584
-0.29415532944555778
0.61065976205037220
-0.37078773817931782
0.54958882680073595
-0.43978309783325426
-0.71439470532556804
0.36984837009526744
-0.62573348657341876
0.33343924576600753
-0.52063367149656148
0.28029607529760370
-0.40779040124848004
0.21730512779612429
-0.28911611270412158
0.15356781606669132
-0.15622946213485231
0.10071298668110727
-0.00522700547170654
0.06358224808863100
0.15665621969936747
0.04737960922040142
0.32174180736617636
0.05625791835383040
0.48650151705448164
0.09113772670285294
0.64501817515085114
0.15586589443396731
0.79520702442004265
0.24302985859067627
0.93304668938651336
0.34992415376127128
1.06130502319397158
0.46949435894244534
1.18244716332774580
0.59846753597446856
1.29640521799553210
0.73575403568657649
1.40050605485070800
0.87668609058456282
1.48651727130223099
1.01742754997900642
1.54761351180569418
1.14909615353104466
1.56980413850386302
1.26663290513309934
1.53911911284687819
1.35572420176905495
1.46100424541065776
1.39737630166404636
1.36451095333895633
1.39172997291223011
1.27969582735989085
1.36549312710603998
1.23688027010115875
1.30570423261173252
1.20947789110244797
1.21019595251822087
1.20967159274628067
1.09418546231959946
1.25887969743450734
0.97389377384474562
1.34320489367592932
0.85475328111552695
1.44300257266977194
0.74038623897200817
1.55319639757066374
0.62997424695271387
1.67004532493861002
0.51714801477405759
1.77237429341386221
0.39524262204623406
1.81647024286598358
0.26068356876433352
1.77614293821625679
0.13432286151065606
1.67809938029069805
0.04009726676576955
1.55130709838339587
-0.03051983611995227
1.40852793185293534
-0.08931565086614789
1.26132640156011222
-0.14812486231991343
1.11621652761177592
-0.21347371809999804
0.97975419529451846
-0.28539739164036049
0.85791716572403953
-0.36421942001089136
0.75935959935784858
-0.44430806308917503
0.70036790769358093
-0.51527172270709820
-0.62867189084414699
0.51441754528096062
-0.54204136468001585
0.47773202990514685
-0.43802858928662036
0.42372576964091369
-0.32924380573023770
0.36131407285851042
-0.21837112066453732
0.29708515362598747
-0.10400534208731581
0.24089927487431737
0.02187916106626604
0.20086926918633410
0.16003112822030013
0.18155590310792413
0.30340289336757659
0.18831932798193352
0.44465689445785112
0.22481957059796251
0.58040972362750309
0.29013150017040429
0.71225585770646138
0.37694794937448656
0.83625276656929537
0.47863899321171099
0.95293107940983013
0.59397611544354068
1.06639758483588776
0.71892906722316696
1.17562308125628734
0.85059295177249239
1.27808080571661553
0.98307346636177173
1.36400853977222436
1.11475714093461131
1.42724343260221187
1.23904175333416222
1.45431807438743110
1.34476250820004561
1.41493056462478806
1.41025238203210557
1.33458537433176105
1.42329144711082467
1.24194228995302836
1.40587937832851706
1.16019274687357488
1.36546490041176360
1.11262542974316725
1.29573101605679586
1.08931005699889472
1.19415489171934408
1.09473932700829990
1.07142344115075105
1.15120651298345478
0.94634015656984449
1.24353309776767817
0.82527053089514091
1.35495220758040191
0.70887477390022324
1.47773936861833444
0.59736391817810286
1.60766989721923514
0.48671613385399470
1.73315565193859178
0.36822218819986335
1.82337995313898626
0.23830636174060887
1.83816963249575327
0.10365499931092888
1.77056767053185027
-0.00979315795338533
1.65759643935893797
-0.09616794720759668
1.52505060278552973
-0.16722215037478358
1.38524561134883295
-0.23399393496002208
1.24692040540121707
-0.30416617960186615
1.11632440178855341
-0.37897911088099029
0.99964729386124951
-0.45667863724550656
0.90631694152999442
-0.53557669745749248
0.85049170465210000
-0.60589372255051921
-0.54079693291108510
0.66000069421409335
-0.45576976650605477
0.62425822036754097
-0.35215716594291180
0.57063713714373310
-0.24480810736898298
0.50831425630737159
-0.13790402521911777
0.44423074143071217
-0.03431937607603491
0.38446291527392595
0.06372308086231888
0.34095508640399808
0.16700271077811746
0.32413617324626315
0.28177784195743794
0.33341236985738948
0.39619317256647280
0.37518746133382275
0.50949838039473561
0.44411051054302164
0.62382398450763621
0.53133077639990556
0.73554346547437632
0.63154785826355198
0.84333884452181096
0.74373339083436729
0.95050574543736677
0.86526010903419304
1.05761259991917833
0.99082527563332479
1.15923275563376027
1.11677438141962049
1.24712667438859381
1.24041332768421597
1.31334661539433939
1.35496711088170940
1.34755420440695195
1.45046277267925716
1.30109160990031913
1.49086933951384482
1.22004942768727953
1.47614498756728252
1.12948133548665264
1.44368053608776048
1.05425731198269546
1.39229528764878085
1.00804980515739318
1.30655055045085611
0.98266188351941886
1.18714023258943491
0.99253911943306961
1.05205929370529017
1.05097791926449768
0.91662890762847371
1.14968933606733170
0.79045452506101166
1.27283568190546248
0.66863628798233432
1.40828296818931231
0.55417783940468734
1.55129669178003859
0.44142727272221088
1.69156870372369372
0.32345054579474825
1.80640891902575196
0.19560753095383196
1.86428999171117571
0.05928946220708643
1.83789229021771150
-0.06944730524675304
1.74635386206444809
-0.17087742073087170
1.62524646065732181
-0.25304085858637232
1.49543126590480790
-0.32930981493471706
1.36526701818692353
-0.40521649863855064
1.24087543881557338
-0.48224223680761735
1.13038438080487058
-0.56113636419930524
1.04154221744270292
-0.63862613348713848
0.98943682399333777
-0.70823408240269048
-0.45897463930297544
0.80577591497020207
-0.37557105248238654
0.76941646671621611
-0.27266625648205423
0.71857690946837594
-0.16760513723904960
0.65755478919335864
-0.06579535357442873
0.59569386892447740
0.02716752912483397
0.53616236838162878
0.10528614113194973
0.48825914322743136
0.16980295386572672
0.47061987244320641
0.25017080534171882
0.49137811986751545
0.33906687274829561
0.54001566679171942
0.43273116846672055
0.61317011623499051
0.53359654847059335
0.70159974521704149
0.63355894017654035
0.80190790074234330
0.73502904860232454
0.91207836454318814
0.83772384217378226
1.03004192794145877
0.94333855549093082
1.14968765693719210
1.04523915485890684
1.26822621921902257
1.13485585894042718
1.38215424011035060
1.20565706347359280
1.48837315348206789
1.24708654453469836
1.57328020881252151
1.19734554867705323
1.58607530186422307
1.11593598990326393
1.54619010348790864
1.02959467596596799
1.49983544450197481
0.96175099983827961
1.43655911080446530
0.91514790565434601
1.33165830983338029
0.89101253466870856
1.19824498024929627
0.90346487700318068
1.04880382294120822
0.96644447881600148
0.90072211143648839
1.07246180136950620
0.76265399019440827
1.20391170372724021
0.63216611827629621
1.35179114804658873
0.51162318863851730
1.50470429701646680
0.39285277006325203
1.65559977181333506
0.27373320251105526
1.78619303137304608
0.14636055192366940
1.86939683874216200
0.00795716273971194
1.88148353987610961
-0.13120539357752165
1.81617080596511382
-0.24777773299079289
1.71013833742844024
-0.34243296376539434
1.58806473958827721
-0.42646878280861389
1.46511346821858757
-0.50619482297838347
1.34725907366737707
-0.58597124933821509
1.24236608681875715
-0.66596667505246776
1.15855212041039413
-0.74304854163971334
1.10896244479159645
-0.81127998156754655
-0.39989911706683245
0.95149257989310976
-0.31931258688624947
0.91700891731962930
-0.22142202082595336
0.86806110895806576
-0.11845438947006201
0.81092810528341952
-0.02072632193422003
0.75228921584663244
0.05917615543356255
0.69737869061710001
0.11728309192218790
0.65077148945659435
0.15086883319362168
0.62970431194004295
0.20327931204427035
0.65879934299019105
0.27291144525037508
0.71266731501602154
0.35081303273214892
0.78931005699769419
0.44016329757495726
0.88248295242703922
0.53327982940085605
0.98390243721557025
0.63066055775113294
1.09331853647483812
0.73165050297814271
1.20618947390646891
0.83397139154060962
1.31933976169100275
0.93451484928619188
1.42946665989503274
1.02740734013749102
1.53410270273520188
1.10349847461993744
1.62733550723029818
1.15230650019240977
1.70034882132951370
1.10983289411358044
1.69178561770456715
1.03638589026800898
1.64490958247486097
0.95969324852668003
1.59326735528922758
0.89778215660818539
1.51503006346400193
0.85099858082063695
1.39517071934211079
0.82360089309379192
1.24575810852180857
0.83365913870063868
1.08098518967341817
0.89651426285043878
0.91577554123214189
1.00639480091082323
0.76184844213167680
1.14899392326738181
0.61765282578775260
1.30773326981471771
0.48361008007691358
1.47279241908917369
0.35613267991786746
1.63068864052395290
0.22968624820078298
1.76907717518294705
0.09727377832014868
1.86899404885925469
-0.04380568311674243
1.90475357973534942
-0.18928533589678598
1.86571189425286676
-0.32083564027210359
1.77572795969176345
-0.42771183581742550
1.66457582298095796
-0.52109438730806601
1.54541949398980938
-0.60519777587340573
1.43173302499824096
-0.68691126371286271
1.33127594503498448
-0.76834358086377330
1.25225501165730080
-0.84586284542451873
1.20646748015799865
-0.91404426912866876
-0.39320599288844887
1.09920770326390338
-0.31593964940290448
1.06569866234570987
-0.22441598946427704
1.02107691012427471
-0.12105685086915942
0.96774362102194234
-0.03086799082731911
0.91549588499831203
0.03661521581080356
0.86791617592823500
0.08419628214549318
0.82304828289476217
0.10427058898273203
0.80234499476090848
0.14107258620325655
0.83618626870439206
0.19907758076484816
0.88603628414515589
0.26688623541351342
0.96781026792167180
0.34784351475419079
1.06980651674165217
0.43742765155400037
1.17303933854835551
0.53211576069576905
1.27989163050441901
0.63024159945163538
1.38750732692916201
0.73036169671384166
1.49324952256826959
0.83052986127491468
1.59437460555491262
0.92472329137540954
1.68711943592318780
1.00475666005200681
1.76646910424259462
1.06172764011420639
1.82686454307601265
1.03564524040645667
1.80228070725808043
0.97560424604061047
1.75538394296860423
0.91232647993201077
1.70171523862398177
0.86323113475730340
1.61507725066866281
0.82692073613538453
1.48762058602948222
0.80539678681831117
1.33142875785322068
0.82170225327731639
1.15950733762680303
0.88664852062215538
0.98700360583136648
0.99386807669885580
0.82155465764980751
1.13351125220936666
0.66388439249282061
1.28923447125177026
0.51352527499956391
1.44915744701702542
0.36290336139376761
1.60917387997081418
0.21469170624285103
1.75255470069459629
0.06638342067678563
1.85854783130458179
-0.08498852137792680
1.90562861301292563
-0.23840659086353952
1.88491164499006136
-0.38158510379339061
1.80919567569086670
-0.50185933125209370
1.70779775570370917
-0.60493538339685482
1.59820156934647328
-0.69791657604126622
1.48886301384988307
-0.78402882622707382
1.39316719553978996
-0.86799381053116464
1.31857969896349059
-0.94709960367524304
1.27636596584915352
-1.01526367017077024
-0.42251585593202001
1.23782213528704421
-0.35444925339214967
1.20619301651502031
-0.27263970672660509
1.16853967422011551
-0.16921119839406201
1.12107538895452019
-0.08749493824435431
1.07671819299004845
-0.02282194750037385
1.03598598479805348
0.02522401588100214
0.99532732844276994
0.04385607754050069
0.97870916537259856
0.07264710981686789
1.01710514964286225
0.12260499623957899
1.07879405204445900
0.18444650446872288
1.16710481729332494
0.26008654562158823
1.26303438004040336
0.34595253467881126
1.36423354212378212
0.43847653766315736
1.46531721561609185
0.53547638883840587
1.56775780116490959
0.63456062400949531
1.66530144628535881
0.73236837467694427
1.75384009167650667
0.82433079207042537
1.83357273990374137
0.90680956170707405
1.89928400824354315
0.97039626027413661
1.94572914406709385
0.97545101248839750
1.92042007373400292
0.93397199362774075
1.87538301304573229
0.88837635119642455
1.81734008219203891
0.85388963031993026
1.72262331112096856
0.82854525357743380
1.58955901102955921
0.81987880858308493
1.42832842804933735
0.84396075197993281
1.25370001086429395
0.91485211776564823
1.07781597242005023
1.02486004813014553
0.90575448014220039
1.16168791371175328
0.73897717168495503
1.31174873728299746
0.57478956105712276
1.46425069804719921
0.40972510172550930
1.61194326246743525
0.24354250614457673
1.73845114214354490
0.07202810938214169
1.83411433227706477
-0.09987910304733652
1.87832082089736341
-0.26708013079734833
1.86290515399043999
-0.42321024904795856
1.79638480507914577
-0.55727545679535173
1.70452366253752952
-0.67369300213667804
1.60106054093954553
-0.77658941778756907
1.49646472550894361
-0.86928118639886653
1.40396658138754260
-0.95698711415972793
1.33349933572190404
-1.03978435082403475
1.29641257618780958
-1.10963174960786026
-0.48424648616468563
1.36333786243349309
-0.40831384005412297
1.33432885043509963
-0.32872357150919806
1.30377105134693050
-0.25365012192505243
1.26749908223034513
-0.17439035376093490
1.23111251873380412
-0.11395357613261385
1.20287618746639313
-0.05199259314625740
1.16285812242715281
-0.03197729670735740
1.15844475845934403
-0.00445974924034081
1.20116877034351699
0.03997261289813277
1.26627265486357721
0.09938410575649746
1.35851651759107628
0.17480904417898416
1.45339403323767713
0.25768087347089097
1.54700961103438472
0.34926299444912245
1.64088211973304099
0.44639999487721332
1.73903172112180959
0.54378754917202088
1.82487865028754737
0.63926462035600984
1.89899007930603636
0.73035825968877477
1.96549627601223964
0.81387432925043635
2.01965851093924043
0.88421031017735330
2.05735873906033717
0.92101709270394472
2.04311491316664373
0.90510759909158156
2.00022875010303824
0.87765552738941210
1.93215694899811496
0.86137670831750424
1.82879071808606630
0.85116336089502764
1.69213349806064484
0.85710017049582266
1.53100808889958473
0.89449006527513586
1.35695375666612161
0.96989237189421473
1.17841358956320641
1.07879884712963126
1.00143080956572095
1.21052102167195175
0.82486126456033526
1.35288144971442281
0.64824748691541523
1.49573349173527226
0.47128784819341518
1.62887165603651263
0.29018433563338514
1.73714821707898293
0.10272391577258393
1.80931336807564347
-0.08555894446163170
1.83516564272280314
-0.26689582442085397
1.81261915098281801
-0.43537757363308000
1.75042817695192743
-0.58592254921792641
1.65848627432932139
-0.71431096103071356
1.54891962295120278
-0.82168227064372756
1.43912276154258878
-0.91765398665944831
1.34354746387958035
-1.00885508853234396
1.27361576755926009
-1.09609872675080910
1.24076303095186402
-1.17028145274254558
-0.55720458369333303
1.47052707551339790
-0.49216053326530046
1.44768294894684169
-0.42992986909784170
1.42921755459828526
-0.34524663861899785
1.39623280548995865
-0.27508216738331581
1.37324403430405662
-0.21736335020131842
1.35897304287634779
-0.15220655873803238
1.32753538721115105
-0.11932367728178432
1.33467930003097490
-0.09029687545230440
1.38120951237822709
-0.04567814520431599
1.44753934278600482
0.01405020237978007
1.53554359921806061
0.08956095912645505
1.62713443238784250
0.17409287381411326
1.71769081120071432
0.26500234820047641
1.80410917040988661
0.35938709768441185
1.88797372958105791
0.45611504680648518
1.96367214297868808
0.55255534496047698
2.02980082057909339
0.64548488429922535
2.08769686186153836
0.73198479743884981
2.13280635708773181
0.80854713583754900
2.15913049326764650
0.86808065569247417
2.16483770142518273
0.88282335611365104
2.11683518889267086
0.88000771721098314
2.03908581729965421
0.88395259425279427
1.93009036657558752
0.88990847372494397
1.79118281312739613
0.91258792123929855
1.63227941584076497
0.96150141182707327
1.45990504635303564
1.04210400517009716
1.28064890101109641
1.14913182544340775
1.09843260130362630
1.27433157641647132
0.91323473859749205
1.40790600876210781
0.72613690303898792
1.53896267739685655
0.53596841791677785
1.65553113848009836
0.34131770576000431
1.74209515933445380
0.14087099411259132
1.79024851121743578
-0.05990471357499377
1.79325416040258645
-0.25216486503985336
1.75473080328083264
-0.42948174305475545
1.68495060612487380
-0.58911616474214223
1.59287888651683640
-0.73045019213835349
1.48625856590431304
-0.85208209501713827
1.37039462882470775
-0.95296512974079917
1.26781186787502742
-1.04589334330271733
1.19690060315032287
-1.13563039106998809
1.16607386843453198
-1.21257391759480648
-0.64098083647787152
1.56259045421204146
-0.59065652940438018
1.55217193901945416
-0.52201954452421495
1.53388819951306443
-0.44415753820619319
1.51218047371646214
-0.37483853586898336
1.49986859663808692
-0.32190048115110975
1.50328682904692568
-0.26049889166277967
1.48950428163120674
-0.21333276948674629
1.50692855499950995
-0.17600227998398690
1.55896172188230553
-0.12652434121479764
1.62555951341450333
-0.06383063816021513
1.70529110188316979
0.01229095381762973
1.78692233039523618
0.09632016804983259
1.87016128882953359
0.18689166208121005
1.94837110036941752
0.28153762190104326
2.02317833273528613
0.37895114634149263
2.09097974791260599
0.47683990636320878
2.15053589175590654
0.57228052044710209
2.20154742618727051
0.66272399913297730
2.24025176256145420
0.74517581711139735
2.25264551252137490
0.81899524190035122
2.26502174661410294
0.86729948744514607
2.22257478384768081
0.88798609356502167
2.13507376173692442
0.91472303394268928
2.02327668770338986
0.94205760286243156
1.88545190821764530
0.98075468208720751
1.72752078543182708
1.04106768653240178
1.55709814893381604
1.12489771278602069
1.37703408834357077
1.23072131195955947
1.19081736592190190
1.34865938360226689
0.99970859832994818
1.47262507143160759
0.80297084652287865
1.59059899876093680
0.60130713413514181
1.68956416830041145
0.39384982003192970
1.75324807689366602
0.18101341468255464
1.77592265640191771
-0.03031531855675012
1.75422836864932008
-0.23008682961971227
1.69881747433345809
-0.41484433232300416
1.62037040766568130
-0.58391016011884866
1.52513154940329843
-0.73618437043054485
1.41785076499431950
-0.86978278285458999
1.30265697063378161
-0.98232852899742995
1.19308611225069772
-1.07670048125886209
1.11978357984435095
-1.16883047733139644
1.09104443182164101
-1.24910781208823241
-0.72620145767211064
1.64576510045522717
-0.67654233684381504
1.63803893819297919
-0.60720723441108326
1.62057710103398711
-0.53809864617987402
1.61428299504697259
-0.47264879293827394
1.61567252689417895
-0.41511029579854536
1.62871810516300397
-0.35219118054021398
1.63147268372312970
-0.30022142559383941
1.66438492183480102
-0.25389115553386388
1.72151979007667522
-0.19775062664983720
1.78590524202070622
-0.13157063294769097
1.85606054516743280
-0.05523763254539112
1.92717628970049648
0.02871887609010132
2.00400705740772533
0.11962778639923770
2.07564131036271915
0.21516577996743191
2.14345445403314105
0.31390876907830578
2.20515545121668577
0.41384819475518919
2.25960698430541429
0.51267273800046931
2.30589304274334195
0.60844492481568491
2.34059590824549657
0.69896350781264638
2.34836240258045414
0.78568861447937810
2.35535219265221096
0.86007251295107878
2.31525289906878085
0.91266719158247200
2.22821086893928433
0.95341354260549793
2.10947790291849602
0.99985238264030440
1.97134310218750985
1.05397278188582355
1.81470189852196295
1.12483169855063814
1.64459887493451817
1.21409628435283690
1.46222692827554845
1.31795819201452580
1.27131487167073431
1.43000120671245190
1.07303630382092230
1.54500072460888149
0.87016283951802320
1.64779580776588341
0.65952469319797979
1.72245793912551948
0.43933888997830889
1.76178389321689943
0.21693473448590406
1.76063734403421646
-0.00206043261370385
1.71774692240634308
-0.20864582446609273
1.64916781001156010
-0.40089458977084680
1.56267733988340352
-0.57864428687039227
1.46287232314849680
-0.74104837231251941
1.35379086318285768
-0.88511512266857084
1.24138386109084942
-1.00948837152629722
1.13130753881101365
-1.11105282377658043
1.05505900604493275
-1.20596601306699514
1.02892683253206352
-1.28834126770192881
-0.80192625853930688
1.71970790731575107
-0.75022868352916272
1.70919023041071094
-0.68226228729024052
1.69430951063900914
-0.61553303548326499
1.69703353404095458
-0.55099546943726352
1.70880448425386011
-0.49126061094959644
1.73104138066317104
-0.42627023158140842
1.74758735434377632
-0.37316705714007858
1.79465128345449965
-0.31943775450173684
1.85339550862729685
-0.25810125638355497
1.91653066061891542
-0.18818991934542806
1.98102969263243844
-0.11021228686648762
2.04838506642768570
-0.02545766466497095
2.11741277956651919
0.06606782657366636
2.18346162799881949
0.16269893658961063
2.24587561319916595
0.26304567249563676
2.30300907397951082
0.36544798226675818
2.35383137770046957
0.46827822041033684
2.39721895287410502
0.57047312862614519
2.42995791108661274
0.67122536310198089
2.44179359581464883
0.76976024913972330
2.43882705050467807
0.86030077910276859
2.39366413983441317
0.93430321135089178
2.30521050090972768
0.99548991181754476
2.18525149073687697
1.05613636258416954
2.04471048423529123
1.12424161240394915
1.88825576142153939
1.20420282614180207
1.71808326286342528
1.29637808561828805
1.53435769049760662
1.39919262178397696
1.33827627158581719
1.50719894395702614
1.13322222920123017
1.61200066551002941
0.92060094508609869
1.69939773724817300
0.70060133101207711
1.75591083058556374
0.47474443720114290
1.77043305313432819
0.24598000493294314
1.74573542163555961
0.02053499418723776
1.68932389226503954
-0.19264107218524834
1.61176317984083539
-0.39403537800522320
1.51860166967641330
-0.58136339739645426
1.41381698768413711
-0.75170220907362539
1.30344211633794815
-0.90382923525047609
1.19544191980191439
-1.03848116424853343
1.09913564605681624
-1.15563815683704507
1.02649801310359878
-1.25659953495071286
0.99943035052528373
-1.34107284194907694
-0.85664274589040212
1.77530089188746132
-0.80662143225108818
1.76789632591534018
-0.73990423335632571
1.75441926885452282
-0.67337426785926491
1.76045184671255828
-0.60858422365285592
1.77809924179924361
-0.54614215767609431
1.80489740567633228
-0.47989636290475324
1.83122715936466940
-0.42617927259739985
1.88765865592973880
-0.36760765696103015
1.94799018133720936
-0.30189549533722626
2.01009124641003334
-0.22893352755815286
2.07415535117310501
-0.14889711096618555
2.13849546638654742
-0.06255542086980899
2.20269414292108356
0.03000037845898241
2.26476126912008846
0.12778572783275319
2.32352242263944575
0.22967064720771085
2.37766520455198860
0.33437759334748174
2.42627163207424745
0.44083046087982630
2.46808794012030441
0.54855469377101951
2.49981606613051310
0.65729346520272769
2.51385992593923469
0.76535141711516885
2.50500496598345945
0.86424103254571483
2.45177949766591352
0.94986991477282745
2.35984548874581046
1.02700786297310165
2.24022804508388562
1.10104900234597447
2.09931729710774606
1.17909423870828656
1.94218230870021813
1.26565231208977491
1.77126847024820422
1.36112902973509819
1.58650631749580717
1.46335194103467958
1.38614002823808780
1.56687397692264940
1.17548819504540414
1.66389693200028455
0.95568918609203268
1.74149479461438661
0.72799404169084647
1.78535457461976432
0.49433912565370874
1.78626564800964394
0.25777342965655559
1.74539658515800689
0.02400570494236924
1.68001314991922990
-0.19973499375042786
1.59569862379602534
-0.40760495727735058
1.49649562414253667
-0.59962085812433674
1.38607085457191581
-0.77272883942209181
1.27405866116847299
-0.92875917977210087
1.17068200203653938
-1.06956278151585238
1.08469150359970312
-1.19479345694729489
1.02568699059481538
-1.30418609016210385
1.00785035421341740
-1.38997336622684520
