0.04641724212316441
0.93399357460568577
0.07094810265187472
0.93061601326120191
-0.04309059771856739
0.86640584553513333
-0.03990946492097661
0.76406481307459850
0.07949272367559147
0.61249678083740422
0.14853743930797053
0.49919831154191691
0.34829927690209556
0.35493096759782500
0.43953764272955187
0.31861200288195379
0.56754356931761807
0.24308228441460200
0.68208337515489781
0.23704638005870488
0.84265325485534115
0.25149636308792889
0.84603283405811791
0.36583806461580881
0.81606520013343709
0.43257593220051932
0.68815805333545477
0.58392261933383671
0.61021068660006861
0.65406552195961309
0.51844698279122348
0.77605225064583561
0.43744079093056321
0.83459888880876143
0.36198248676705908
1.03795842033932617
0.34354021751293334
1.12480006688683876
0.51467869305240121
1.31523400041630745
0.66427052809118259
1.43171532032296511
0.88293051167132108
1.45841431882941652
1.04184611140575667
1.39503338633031349
1.23736871339940024
1.24888902913571953
1.35506490989551098
1.00605511201734066
1.48296946522476114
0.87056872523836593
1.57773165861580811
0.62782193923133289
1.61081290429598800
0.40420557725468115
1.65142200460980781
0.10980779649821616
1.61672186150858477
0.00240367400844008
1.60951111616449616
-0.12162466755997867
0.17904297230844096
0.92263725732633917
0.11240027042561326
0.88131944474189505
0.14624906795618345
0.90745387543693357
0.10307900223070057
0.80508283466405473
0.06268502231254848
0.68357553388892822
0.17091288867741750
0.57036617924702104
0.25523172464717647
0.47679118088568961
0.39217383215451762
0.38431709819751642
0.48524897625221958
0.33960041229789423
0.70808425929487961
0.25909790609834210
0.77828979206576410
0.24981924539034306
0.86316148649541247
0.26361097142567375
0.78076433488568175
0.37313338264065143
0.67418615127742343
0.47167061720704134
0.50208009111633145
0.62566771332055249
0.46002705275107392
0.68092332231802077
0.32383340463210164
0.80977451901494313
0.24078879494930439
0.86189591270877852
0.27598775879981369
1.08202374076318564
0.38115663252748944
1.22938781193755720
0.56848465772298840
1.37125986706814662
0.74179941120416915
1.41833997422178970
0.96900598984998698
1.39074434731284780
1.11020719587287164
1.29030542384827029
1.26182105363413566
1.10894494787959874
1.37280679690132956
0.87910309641633844
1.45521281769717081
0.69137223791424263
1.52643775634452594
0.40537467836757402
1.53930707307237169
0.19258275284813367
1.55476651312613412
-0.02871756448991317
1.45877992673594625
-0.04535165136349446
0.21728604976853888
0.94111804152629108
0.23548451498201606
0.96224288018525006
0.15734476270549563
0.92457907947069096
0.17212631580925630
0.82665558531478167
0.19756575075869331
0.75340055961234786
0.22656773161685231
0.63945285902375981
0.32871595895198813
0.53306556861266707
0.34326285182072258
0.46426530794560511
0.51503187257327143
0.34612597748441620
0.59535501075874875
0.29061164436425202
0.76863989962838675
0.17630066016213417
0.83198265424321249
0.17486608164225051
0.79220540809221152
0.19180809777633395
0.57126105628688262
0.40076315279203772
0.48206531127408259
0.47953764571716057
0.26574747939419363
0.63123003557300783
0.19274883435410448
0.64764744598935375
0.15789718425874474
0.81603051894053813
0.13339986359314862
0.92517598494742836
0.28840458150321852
1.15765449854229385
0.40591850297350596
1.27956004328374506
0.64531222934873689
1.38184137452769384
0.81829783603095330
1.36132439044010067
0.99472452385776478
1.28741394529809416
1.06725705661028369
1.12324262211246428
1.22672018869294908
0.91589585698366249
1.32363551599077911
0.66920597404593429
1.37485739996826051
0.45271895912676341
1.42031633065246421
0.20131168100403718
1.37818028866837183
0.08254518663142507
1.37635533277799604
-0.03623603013789201
0.34275415139420606
1.06077164432667126
0.26267573252053950
1.00657554512146152
0.35482263100145245
0.97828853529955817
0.31788212895388973
0.92239965056237172
0.32355349874264050
0.76929147349918670
0.39140472454401848
0.72019797287023257
0.42928824783365782
0.52728092490185940
0.55302044780373050
0.39072968990736284
0.59227097945805551
0.31738961867016163
0.75551347183860407
0.14380484847849168
0.77138710562332580
0.09104474809744746
0.84847804470928168
0.00846912976671210
0.68568366261860414
0.13040995396714944
0.55321206466499295
0.23607816748796537
0.28943656285110619
0.41273175544264856
0.21904758236928790
0.48934538092762453
0.08882802069335079
0.60844775628576664
0.04136445363142033
0.70908839519613809
0.08329476437409322
0.93030909491769176
0.16380230637264198
1.08586103604518081
0.33324145879255845
1.26835166443870251
0.47648691658564291
1.35980946567397298
0.67445513981712146
1.35877729201462327
0.80166115237790425
1.28243927868915786
0.92806603449860947
1.12058886661362944
1.04072600374081037
0.95175369077561911
1.16779172077041205
0.71452718315249963
1.25706618785244006
0.46332696939683427
1.23992012616609371
0.28397221649497872
1.26884685705147437
0.09006173812996304
1.21330047123453810
0.07036176521166830
0.37454077243567185
1.12464348171415640
0.44664375232209452
1.08057333228445129
0.43927940873951188
1.00150891622996707
0.45003587192524447
0.84585361357092093
0.45906010304554667
0.74330538651797506
0.47363756382959604
0.48993476621303789
0.55511406366482341
0.47111523521852133
0.58814238977235367
0.33683869478544065
0.73150056692459775
0.16493428666517729
0.73276534621254208
0.08642518043654451
0.77468240833090152
-0.02059504371061921
0.68270943514224591
-0.03837179887229215
0.59065793576266468
0.03557212827518373
0.37691247597095440
0.16702571808390612
0.23154302228192092
0.28221700407335276
0.08272662813624730
0.42710669628071590
0.00449540880216216
0.48061049537365624
-0.03164885280160930
0.68400459486235121
-0.04218430877080835
0.78928901342906543
0.07241475682435830
1.02275609299573311
0.15364763484413724
1.15927682568572976
0.34366673609572657
1.30739623805610550
0.45152412130086267
1.32535094107950191
0.65760879018444929
1.25445278298909502
0.69575119283300457
1.14346491553583429
0.88612971104479255
0.93122778059563749
0.93589787032860283
0.79808881100035622
1.04161878210897640
0.57975292722963723
1.12962455238245774
0.31847536379925540
1.10581874190264928
0.22164017333746633
1.14520435227252282
0.08296993610411271
0.55501148402506151
1.15970906137397201
0.51575146359646196
1.11093859388950444
0.56874344853100944
0.95479267636898046
0.53837162271046168
0.91657936886499902
0.55800507547915235
0.76730988067274319
0.56734516197891494
0.62644768199399703
0.60286905643022193
0.43127552922120560
0.63252551506889887
0.28578022997450547
0.65009670507657569
0.13649261765920162
0.71754115548637942
0.06880053985211154
0.62285227730876214
-0.11930388445451215
0.60720774020673240
-0.12109134335298562
0.41624576472028552
-0.06383637452473971
0.31768127105782307
0.02449258640047904
0.10037320161284918
0.23514630225493754
0.01778022588203752
0.32149993140068733
-0.07639352613092049
0.48050057199495932
-0.09818075881646525
0.57568887985470485
-0.07647044779714204
0.82353054771654755
-0.06613403681096591
0.90030901272228048
0.03509959779078817
1.09647401541043799
0.11794947709485294
1.20796110622892794
0.30146165053425789
1.29834513860928569
0.41660876629931565
1.25777948005787121
0.59626983594308403
1.11197647906969643
0.66169089130245640
0.99412406583332580
0.82790361334836438
0.79781397847279723
0.95146913095276664
0.59909812744504787
0.97330461627900655
0.45858023568722495
1.03893082933127134
0.26012438868148030
1.03788597230051205
0.23237249101558147
0.48099767872274612
1.20580339659882330
0.50496101399198257
1.03270339542108247
0.54948551568020731
1.01730421430327889
0.58121100958978333
0.89166000335367890
0.57450509576259134
0.85551934542160724
0.59991966746176395
0.50467077092843415
0.60381428823763039
0.45786896372326930
0.58216087792645221
0.20939971471543539
0.57234030964709537
0.04697828561125740
0.55883784591460761
-0.11677702965887210
0.51546303996915066
-0.20912049695008689
0.40990843131053828
-0.26371085098143410
0.37119400637333844
-0.19799875842521364
0.20145894540627032
-0.07096619498616806
0.09973414851060053
0.06386305394858006
-0.01738417020018791
0.22745383899885782
-0.06526797292008728
0.40879564519882838
-0.09651731656812035
0.64055196603432207
-0.06421414222182285
0.68764050126415333
-0.04646421089875793
0.88742882127134404
-0.03593672435188663
0.99323288219755668
0.06082956436679808
1.19206521274462518
0.11879342973539019
1.26393443811963047
0.35323613351723254
1.23042578848118334
0.40842533075688264
1.16486310194537124
0.58478737294418404
0.99042337123998381
0.70187593348440891
0.89302587140037071
0.82223059513511132
0.73984138532717802
0.93060605155268650
0.51206577863735914
0.95534252540882836
0.43329707651640886
1.03104446826221130
0.25856986928073256
0.38816844688131696
1.07594472506254712
0.41833200257816144
1.02393738936716905
0.45552170534255509
0.90271634395879952
0.52070784706991879
0.86630111922124031
0.55075351694529118
0.69143670010368352
0.55790141550853189
0.53101767161832891
0.54120724886172034
0.31591763361364111
0.56305947769912801
0.22359872853377774
0.45681653090436486
-0.10648896423511289
0.46867413855037704
-0.18019355551040689
0.35351138545578953
-0.37006522914691348
0.34646728925108150
-0.34310550236927001
0.16785236174841595
-0.28439211520887758
0.15027168635331731
-0.21293431163856125
0.06488045397620612
-0.01759748745012350
0.06004283564331827
0.05641678267586465
0.02508960044776985
0.29921047244153620
0.03268361419155144
0.47646433327730708
0.03784993393885398
0.71448966140033732
0.04965503032052730
0.80039952078056298
0.11123153839870092
1.04070521916373115
0.06541301794085561
1.15435307705174406
0.22264210775306312
1.25491883744126187
0.27841110452731432
1.22305992559480647
0.43871988511149340
1.07604872969006737
0.53478639921648496
0.99318764419933692
0.67223454913643044
0.85386104504790694
0.80586643269482383
0.69315420158171259
0.87416468490700350
0.65781453622689701
0.98602697122982785
0.47899209384523744
1.03515124561095528
0.39674709877103365
0.29397831240053357
0.97520795242107750
0.28682934522739589
0.81216686382034808
0.36641237962257406
0.76307209455649427
0.42547167697199795
0.63638679642376694
0.49497896070990410
0.60467600509586872
0.49415096832454536
0.40748159919737770
0.51473072376395967
0.34628682893660162
0.45592752678497894
0.02235038403874180
0.42473385825963011
-0.11434745754595835
0.35634059570386845
-0.31805780355530627
0.37682737726164900
-0.39689355919086383
0.20286391273564508
-0.45735394722639150
0.17101552471674875
-0.37010355496197062
0.08164523024709906
-0.19400249302398645
0.13508589988605291
-0.12679313618579027
0.14410362151171055
0.05130343998544735
0.17421240506811136
0.20508121935472873
0.17963180266158044
0.41222869135677348
0.20243215415501292
0.62135612581177679
0.23408354671021975
0.83151909473122010
0.25649734549645981
1.02017680557358759
0.25561429585180984
1.18319615607094830
0.23443342680483439
1.26173227592601900
0.38984377995835978
1.14377376302394729
0.50935539627588700
0.96901970278699034
0.57881665910591384
0.86952026831538065
0.72769476192237081
0.68207935312668688
0.81695752750426021
0.60126234044734983
0.98593280879997203
0.47181635636390656
1.01347664238230206
0.50767017702297601
1.12041859805376287
0.33591636450024775
0.12427742099028943
0.62078915058888273
0.15701062673597399
0.58577222908242421
0.23266402204910788
0.53094256567070364
0.32850360465840117
0.48179231333038253
0.38588126944063017
0.39738727377481770
0.42687369298432565
0.27372786700171742
0.44840935391580994
0.10197679663964090
0.43579720433541486
-0.02630453202120878
0.41796688452979425
-0.25288751891197547
0.35350780611882482
-0.28311470774654846
0.41587690648232278
-0.42204794594479134
0.34314263985773763
-0.47798800588170037
0.27542588366132148
-0.31737792178492918
0.25991100691536934
-0.30988076115447849
0.26057669426795033
-0.16673798143665974
0.29911625072418097
-0.05067648308276744
0.33846950557833966
0.13491878150003916
0.37473985350345618
0.29761526628671514
0.40180829582665240
0.54999332628142072
0.41143511834299362
0.76394597713853396
0.43912932398946586
0.99846551449285648
0.42943988418796780
1.17077754853176219
0.42544336441669744
1.21648640887758819
0.45750424283070151
1.11586716558009180
0.58347053666439852
0.94030618314028092
0.73444450664524363
0.69960328619148759
0.77021127233672182
0.61892605303587622
0.94079319304960429
0.44710980985200871
1.00910247397476027
0.40470363820335931
1.14905410898972282
0.29225857877518768
1.15319693944432466
0.28554926339726955
0.01346800992130501
0.45485079637157666
0.00477700246180032
0.33302461002133704
0.13586705139883715
0.36570667463288564
0.20124774097984802
0.26156294156405874
0.30767944289899352
0.27012564136918693
0.35309112155460337
0.13010764771031774
0.38674650869174382
0.12125344676006281
0.43365303775856284
-0.10548836316644229
0.43654454142948740
-0.18956679900711337
0.51212547210687809
-0.40146092212016682
0.48628829657024919
-0.44679745658556952
0.56673246166530822
-0.46950751348196984
0.45040757673583837
-0.40299811578376044
0.44024288039250081
-0.27064394140979331
0.47663142433962130
-0.26903316489267215
0.48885072699749593
-0.07685652536058307
0.55347942968648844
0.05188143504089862
0.57116105632004754
0.33363497566577277
0.60139911755992426
0.51743696859795318
0.61826173961588482
0.76001876777810928
0.62121758819807882
0.97404638355924855
0.62586415410178420
1.14721535974987288
0.54160397438466401
1.21565268738785237
0.67426290618202966
1.03677175454221415
0.78363857121893388
0.85091132412673942
0.82737550082378541
0.69832856903612772
0.97305733876883593
0.49389158859783189
1.08924045774226519
0.34334333508594417
1.11353126472247355
0.28227174859354387
1.24066883369134295
0.16042354032034564
1.29277186584650750
0.10174300098430486
-0.14115603578522562
0.25388915250867344
-0.08619063834966802
0.20447018208274481
-0.00680611429008125
0.13504654554001280
0.09956403776504943
0.09949485736726932
0.19164557843788033
0.04818277752663262
0.28268700437556799
0.03548456354534879
0.36126397619385664
-0.08575453005033355
0.44800880236047658
-0.17281475766174811
0.55030861024319266
-0.33467681845746311
0.56807453872866154
-0.38702376627426699
0.71237873394755846
-0.48453036408385308
0.64809483081473895
-0.48130116519195826
0.67820927014869259
-0.41004399826327820
0.61967355551309733
-0.42017847739885927
0.68523151205224653
-0.29415050132620391
0.73515502202644656
-0.24758921436825398
0.75662555073912952
-0.00907806431250160
0.77157396509064180
0.15874902853320422
0.78985926603061085
0.45724565857451177
0.81123159486396301
0.71222968752740412
0.80389924426359793
0.94109799613066369
0.68791712892895363
1.11883666079349986
0.80782854965641060
1.13988166515029943
0.82097290363614961
1.07667012668247364
0.95508763319906453
0.78013297974584206
1.00517992866074946
0.64232764791672115
1.14602344735764738
0.39998206220181043
1.17028721131540103
0.30002603500735447
1.26131175880140711
0.16110619549326555
1.28137951495537039
0.12002567967513944
1.41896866959751122
0.06194673190825287
-0.23464344846747490
0.13861867928983959
-0.21773839101884179
0.02779787471955188
-0.11325560501779638
-0.02124071453522548
-0.00814681490893798
-0.09146701785122284
0.11637638264473235
-0.09099353291123838
0.25117720195542137
-0.19426384048414941
0.34183255883750052
-0.19502393460230921
0.49217871240502881
-0.28909924993583491
0.52133232255644046
-0.28239596488698565
0.68172791347561512
-0.35538660359052526
0.73720154697998264
-0.39423798468940818
0.87374513630552308
-0.39372719723049737
0.80936696477680437
-0.39185946099872149
0.89506061870784281
-0.31350570618889151
0.86631641398227111
-0.28798370823106639
0.92771931347770908
-0.09186323864550593
0.95206032678638264
-0.00755509211603082
0.99002021427444398
0.22555956383927880
1.00348394954140985
0.45628138514153566
1.04834841649927379
0.72145703276104700
0.95761544887914907
0.93494854021742091
0.98501666628775131
1.10291511564856770
0.97368936795148864
1.12347512555162643
1.03681146108438593
0.97749075227038773
1.07908472775548514
0.81386852268340348
1.20127151394662213
0.56710597658797290
1.26857456908155242
0.39595191014913578
1.36795144952443182
0.20805278144973971
1.34209541470048799
0.17453841605752637
1.46444616610372114
0.00098605933518311
1.42959360873122687
-0.06292449681817575
-0.38720573201817704
-0.00697949227187507
-0.32284443035204058
-0.04378507602596282
-0.20496999818347555
-0.21632784787364112
-0.10864276548488244
-0.20227970609143217
0.06144974639913897
-0.24327728888552727
0.15642336889735001
-0.22256860582149079
0.34093769509276317
-0.25028555020683035
0.39175635295486433
-0.20166406593279954
0.57535500471047163
-0.22301586222640402
0.62827011786027720
-0.25399313646051563
0.84313656019465733
-0.28178871305520597
0.90694066513814942
-0.30802934306560087
1.03420915426967719
-0.27925567412787389
1.11935301641300544
-0.17723770064156905
1.08406988140178573
-0.14908660028159437
1.14781782871425575
-0.00702762125922639
1.17506765002135194
0.15237074498442787
1.17686417638850593
0.28281792919952925
1.22232068001805660
0.50709696990132658
1.23536130866050797
0.71882867910539650
1.21386902894951665
0.90243826249479031
1.19229853163926314
1.05580773358289726
1.20888591837492831
1.05149299566115517
1.21582956183793778
0.94666144624478987
1.29897538698929105
0.73016739998163760
1.33405420233664529
0.57619391324010960
1.44342154258411592
0.34319681783537509
1.46486236617991938
0.23845151240777024
1.51322558276027541
0.09625647862633713
1.51744693924101104
0.06411911681305550
1.60356574556859721
-0.03107680187414429
-0.50940117458823431
-0.01307319913624606
-0.42621315225820777
-0.16539177749735073
-0.36439165476024465
-0.17108364725733419
-0.23154656893601647
-0.17714584019096066
-0.10888542774678760
-0.14213393401824884
0.10384537994154976
-0.15350479251111906
0.21101368464489889
-0.11239267841298117
0.41999403667946705
-0.11945520166582889
0.49136464214279968
-0.11388671929104939
0.70879988919207548
-0.15676089146700226
0.78698232158745351
-0.19450173834508183
1.02065701693661781
-0.20124073937137102
1.07007885770136113
-0.20432568936632162
1.20880545826328656
-0.11570499586931467
1.31503237282236429
0.04307766579524691
1.30264322280546851
0.11219442077800337
1.36700433474591887
0.28175022318681314
1.37188007286999580
0.38619439811189987
1.40046319864994828
0.58183588021894295
1.44982275246404613
0.72255861268683075
1.39284820590180058
0.91754573620116742
1.42601678840263868
1.03416544885542172
1.37389950285354900
1.05585906309840771
1.42298833321056728
0.90119785947672593
1.42990927281521163
0.76459572402684306
1.49389502884344494
0.54415813110288880
1.50592953198206314
0.46774699452700019
1.54722895711051511
0.27497020128745825
1.54960423620371079
0.24145970958123111
1.56592032468787035
0.10582386602082848
1.56748497521652452
0.12517569208172508
-0.62004491266388462
-0.04551428126036147
-0.56369391303243921
-0.01983396351187477
-0.45148279419063347
-0.04200928362036725
-0.37927487435356233
-0.03554861444251252
-0.24328219200536955
0.00074597055782764
-0.06566488847442806
-0.00732921178864812
0.18500596898949098
-0.02878765322672293
0.30532284697250878
-0.00222297379103182
0.54325632168295979
-0.04005005887107386
0.64957866646849705
-0.06577135252936393
0.88056640981785950
-0.11158224769124422
0.97808112371600497
-0.13001304735315425
1.20005160047391457
-0.11158107769880127
1.36510936670464456
0.01462396699901883
1.37979223541359541
0.06875736081069275
1.48214678712771941
0.23746166556426784
1.44489589159330345
0.29554594675179302
1.52696633193585929
0.51532008363312676
1.52996737175132025
0.59952581869192323
1.56090215212377670
0.79734588872922019
1.57890283928038633
0.88688158923599225
1.51318300899962210
1.09030064679453531
1.52767052134903492
1.05345045950371263
1.48532925505688973
0.99171159431027789
1.51096773659074723
0.79575321827200951
1.47586336500380155
0.78491638594685342
1.48396173100326512
0.60859117849978805
1.48755898222132066
0.51732418387085999
1.50807720723442373
0.39025300722303585
1.50502630283894256
0.34908440434018484
1.55580939776248051
0.22383401440026646
-0.69112986495628159
0.24870485737446030
-0.61475445699747033
0.16167264383438157
-0.57669483628297924
0.25458130338485685
-0.42609019212510990
0.05592908181236478
-0.38492019253351317
0.18054950486112598
-0.11210538633933100
0.09576183770711799
0.04985259771403051
0.08094060688517504
0.29117759342663346
0.03978517113548111
0.42766621553691375
0.01799688389269096
0.68026965414925478
-0.04357922577455206
0.79167192175722356
-0.07999855123979945
1.02015988426091520
-0.09386375238583466
1.11709728825742305
-0.08121631758271763
1.31247476439550881
0.01592201916339814
1.32517577351964122
0.07728531832073170
1.42267184996086149
0.23524538119073807
1.41019015508746337
0.28340397940910489
1.48573435147454780
0.47739224957842147
1.51976228402891733
0.55561058227944160
1.58027343319731650
0.82626190814926848
1.52026364268253888
1.02896220661332283
1.51519371663399771
1.13534993106799198
1.43794336523733390
1.23491237771421614
1.42057918819376017
1.12202616978409875
1.42547898486169156
1.03003147021268515
1.43871588883103407
0.88022428687732224
1.41925987261279185
0.83097982303887541
1.43034162477492099
0.64699363224391637
1.42163910085759726
0.63269760442407885
1.46481263699785824
0.43853290423120705
1.46171381239684472
0.43809704028076812
-0.71412234417285991
0.50313101553184059
-0.66450738542149823
0.48349415600316697
-0.58716363717564579
0.40274157533881305
-0.52782622955548919
0.32823569251554807
-0.41787324222560207
0.28762442193440690
-0.24447065514342958
0.21709559410775076
-0.01024264652809952
0.11191857324078985
0.03588707826907943
0.07538315112548769
0.30460143138573709
0.01269458900878763
0.46235354846891707
-0.04385269017405962
0.70363461223174029
-0.10954617461311399
0.82161424521725523
-0.14160498822305317
1.05217499257652625
-0.09722084280028306
1.13018785452055970
-0.04508320805617389
1.26833881642620527
0.09151182389551218
1.25615400187197079
0.14030312124450595
1.34179854507160101
0.31314712660254396
1.35613355952155534
0.38606835326623717
1.43426984882846931
0.60899859745975415
1.45299842391637779
0.73857604285430800
1.47567225164403193
0.98547111543707910
1.38534433195392159
1.20240766504160868
1.36409600196327485
1.25138010301102121
1.32729449438337732
1.28499702183419173
1.35366044965791743
1.07672123016968535
1.33630805499694549
1.03596500489834975
1.35513007311752220
0.85496742580985663
1.34526316762138243
0.82520311516350953
1.33628567232571815
0.64596124049427217
1.30977050695669939
0.58816282122064478
1.40200067371366410
0.45208561660663915
-0.72600063196978626
0.82604955661376323
-0.67352060778574052
0.70088733279636117
-0.63812844179401351
0.70909101506826444
-0.56164977363959956
0.53594767188653347
-0.48503304100217615
0.47445434169881684
-0.29416613250461249
0.29119518718445792
-0.16039065434969269
0.18364468923021654
0.06260686946589850
0.01581525938807017
0.13778675715718983
-0.03512995802206876
0.42190869245633311
-0.12354208164669549
0.52172905886464493
-0.18895530301337732
0.76295292095649470
-0.20620045413634025
0.89195487260321316
-0.19437332859051371
1.07385294534355746
-0.07813595080354156
1.10347180670538059
-0.01189264843320079
1.18321318365672679
0.13891053732446193
1.19243247391613294
0.19983406521276387
1.29686702198705017
0.40089686533077462
1.29706446330108327
0.51779362732424561
1.38665327154888329
0.73893101525354254
1.39795153946495221
1.00346885191781321
1.37944089963731353
1.07315396373385141
1.25806118929299138
1.27425455692572087
1.23731321464443100
1.20618206092927971
1.15478433603610120
1.13083653067394674
1.25853576473227124
1.00543366454726102
1.20809349184549841
0.80880590549048970
1.22729962199874842
0.74587213015885601
1.14642078761497235
0.55686383964347796
1.27460379019690029
0.51524608330853194
1.21098425001105281
0.40401938940761090
-0.69712391761374637
0.95713258926725431
-0.66583235822360787
0.98987040360811374
-0.60847501566465989
0.83149333983225815
-0.54936148515028549
0.73643404583889471
-0.41442553291942624
0.49403754561189522
-0.31049407419934960
0.35524795032290840
-0.13984619787947972
0.16200889563257070
-0.03549271690261718
0.06199110258430332
0.18721121405580304
-0.11272692548973469
0.29946961426980712
-0.18146427590421121
0.48835424527530985
-0.28163166519801802
0.60315725203695458
-0.31233070460425899
0.83503505555658986
-0.26848285286022583
0.92842842439128082
-0.20983903296117332
1.04367730428008332
-0.04239618146949959
1.02010724406682196
0.01478281211895875
1.14093926418707992
0.22435419838363851
1.18440731956863377
0.33840238753429569
1.26516177546793518
0.52801118871636321
1.31080550592418099
0.73957794450884506
1.29219156439096294
0.84475213855928588
1.27172794837206449
1.07678577951047805
1.21570354912366607
1.13994087996470972
1.09639467052066819
1.21251554046771504
1.12051263415198932
1.06547497712862271
1.09046097207376880
0.93769171545995711
1.10979741430168688
0.83560011530996936
1.05429580626288999
0.65939920333972757
1.06845026217024963
0.55083044355626964
1.08075894644757997
0.42236030740776559
1.14732246053440567
0.37466903701332732
-0.62249118087310651
1.20923120606617807
-0.60487089205563904
1.07175669668954021
-0.54944605409989478
1.00451572294045643
-0.46956841751951700
0.76261053720751115
-0.38568844638252875
0.63004831863300703
-0.25152721365285730
0.40418204402455882
-0.13303123800062613
0.26811997501084717
0.02072296770754375
0.06082545488364938
0.17118207297386620
-0.07154952734722833
0.36493766602229483
-0.23361957428296676
0.49227836267800679
-0.31412513598660008
0.67853648373404496
-0.38408488571357752
0.73171286685799208
-0.38256815047738368
0.87946273382445617
-0.26777146135938767
0.87545394500825402
-0.20338715815675379
0.92739153818857578
-0.04572290357491374
0.94100540294882473
0.05405228099267192
1.07738722522830521
0.28458806525938440
1.08368144949033685
0.43666703400502749
1.16121621959710741
0.62889071340215064
1.19841275375817902
0.83529540819146686
1.16242310454800624
0.92740021743559120
1.11734313346074754
1.11379699076952687
1.05300030494053032
1.12663895724334573
0.97077091089129053
1.02097211509594787
0.96738442319391960
0.90636698959092632
0.94230694630793510
0.74769224749139673
0.92696181200755501
0.61405098315665141
0.87600582642012359
0.42357740889331047
0.94494040446576832
0.33671591238016496
0.95661146475218661
0.27704383314219350
-0.56137974195462326
1.25537399551298168
-0.48494029916217879
1.24023560808867028
-0.46014362598539432
1.05369900194188348
-0.37869461088873024
0.89552648903374954
-0.29965135440937496
0.67232894155765710
-0.18879292234093245
0.54296344659543538
-0.04898850576231387
0.32908532711083893
0.04956761030942997
0.18600894800546530
0.20788060333503783
0.02382823975438979
0.33412789416541694
-0.08719186457601938
0.49152012997323291
-0.23297105883508812
0.57079404816056889
-0.30193401565289207
0.69143441892998925
-0.40684215281706620
0.69071712868501089
-0.39632224931061882
0.77770086376360559
-0.25577177291203296
0.72755245462407314
-0.15832639881168270
0.81183956174780969
0.00495230906101526
0.87223757281564862
0.18033561637339984
0.95512659379659237
0.39142191362771434
1.01709988528908757
0.59534532315407118
1.02637931613656663
0.75950070624726251
1.05670862805206456
0.95126789404497547
0.99678470062650937
1.03134333365780995
0.95925819830756698
1.10805475586955615
0.90286297728769405
1.03221900342126416
0.78843561166507625
0.82298703453928768
0.80222426730610275
0.70041717410855220
0.74491143101376511
0.54011114514681247
0.73576030978168483
0.39752435330300501
0.71191443734181548
0.28700736595846510
0.78216892200864996
0.21833291767478338
-0.36357940786858894
1.35374053597010313
-0.38426795504367445
1.28466665716165629
-0.33598193806447607
1.17917264765701302
-0.27963111703814203
1.00257428968751783
-0.18901246906054775
0.86484461457239903
-0.09411569678752146
0.71461255615496033
0.02000748147360746
0.63208551805269442
0.10635777824293143
0.30576173870659873
0.21314134218808403
0.21271564221293898
0.33341572880452996
0.04890248945496430
0.42091637156716261
-0.04610233925720346
0.51250340838307984
-0.22346372049449775
0.51865701146136811
-0.31942271859672122
0.62887665076872812
-0.41826862822248390
0.55712616428823836
-0.32918431286041605
0.54888260327844485
-0.19603920910666964
0.57826844473248440
-0.05336881337365462
0.71618196468590922
0.17255479559051473
0.74516067224035298
0.38366889755972683
0.79757743865690378
0.56877622526849869
0.88061729963937807
0.79339521882798758
0.88501026924216253
0.93912564337964111
0.93010792295971201
1.07379185452989279
0.89974561524729701
1.11330346561177973
0.74826476004349574
0.95502786228373726
0.68334762356386902
0.81485429915192775
0.59627917943338282
0.64498003299374185
0.57956453803196561
0.51281580074958288
0.50147491390990884
0.34216834977327715
0.53487223722878896
0.24091606078207842
0.51027139844580816
0.14310017642365763
-0.28707371986286179
1.34062171787690287
-0.19036928598629588
1.30719779685706405
-0.20892924836103222
1.22781372380004083
-0.10422489326709830
1.10199692875415889
-0.03496112786041125
0.96802571054764408
0.10496803300009204
0.86019583484420592
0.13430338792180399
0.65400279509389625
0.17794944130814916
0.49189278580413781
0.24125096163321796
0.32710898357560803
0.29905728535195442
0.24657328891550673
0.37785457031080755
0.03449812394078298
0.37981949486181293
-0.08534252508499993
0.43638689966272276
-0.30811101408428399
0.42046114763787096
-0.39207464812119458
0.40867346501826757
-0.34764411372738496
0.30224106063481165
-0.19829096531269633
0.37883602782603487
-0.02294711611096787
0.44643135049569044
0.17604417404449460
0.55474573025988427
0.37029822833914550
0.59672272300747742
0.59888067474973627
0.66023344616846680
0.79540510629396155
0.76118208112604191
0.98538105443131929
0.74369118596268657
1.08689620079611093
0.66625977528773550
1.03654285011388247
0.62599638198002450
0.97659498681314416
0.47805394264559653
0.79521047106625975
0.43817817827999905
0.66551978694474179
0.34412990141742006
0.48330257464959875
0.33331203979436314
0.34948618874344090
0.28025914399438434
0.22305920191724135
0.35670628065001619
0.13388521320150878
-0.12732876428584081
1.26210186201262498
-0.11057915390011508
1.27823499974813415
-0.00857384677236431
1.18927307673369365
0.03783771584594876
1.11879899292032658
0.19311727642933293
1.01433748659437684
0.25307158032463467
0.90315777288769372
0.33136326177499437
0.77754325728408957
0.25552315728958480
0.59891934294258320
0.25663902507389041
0.53327135350045907
0.28019191236082530
0.32141258108901877
0.27966812184402934
0.19773345801348891
0.29128557346760081
-0.04486160643947334
0.26425370402372605
-0.20148283716680510
0.31557652710758349
-0.38348099560760313
0.19622966438151401
-0.32657747820839328
0.13635383623462141
-0.19848227644800739
0.12688954302781166
0.01035758595516530
0.22776413435511284
0.19706851345777332
0.28819978192072915
0.40044860244554925
0.34537341822073042
0.59551151128743607
0.44816192452184650
0.81629096968354264
0.49445024483052474
0.97872381285695742
0.66391874504731263
1.12639388789662820
0.58146685998358416
1.12933006504823008
0.46656615669623891
1.03550347063687065
0.40010117995663014
0.91855994365146310
0.26493355039578659
0.72071258158410922
0.20827512615721869
0.57269830261986165
0.10796253740072831
0.39572568916632428
0.10571549788319869
0.26330894109136005
0.08230470895940097
0.15590304689121556
-0.05844893099499979
1.18638857958382271
0.03950505914961469
1.14234364935212507
0.11688508982762473
1.12581768138424820
0.26730253733251941
1.05804563233256621
0.25103248955795271
1.05317748800559219
0.46164081607609697
0.85193700552939555
0.41703356007707204
0.74031612539158720
0.37855115726309535
0.64697142769908034
0.26036087295229282
0.61521807755812796
0.26277209812475910
0.43152034552612534
0.27790733122372901
0.30946876464499429
0.17700265793288233
0.04102954515935001
0.20199496897367958
-0.15840315643354005
0.10381290351585264
-0.30078455736624538
0.05902900738939529
-0.29204890121551808
-0.05141366094670229
-0.11938237496003273
-0.05297897116488453
0.05597518976647735
-0.01239624379986237
0.24880190492052365
0.05302216687722566
0.43383593462959219
0.11267993719795860
0.64084171744164231
0.17131662196638298
0.81880366234952062
0.29116602983865386
1.01868847914150384
0.38772795507543667
1.13216366853646999
0.47738604992620015
1.13966476836155328
0.34216094811296921
1.11253515126085167
0.20271787895461507
0.96321746233656103
0.15072534487068726
0.83193414115092168
0.02672816089509762
0.63988427734370346
0.00475700462319377
0.51988024288922496
-0.10196130825980917
0.32272087963072377
-0.06922153503086062
0.20594254913142879
0.09106254246253027
1.06013456071504986
0.12069051970517473
1.05581272791628766
0.31050722681634446
0.99506409344159352
0.34231312137323883
1.00636197577117437
0.53648017068304843
0.87916644714726222
0.57486244713283630
0.79969123276026111
0.54576571140250163
0.68838944498633947
0.40222657388645278
0.64083737300773302
0.27156700313088777
0.56379807148169014
0.20559398876769130
0.46604615666011018
0.11465904981615352
0.22769410882931262
0.06460349149067260
0.05052016484051768
0.00026702092547677
-0.15378992876406050
0.03665229721887094
-0.28479186267789314
-0.13421882523604295
-0.23649027091531930
-0.13862831166284512
-0.14165520944489668
-0.24267322531425056
0.16348553628435558
-0.18924470854555786
0.31193237815204578
-0.15728813178925627
0.53260120049874948
-0.11374420443833246
0.64500873530420644
-0.02658201222257175
0.85171414565344561
0.07714842418881837
1.02747615734224840
0.23630686916138505
1.17054105965402022
0.19580162126149772
1.18728464526223743
0.06154637378647478
1.08287510698908052
0.01965116179175339
0.97296227659872481
-0.08511743782497483
0.81568991592014162
-0.12846983860972128
0.68253304676383253
-0.21835096956807368
0.49950049237302924
-0.25453423974715905
0.36241765680632293
-0.34848784669320920
0.22106798561230059
0.09855446087676090
1.01649600148483366
0.29748313553697747
0.93168448099650725
0.37954363567328764
0.92079518036929031
0.56645587739152448
0.84765207361523953
0.60631225361165941
0.84725407297548594
0.70899218516514195
0.70043051349478058
0.61370609793684172
0.61730526518107576
0.49013197982207068
0.53298817548319699
0.27735613258516562
0.55368965209837662
0.09641902525850431
0.32937401037449415
0.03849038321009376
0.25677172550474847
-0.05602889606505317
0.04183884616915458
-0.04945071605250155
-0.10708492037245310
-0.15691970121415355
-0.22214770679745152
-0.17970321466104550
-0.25882593404933413
-0.29944343537018359
-0.09032956805094673
-0.32293433756423862
0.03422385578668777
-0.33318085913562318
0.32992858863530394
-0.30073101450529993
0.50805342466168146
-0.25064656756742437
0.77053860122375428
-0.22297705793110412
0.85826710553395802
-0.03661228233932047
1.10437990639778572
-0.01627503133854311
1.19649994843477514
0.07386168620724701
1.19647317739685000
-0.06212738584983289
1.11860818087871627
-0.21150853627866234
0.94484483010986209
-0.24060676824494859
0.82699453919018617
-0.35552503858295853
0.63952231995807385
-0.35852942871060511
0.54641318912300141
-0.46941907699159063
0.34638068050936355
-0.45808960169234142
0.28439786037100323
0.30024788123035134
0.89870145811222701
0.31751621789760276
0.89219736551570039
0.50658799510600061
0.81821856000802340
0.65482584778446662
0.76194452905057575
0.81265690307391247
0.66766982532088814
0.80879851548643722
0.58266832044862238
0.71743771480329710
0.50282932249109602
0.52176412538486983
0.45960385037798296
0.34312675005430332
0.40975439182563361
0.09815115657286826
0.38777549647090703
-0.05262973968788382
0.22802982681629874
-0.11502341889162654
0.10096546913232601
-0.21002426020219861
-0.07150254751920902
-0.21794631457138317
-0.18840195716402056
-0.37644619985471250
-0.14726749980729836
-0.39722270413021987
-0.06775169487763853
-0.45503662315041815
0.14953746861731970
-0.44065615259253321
0.32768636750777114
-0.41800269090351710
0.63785574573647952
-0.36704573773932192
0.77875501622350818
-0.28279884474188099
1.02770773442089447
-0.23705242703015811
1.11813797021045036
-0.11323823007157122
1.23853582595972211
-0.14976702625414623
1.23722753102821859
-0.27046924616275592
1.10297976046390844
-0.31318265482064284
1.01517238169988300
-0.44378705184654060
0.80661853050404564
-0.46238071709754497
0.72473067325847285
-0.53590305851018427
0.52517500060316646
-0.56995855787402694
0.44969549953168958
-0.66729733706010341
0.29519083475673497
0.25549792780985475
0.90642045329735232
0.41436012934068428
0.81645792879603352
0.56860529229457335
0.75090385365026324
0.81933692593569640
0.63621631488060548
0.86435561908204639
0.62155765415871322
0.93734840322772495
0.42567473440558679
0.76624108930610502
0.42115127004660241
0.58844462921490182
0.36318132314844581
0.34978271893080692
0.28824445339308380
0.16847027537802101
0.23053998282100688
-0.07311809140456511
0.13907575240810180
-0.15001958458093045
0.06574264893350375
-0.29463204345924254
-0.05029305773392913
-0.41370347529219365
-0.09788384613616660
-0.43798976213516755
-0.13547930251631074
-0.54059558907825311
0.05070338820356635
-0.55741514682335458
0.20873888291950848
-0.54000140732159652
0.44734813487675923
-0.51227429553313220
0.63567644902118248
-0.45108770478596610
0.90007417555079727
-0.41477478272046076
0.99126575283968577
-0.30517683407756790
1.19613285358186117
-0.32428497346464624
1.26940319365510468
-0.22190787134724216
1.24774065753789909
-0.35772302040680010
1.24302400079623787
-0.43109045385591588
1.04380324995905904
-0.48443252442858559
0.97769707167996045
-0.56475161208538960
0.77002655191816638
-0.61481354441060010
0.67377545529515681
-0.67573787830520726
0.47263301854127365
-0.72002762477375715
0.44317170408701184
0.35406587167308717
0.82526937383654031
0.44545840809882847
0.78093292543040005
0.65285989147049039
0.68322142870238833
0.82049021137039779
0.60768991918935200
0.96331742132086384
0.44604144513210986
0.89107085278914377
0.43557191659746569
0.81483845453225845
0.34332823159959081
0.55880485923383960
0.26611569855904865
0.39685156808336175
0.22226291073894427
0.16683152582539712
0.15355726359494057
-0.00128854253272903
0.09434460153100335
-0.17472197592844219
0.02087572588133950
-0.27973661362746233
0.01160782124383933
-0.46191626968536981
-0.08343393125663964
-0.60045154786313593
-0.02295345687554309
-0.61994577262134798
0.05690866736929420
-0.63953049007351115
0.26813653219206440
-0.63208424409683173
0.41313284422025776
-0.56812048057479259
0.62938670619912207
-0.54065945542979754
0.92971899396251401
-0.48202126461579009
1.03664941050954074
-0.44330715003950283
1.24055243614155963
-0.36611048549990510
1.25233242076209161
-0.40920573691328288
1.34151501126463635
-0.44019584245494953
1.23231102661319625
-0.48645969828544955
1.20748827313199247
-0.54727119369996879
1.02308246340171238
-0.60374234170432373
0.96015541132040627
-0.67038797082917101
0.75006561683773532
-0.72592335076957060
0.68591244390933315
-0.77995003878209834
0.48693411622433225
