0.48777160227915173
0.58437283589995648
0.75873745742787402
0.21533010429669230
0.49791022034933285
0.59725726085430264
0.49103293203622450
0.11435990166687199
0.59347470951170078
0.27700943290439095
0.53354880656929993
0.20735073876630994
0.52406001800751101
0.38623995203768974
0.61260705524765546
0.23342588923871013
0.74469875069457181
0.27371774584903807
0.44021499972861167
0.40573937242548491
0.77860625381856441
0.58039723729545856
0.77689581341161806
0.44719193305202548
0.68230505051715917
0.77205024943448086
0.73376113747485738
1.00220949387946834
0.29913957888423376
0.91886280722518354
0.68739550448345221
0.90663458150576104
0.45230677892409643
0.90340612073305471
0.63191130179244559
0.72440043775469720
0.54359732979943476
0.53775161264597471
0.64635261552152634
0.53411909087896769
0.66360914241524283
0.22801456853448504
0.82539509748892514
0.15621332515407729
0.72729380876705108
0.56231914377247538
0.78663013474555632
0.28134895407155308
0.75831678802521441
0.22376344348102190
0.85765503985882641
0.38566066644512270
0.62796607368147139
0.35332102444091290
0.67322806378027278
0.68519344508226787
0.61928790187737304
0.50368632439735639
0.52491309813445852
0.70637260950937031
0.32103067064536706
0.73580529548602092
0.42851930819625728
0.59666005472640848
0.37560649471228486
0.60993368287961114
0.68061892693347104
0.59411983696476522
0.46717866176509060
0.46433310891457474
0.44965222598481436
0.67285449711834544
0.43982909036178802
0.33215911893354699
0.34329935495601427
0.61906693653634759
0.49628326206053253
0.21252544922455902
0.96119191251495339
0.44095595301137896
0.77008797733603629
0.87774624282565339
0.78659367197383645
0.48080242489677821
0.70777668310734221
0.40093513365350064
0.69829179189647095
0.70228871244266233
0.85528334488322555
0.53742389181725692
0.86147304859567697
0.70755247621699113
0.42908751214004021
0.92887441022497486
0.56286755526238508
0.73911726916966292
0.43573155432159710
0.73869002680285012
0.50321743336498237
0.77331905535226986
0.16590299276368950
0.76166319708170915
0.41080415586060320
0.79123876229197476
0.40511229870166054
0.94842756687525753
0.48681684977458817
0.91789937990521930
0.37466297921094510
1.13171350211184119
0.47464077663398491
0.95098825729905156
0.42745647785716712
0.86788501979669130
0.53849455948167335
0.81774340038117310
0.51786873988880255
0.60641202364592750
0.58126544219044951
0.58897382113861840
0.08394802451088094
0.35582483511666296
0.27730873148415086
0.33927061339672721
0.74137365185376547
0.39773450789570475
-0.03311373514111282
0.41503885219350628
0.58104508621714812
0.18171264190703604
0.40477486956020037
0.09848463159745888
0.05139875256579578
0.23504169136649297
0.19425531071041133
0.22468236553058482
0.57885869267915180
0.05944975273824581
0.42491350609084449
0.32497865713427920
1.05963265787367678
0.49176889197035362
1.00090970212183139
0.25244006256914042
0.92094646090646493
0.37464627879422269
0.75708666067509578
0.20282282068052337
0.89330500480921582
0.65260913729060566
0.85688960947245085
0.40937342863133630
0.71189392737337742
0.71483554376434366
0.84071012175520743
0.46945874579030217
0.71110291250945656
0.56363273207212539
0.70091366202663863
0.41256050897926200
0.98724353355002403
0.32268193294336062
0.89747135617143314
0.37300696192495603
0.77024184571846632
0.41135585524587326
0.89383130515623010
0.40240414400663088
0.78402550850782693
0.49169917527106860
0.58445800506644041
0.75267961452202625
0.83232678108800096
0.73518498820218892
0.52701502789285148
0.57156536130190749
0.76997267004881975
0.81562822713684113
0.83953566861063045
0.62908443856082907
0.84400778323020353
0.66111250291257284
0.83061314647255791
0.59319902350607956
0.80633523230405790
0.69945460471711884
0.71715411591128453
0.68744317141843903
0.75598336145479572
0.87822315003517026
0.45057302938567689
0.60043905803884401
0.41581029978097084
0.61024426923637354
0.73991139082081570
0.99250292402661433
0.56579456675771578
0.71472095539937064
0.53424829692142972
0.56968828731652088
0.49360805753739079
0.81946190447666378
0.50431257128778895
1.13465214363748790
0.38126399062930710
0.95473758135266396
0.60616573017874731
0.93630208118336178
0.10177687143595852
0.43520096940155029
0.16991396117165158
0.29274492818078990
0.18335685530364967
0.69975411280124589
0.29195864201018806
0.47853199026605764
0.29770423593360906
0.82615575390317819
0.38267144309607437
0.69576524437144771
0.45089368362275989
0.96833793736081775
0.47604247231187269
0.94643164373151767
0.62739805798265524
0.90363789266617411
0.37005132689404330
0.69698287825284744
0.53433391619319159
0.80669671777097518
0.72922878920122891
0.06971608362673304
0.40070283962381892
0.62661384749575355
0.60428837789293477
0.94052248442873509
0.49043747637468577
0.61084625979251261
0.61597759976714495
0.73675221705484839
0.43479393400999272
0.60692560024887543
0.68344888009744142
0.54204318036238353
0.43036622619914827
0.56153147007584259
0.33633060261682390
0.48007160252077380
0.70492555974041926
0.02331601437121857
0.68832641681266349
0.10589686227137141
0.61897684877281633
0.15365612986154453
0.66768805892757821
0.33306831244954793
0.04732165451056113
0.90641444311490094
0.12609510667844986
0.80929413299238140
0.06755997445862440
0.80817458152654476
0.17087069927350487
0.83124513970415848
0.20169763269731744
0.60000391961497535
0.20076309132956088
0.73067083709814096
-0.00002766458222166
0.63655296931325411
0.15737050221139171
0.58593052591584827
0.97427164463234062
0.38857254291935006
0.65116115846188127
0.61783524548970215
0.18665026683633790
0.48295221077140260
0.13745318132111661
0.27368089814599600
0.20342471182481406
0.29548584518051590
0.46120809566792242
-0.20074152286505115
0.10992786262038029
0.39950543868776361
0.52262625174105160
-0.10624886819764934
0.22817326832549795
0.72094290158865604
0.24090105133028336
0.56570624415389115
0.57987746398089368
0.51506008594185482
0.16569097398092941
0.87301050078179943
0.72695816591387885
0.31283120917569829
0.71147895888779766
0.40275463111076726
0.65649013054392069
0.37910664543193640
0.55301833791328447
0.58069069383558436
0.40991045730128828
0.81670928305524204
0.49509039020449946
0.91382645981490629
0.37743513187878958
0.87929455001107415
0.50403899384568684
0.74301065160620039
0.11097976048842181
0.79301736742740947
0.28820823337953178
0.67306992484120742
0.22274658864565139
0.62909441644542663
0.16630877401250288
0.51155519494046753
0.36338607132245132
0.50939014365668678
0.12100269749881126
0.35612824032715573
0.45253265317286573
0.48506071672189566
0.15278786153719431
0.36978931174561597
0.37364460587721615
0.48162844409403210
0.34437641634812666
0.42816636942381014
0.11170545815879487
0.33660843698849019
0.33631569196417477
0.46700712501023134
0.57848164696445670
0.71828507734573932
0.38521886474181788
0.67032736816762672
0.50118813452623667
0.62025386556126505
0.42151906238093123
0.64976689094921380
0.65020748413041807
0.85187610979049877
0.72645320345814457
0.75344386397334362
0.51421209952482239
0.80720302044766945
0.79337147925871809
0.79922534114399735
0.96961889780787969
0.63319817015943403
0.90232848474750349
0.60845161595224229
0.87319470090068430
0.68925604092701087
0.54076115766713351
0.35452749480762058
0.71253156536477524
0.53454103955629184
0.55183587410259227
0.52867985348523183
0.49278354941212915
0.27752895360810731
0.73955934052134620
0.11363351550415914
0.65771011425722403
0.18279526666163876
0.87180534371969109
0.28363337631682539
0.70582784250265151
0.32646103621459877
0.74574675784000877
0.45125158510928692
0.62537411456875169
0.48277514841592239
0.42690043844545561
0.50316461284266667
0.47399218382350611
0.34417493721790449
0.36399152504683380
0.24261207787063954
0.24257051441994656
0.49694966470008395
0.37683260184555434
0.40597295708632136
0.24979291680680163
0.43776251249851289
0.23100346261297575
0.56411965562537070
0.10178612378954270
0.63245912353649880
0.37216820690702468
0.66983525450401726
0.27225424414581323
0.69133333092970273
0.42345723432219007
0.49413082142599613
0.32004831959877938
0.45723436580370952
0.50413727675818398
0.26128972269032941
0.55088797766351305
0.31324446348866969
0.77805340722290284
0.81831137482753324
0.87024131899267843
0.47465100503961799
0.76437938149729767
0.90448078514028818
0.50497212947213843
0.96372640403309029
0.32664214464188368
0.74631825736393742
0.66341920529625120
0.35884007310669341
0.37564978152059197
0.85093656610584967
0.07060211280995332
0.52479597838778846
0.07743716447517289
0.51982865965240832
0.07399827724183308
0.53918725122887201
0.32070039253126797
0.11570883076049723
0.15419497126429793
0.71369359960324952
0.53388596167813784
0.13063110586951887
0.76357222606381381
0.38228559977205973
0.75864435464471436
0.62980918952511022
0.67261465107440022
0.51404125729099559
0.67469106456428163
0.63731167021490520
0.52896344273435603
0.67953118762687437
0.75230112125208715
0.67196520314504404
0.50150440158286125
0.76764149563437545
0.38377119833126078
0.80669330937069028
0.34745705965282814
0.72162101220241193
0.81044711037663775
0.56667904593055152
0.65082149745775864
0.51315531351990917
0.67192402989814370
0.54573688848720447
0.62854009254640908
0.52859054872714950
0.49808492566587054
0.67752837245492925
0.35364482124718510
0.65932176833244427
0.16979846701851631
0.37435594823062857
0.35540465303813135
0.33099978096349025
0.40264984530141118
0.43889110979209461
0.62835657379586818
0.35771008662868820
0.61567219426226594
0.45664640697932385
0.76123499276694817
0.32830333344813589
0.79470820995653157
0.53918133358836651
0.68239628974416311
0.28550929445784778
0.59277117119372136
0.41265195644071123
0.58337364963471983
0.32778640754235866
0.35022539544676812
0.34423582631515903
0.38364556785593157
0.34125955275735836
0.20755464081724975
0.54699553566563774
0.26089526540364932
0.48641002337638584
0.19525694086361103
0.65602309596289965
0.13441650157746424
0.91101543121475936
0.18856993499233243
0.90680976154183512
0.36413359531686013
0.85135005520201601
0.34309856072009676
0.80683878633657813
0.75955556743587072
0.17209135728792810
0.86390327538622746
0.31376149020424970
0.65946741895760530
0.53693839354551254
0.68563208349174698
0.84833964571218101
0.83948823314042120
0.74910147176490272
0.70575712143452551
0.75908101352566071
0.75776967515656068
0.97680991917833493
0.79675002616524282
0.84499609012464605
0.69631143992476607
0.79762280127773910
0.77747865477542588
0.67013062805969947
0.57731714605103224
0.71927817186532028
0.26075074103265378
0.37552147698018062
0.39456612248758660
0.47444402927230456
0.23036206524514680
0.24180974765149996
0.43135578316865458
0.59210249982252761
0.39048209750350649
0.38993305206993101
0.36960385657831363
0.76962983449570543
0.23757705999985840
0.32549575443477263
1.04421097669369622
0.51086352517357159
0.91283207100396857
0.56699665971891233
0.76246588959450712
0.79844169111503416
0.73251546292147418
0.81292268681760715
0.41331630533244978
0.59000619862381987
0.61518364482469123
0.65531489029882461
0.54472731647312556
0.99491046068942168
0.68259453012981708
0.74553957044034569
0.79487121167582220
0.99925417649426840
0.69650043077333168
0.83417404610030554
0.40468713536068690
0.45550953432273972
0.46922694738224863
0.53436252771500836
0.54195437012625025
0.53708779635554948
0.72230076616866323
0.53092722085470156
0.58955806168399538
0.63540761530259504
0.44409534211099022
0.68721709302321088
0.67132493762405421
0.64583326357441018
0.61794977319999922
0.46026277535892524
0.75318373336572420
0.51791205038687549
0.41461691155342717
0.36898642636350937
0.31207328701206466
0.25119376921404207
0.42995347400189615
0.57199557930725908
0.47101234456246843
0.50103830311203756
0.56721742855602386
0.05205519090990353
0.42207519801409493
0.23511122745935287
0.37326669674427210
0.25307526143732861
0.22088338097876761
0.34703090038166251
0.19314924892918875
0.45325415580419526
0.23932704911053648
0.39576195314985346
0.38622694821642822
0.61011605643882028
0.16515020368687847
0.46748761232165287
0.14961738048045897
0.44537632926646858
0.21371019941494238
0.34097335577785426
0.39714227031646060
0.23473116562032331
0.25995159207187124
0.75236357548197330
0.31324024343949020
0.96952972945341609
0.32260504379923161
0.84405671222624112
0.21543126750872296
0.84035960632753259
0.40665622364823983
0.64597425465165748
0.21737072930424789
0.64239865690226672
0.49462633544488571
0.70535234881441067
0.27603937973867476
0.85104765095657542
0.42994117803277110
-0.15307842541599306
0.59648387926436275
0.05202104781271631
0.28787313898295991
0.00154768795000299
0.21345016560671409
0.07232421696795938
0.50014863595095416
0.03151709959733233
0.39126108880961435
0.10479577645778364
0.57295050271859105
0.27255530964494401
0.63258373515658506
0.19134951178575513
0.68614178015871918
0.11430866411371285
0.73073437938547048
0.36825194482172696
0.70802075613490612
0.17701234987785666
0.52338261711076750
0.18302845684081759
0.54192967560850569
0.44725082634958768
0.22053234134645838
0.39821608518867013
0.03131589430248549
0.41043706003660629
0.09696526293779567
0.40147774850791490
0.22106309043997113
0.29962655534548482
0.19927131943054410
0.50410888450769209
0.34899153409374339
0.52867480992479809
0.16974330770495488
0.44274037996177407
0.35816013553176568
0.44835199630126499
0.18840012349502841
0.15401535952139611
0.18909963816535219
0.18940393871696554
0.61710738096747519
0.62285646289600993
0.23504699693234760
0.26377260268824249
0.52327294122365819
0.74445460448825185
0.34791110048377494
0.19078508757750298
0.45162409427184114
0.48737083178470764
0.61816707604444698
0.23573440138072746
0.38392449879703611
0.32082173998273705
0.16396041535460426
0.64309939550974338
0.20622485596732976
0.46493510009141958
0.42130751387058540
0.71862950306966877
0.16120740215036289
0.42956040647950933
0.52459391400853861
0.99305227739149216
0.33555015892070572
0.28382210616455872
0.45353084197246746
0.77693488244572029
0.28096202418425409
0.52010276620129881
0.58484890056496219
0.69950573531194693
0.19965890701632349
0.37743563106875661
0.41579114649786031
-0.01247234387121879
0.50060656250723135
-0.07836330883219962
0.42611875117118320
0.24755897767093371
0.50821894913708487
0.16755709304356675
0.62091555060066739
0.49915992334336340
0.46447877444129315
0.38935212018379017
0.70680143038338727
0.62469548099943284
0.46473393630809218
0.73648271698179357
0.35595833801322385
0.87074787435744794
0.47253433862944144
0.88619771659975000
0.61267290721685663
0.71216746327462743
0.64867189874008635
0.12552847341019296
0.67734176120991796
0.21382390834528253
0.69427447877448789
0.57850201596871731
0.69229472088382760
0.14285950515458165
0.37553791114251173
0.43879052769416260
0.52091451571728808
0.30486127848906064
0.50923279102118113
0.39178717279528358
0.66860756568224189
0.27487140868394500
0.82472320120471876
0.17955809233221770
0.66933379747335753
0.34663075174334124
0.71822468532595607
0.18872385206841702
0.42546274421175073
0.23330156706866834
0.64096261825487377
0.32703734065195345
0.81934952753750823
0.32871833279423990
0.81346287161248121
0.49122962943984061
0.72472026318860572
0.26480474489884959
0.97465977756029487
0.24487928494683786
0.79267052883097211
0.23894895927328386
0.76473450695096623
0.39605841339672898
0.41575023027167102
0.11873866184683095
0.48287291587053194
0.34536246970763601
0.29629597863247292
0.56476006455654681
0.28410499753281165
0.43660477543837883
0.20937388668032864
0.66732210871529374
0.15572941341699625
0.58689632075830134
0.24959942790139494
0.74034404004062737
0.20685046282837583
0.88855128875815381
0.33902644236454837
0.59749584256561861
0.40444891087888474
0.32994638372880197
0.13649627253888172
0.11758226118531917
0.30373910191130826
0.10614016490606049
0.30482200360114980
0.23851386570265184
0.51965020939206918
0.17263314116079895
0.42462515794935540
0.36790208114354372
0.42573379249568027
0.44542358755933953
0.51816106766797010
0.38359546392891869
0.41127893426029832
0.40831055089396412
0.71433937258774682
0.62524005790548398
0.35283392221929977
0.71890687464135605
0.51440168494546124
0.44994185208901427
0.72437210246777850
0.44876868376670809
0.67877240694001750
0.42362660968662036
0.68192621028919542
0.61291062099082572
0.59647683753854697
0.33072492827764183
0.23302261672167460
0.57058638742877221
0.45722604267472000
1.08964868094612832
0.50337572391077046
1.04138476831732962
0.37353165492414964
0.95760284077103952
0.40009400775725595
0.81889161858248427
0.49332771060674241
0.90038563487921630
0.47285300775522882
1.01601513393386145
0.35010889354040536
0.81669948778860901
0.48957476860995697
0.69060594187216906
0.52619170982284191
0.85877301034776365
0.39300622742840685
0.60034371872432379
0.61266457067472035
0.80086142309281627
0.28147646768988493
0.11664654262453215
0.36449892564195302
0.16593469153026325
0.39323535045783953
0.09329620287755858
0.30456124762026754
0.05963995321629718
0.41348083659269436
0.21891328224693463
0.23455042341947829
0.27252479162945153
0.40070843230885062
0.16844375727666999
0.64310829441282469
0.14501053625493696
0.63851874445118129
0.26809804617386546
0.70096588644795821
0.22175414248008934
0.48257630469429974
0.32357104488908928
0.59071544263661180
0.38274107942660651
0.52598957845477379
0.34833390431176003
0.36771835044810158
0.40326929267809664
0.55618606595321485
0.58801999320528120
0.49445715915717897
0.48222135784533154
0.70511834014765884
0.48442178994364216
0.38829823716415324
0.86919074461162149
0.69769045912696481
0.73965402015450354
0.61247888974800702
0.86453744839776547
0.55809093441082591
0.72637890872517485
0.65540285651087393
0.57557180396116059
0.70701093335696008
0.57187748817996609
0.58394495746079333
0.70148680476665437
0.60743646514985716
0.85969323854099733
0.54890969190571426
0.93560721888685749
0.66890168789024051
0.98402118133765515
1.09154260129309288
0.53113452376758741
0.79354607377836661
0.48772751371564765
0.85180262481264502
0.52964803836155661
0.65261950412235659
0.31133255010324701
0.23185630772870730
0.20113588089276602
0.39040060501841795
0.28954920197870559
0.17710352049180253
0.50587818105670845
0.31762055221675861
0.50985481671001009
0.34620406651765984
0.52751244327168700
0.34479077316605750
0.13570478035649897
0.40872688533456791
0.40389002318159495
0.32948206707652411
0.68042629240130359
0.36982353450429861
0.85739183588727041
0.52130644849285512
0.96435437117652767
0.32443370508527741
0.98108853451891564
0.59687590913340305
0.84460776424498152
0.64975293095959530
0.33799839660527931
0.58500486037913069
0.51751113074314425
0.56019725694720712
0.77987730123143728
0.36730385427813406
0.47434748290753592
0.37710738699987323
0.68415019675453503
0.21290761407616676
0.50530583187671541
0.30249268986786326
0.56137856400526043
0.14350859087219864
0.60183641941440991
0.47907965181272644
0.91967788658388516
0.80908196391284537
0.83886143349238629
0.68646583966155406
0.88827945897355476
0.68697156100398671
0.66577351505459081
0.77744874326484759
0.77288583924648291
0.59773562350497300
0.66755847923464740
0.53863985281880122
0.60127266193648399
0.43719671249708725
0.77253429263394879
0.60265083743013603
0.61701043805501776
0.45149919687214057
0.58758478449398988
0.52177015457463549
0.48431719427041087
0.41650730833468880
0.58257747776059743
0.58050558204853830
0.23089352287371645
0.39852320574043204
0.93457060124777636
0.42184904524242089
0.80066525719170101
0.71523777131854582
0.76931057588764429
0.48146386558490079
0.81057736955830517
0.43697430131492720
0.64688911961292350
0.49511989933513406
0.76607217788825133
0.26842645620272776
0.55100611291416735
0.72728495533229875
0.73632638646809079
0.05989467480015440
0.52167326105731937
0.03080685359319602
0.47952071664150453
0.05244926154827449
0.58208204282455112
-0.06311171246320139
0.38691204668755941
0.15717299186029482
0.37719463516323132
-0.01997751251088058
0.40626975724798803
0.03917793216065280
0.50709927412883748
0.06714373094999439
0.41429429763486825
0.95461842116653117
0.41136881823924987
0.22784710274253639
0.51377047436040335
0.86436476963046571
0.59179847198163094
0.17516719812508799
0.34582949689174397
0.64511084845938160
0.65599935540768850
0.61749738175129087
0.72793052555999926
0.18441660426729639
0.76462066422652697
0.50161892956012899
0.41198992756454023
0.66829985332489494
0.43934927488478237
0.73578336654922238
0.37056638289779231
0.88622053642398380
0.28577811998692904
0.99788398010129398
0.44294756818647046
0.94902114717242048
0.39211302467625403
0.99278486149207901
0.59429425653912915
0.85310926529913333
0.72963618418581933
0.74785610806579050
0.53974617746049969
0.12190349744423254
0.31685171902680881
0.49505250285136210
0.59530541074171173
0.22917275239348150
0.38665804797437553
0.24447362954238749
0.46781036836018947
0.30024440191679436
0.86761372669278136
0.24898137640509116
0.37223815473050192
0.21000025107748088
0.48361799974317815
0.17508610126878893
0.34491208315811678
0.26038855873552164
0.25361892831835647
0.30806166507983918
0.25404978912978660
0.37947544654738313
0.16587475715145286
0.66704201888445291
0.16960762868491250
0.49413181209871854
0.27256117553637677
0.53528582805054958
0.11803895048928541
0.55341211930948020
-0.00263734157448156
0.53586156118318307
-0.03918414583070427
0.59428312922714321
0.06741740488474875
0.45796544934529720
0.17553004202144759
0.15114154443919708
0.18616489160889166
0.13202196475937078
0.27003622820371298
0.23466835643345704
0.17683147415920017
0.47116534191360893
0.25328732138138416
0.44974079723560795
0.05635238297198143
0.50683817379506357
0.63074671699003726
0.52369650024108338
0.25324875160855387
0.55711831595455463
0.42254167415336724
0.76056981931167744
0.21095888743451829
0.52843923064648635
0.55568958694880144
0.53839760296971872
0.65272161458645916
0.69473572270130357
0.84384901769857390
0.76433862212900316
0.71195376928492227
0.52863937798178073
0.74531695702815504
0.27699239855343172
0.64750631405940806
0.86650009767623781
0.84255230034202877
0.27121255259396482
0.64541181756736765
0.45839563780947179
0.66510701423092755
0.62501150978857678
0.36583929076340282
0.83779049485520996
0.35788743255779298
0.80481836771532922
0.61799016573971077
0.87396121860435372
0.24072823887492079
0.77285726287168810
0.32036347874305027
0.81500519320395237
0.41114030688381109
0.73230843867268569
0.80190997544412845
0.91269407403268688
0.49577245190472330
0.72658691073441095
0.61497673468249447
0.75059938149576844
0.53105163186840942
0.34526490973057711
0.87486474947282566
0.38407465677345259
0.51713745904580288
0.58235879750466424
0.23204112015162051
0.51098530045479063
0.43922950718556308
0.36997282639084550
0.29298545276086146
0.48330903771877998
0.52026974337443554
0.43223349049977317
0.12868787494483269
0.48005294340045623
0.42426340406411450
0.60794095321815722
0.29008166016738191
0.55984495337906937
0.58126197291559978
0.81797184388564326
0.56959094377868802
0.39467176343464550
0.19505736976475857
0.36358265964206743
0.40458910491249511
0.34217533277639817
0.55457683988566453
0.49030780121011097
0.57227863928751943
0.18540673363223431
0.45551129385643463
0.60963058075867071
0.51828591034388427
0.58628313570587953
0.38183335169792593
0.47952353700239320
0.37641419191810921
0.48226336504026435
0.18066873183483215
0.52542240458141820
0.35962617435675881
0.31897643939600639
0.19157269445455391
0.35253302187936891
0.22613586745671843
0.39297262917699999
0.31079015679237998
0.30314739280405195
0.27569289993381196
0.36794670868280488
0.24702332753948894
0.43759423125038538
0.24427668990939844
0.48805602010355309
0.25411755712972245
0.45467821224621907
0.48909041026679390
0.61399606044901578
0.37128319060596665
0.19512253104823507
0.75262952547653406
0.64746804136120306
0.52479327183162250
0.46938776934609794
0.51811415088089041
0.58865731820334111
0.43722389833079206
0.75798399847523523
0.10504442752445897
0.12823432370421331
0.71543613137186046
0.13605126234746251
0.35664449253434133
0.06801843857036886
0.55844948383964366
0.27885404908744965
0.59096162021444942
0.13015702587568767
0.54015884260841274
0.76193345423689940
0.06150828688384501
0.14924326691990461
0.62661917398272093
0.29960666774341393
0.59801905945342293
0.37896121806472810
0.53939532976623750
0.31210690294653709
0.58904563811958732
0.16092399715891478
0.63135298742354129
0.28408538508097686
0.49844262165118686
0.17318618449357709
0.61300822748950889
0.35910102012273304
0.63462947664830560
0.33732853802218143
0.10662526615827325
0.35715983292865772
0.28858967442259997
0.51744634014205226
0.26993002381620490
0.45176952342163523
0.54967456257292358
0.62478658527184627
0.35936486687911318
0.19725463119732412
0.60176830156959771
0.01764235027948317
0.18058080695281853
0.15216215785178713
0.54367922161550986
0.11333089214330305
0.41069758644322635
0.20605391500706438
0.40154367961561965
0.16425390236460727
0.33148805365590645
0.24032003600805218
0.27667854720350793
0.27557223477347897
0.16136379703459308
0.31128826880208976
0.01793183507021684
0.58418204737322865
0.22361186815784806
0.35098893405465714
0.06142260704577403
0.68202113724982172
0.04406452352585698
0.55440180733940247
-0.06194918925509232
0.85046762246964447
0.00147711200402242
0.71263797699311549
0.14807962885937417
0.86025100548738320
0.13896138869676444
0.82709949416168171
0.07273038165120228
0.76925747555954083
0.15734447721097256
0.74301866948374706
0.14518882829028645
0.55683593248994545
0.38599916343308649
0.64280222943660381
0.63247159526378771
0.61753979732520070
0.65374279171972582
0.74494716212762335
0.67428476793934888
0.90050583196630785
0.46452673688607804
0.86267604991016145
0.25751437032157432
0.73360065946057706
0.28693268518218418
0.61137328697179949
0.31760114831650210
1.03611533857434934
0.58319945862182199
0.49686217619163758
0.52142139294437906
0.25796397357783341
0.43135357532750623
0.28753210881681401
0.64875205597937569
0.20945404187450367
0.53019022107945069
0.34617882445765319
0.70426090025594945
-0.00776131450499896
0.80290588293434739
0.75240979116746698
0.74883777603035040
0.09474783897169002
0.77777815420484719
0.04768990955307637
0.46111891525670012
0.06103249597522181
0.55737062497129486
0.21250364817573514
0.41395576524169553
0.08135889691788793
0.62048123021811918
0.22658614338077426
0.31678070823028737
0.09760092834988064
0.57641945844683318
0.75041777242171026
0.70667408123078146
0.30905654273361266
0.51840936219775657
0.14336824232201201
0.32379440109737850
0.29600143039234650
0.38842612772139790
0.04838341052161510
0.55321076428538307
0.27164409902513770
0.45555644143630475
0.62239428727659585
0.75795461298554689
0.94242840930860194
0.42993789402963517
0.63875395086617359
0.54182075454873047
0.79673454945100441
0.29799471829704355
0.65247043104018887
0.62450820431898646
0.77992783704288726
0.59057968348658840
0.82700422710446997
0.54696770316115995
0.70185632294098654
0.61540740683004325
0.04860319283662165
0.48819962056622324
0.24334101426188148
0.35611364883615049
0.34029902056967665
0.46193995102147473
0.38604318400797921
0.32454356680331492
0.55099521196454404
0.62726961813244497
0.53873379468679350
0.41717620811557182
0.45608715970239250
0.50805024643442132
0.66125185903952866
0.48112258835251004
0.79669674618887698
0.39564466069167492
0.72637446444798370
0.36053733139840943
0.60281986666148279
0.01469133836014454
0.47413445657504949
0.07233262394033085
0.28921734617697870
0.03365709484485833
0.30880173345835121
-0.08354245288176979
0.31102527781367134
0.01744373133065880
0.20772198941319972
0.05825872923196604
0.23155269493581576
0.01168006320420463
0.23912204538753404
0.07227250734487380
0.26457163581314458
0.25732659146687131
0.18743765216459743
0.22797986356644501
0.31282987468478146
0.37512686121106764
0.14093657422391007
0.27263988306354825
0.34854164804935100
0.20526392921338704
0.00526000259402022
0.52588016404851479
0.25450719101322905
0.37204176493789004
0.21405217556674919
0.41203719977747799
0.35877864111428576
0.36652923850737223
0.34241831609595230
0.54349903749391271
0.79719357489552700
0.70672746061716718
0.64551935501409630
0.64352366875574829
0.79460479403206097
0.67644161661487701
0.31117466334205712
0.52840542809889945
0.30065153142993373
0.83275485983524400
0.29003646710562558
0.73594094265485377
0.14279302162138779
0.53071829849326702
0.11921006522621169
0.22477415877156773
0.24072049821436059
0.28715831640204004
0.27516662999315372
0.16773760924445244
0.20178900877402831
0.19973149439741064
0.43834013072509115
0.13235795452887880
0.67399225182206413
0.12397020947671941
0.40358526450104282
0.39396718083970428
0.85612740050595881
0.15616443030947635
0.73120800401768782
0.35357330176428065
0.68472206878052611
0.24050863191730093
0.55109112576249009
0.40287592159954100
0.49355856133514586
0.22865038634576007
0.68460354188606554
0.33013722451835087
0.66286539813237455
0.26903073273309119
0.70404107434745444
0.27604938387998790
0.62305630070465101
0.47309221426797471
0.53892051643081296
0.75849162678758497
0.29929164528497915
0.92642648506112935
0.37450171648270753
0.92083702001333334
0.32811921121567977
0.84647848026920491
0.33460958235035554
0.57770211616579770
0.51024303117845959
0.79020368008445352
0.23436587055904148
0.09743396052879855
0.43734614633167551
0.98592864637949407
0.33390874337782628
0.85010268647307552
0.55724609755801346
0.84235606127707519
0.66752722892581107
0.83548320141109667
0.65812725773537961
0.79873512784902778
0.74373678723961667
0.76372241814012365
0.68713752095405578
0.83194596284877531
0.75484257560512491
0.95949529722266647
0.53021996342686994
0.25424825501354803
0.67695567824776059
0.34712856329464242
0.24759886870593004
0.27625549885767908
0.31823441893512455
0.52191236372931171
0.45931346335468970
0.44813800817604882
0.53280973575328783
0.53394711031389008
0.38332103182223920
0.71689581955900228
0.10336793771513941
0.76076597901431242
0.55234798086727499
0.80047527205003666
0.60221116379125517
0.70358921755078629
0.66415544461782983
0.71944283733664760
0.43990391035897242
1.02670415563850237
0.40323655853183377
0.71356006297953600
0.52215483011483288
0.52000850975433510
0.57443424147720856
0.42073021383748926
0.52254587006594122
0.36911802674670841
0.54027778295016726
0.48842104713439849
0.50465911422135035
0.21096918419061531
0.58941213734566422
0.27291057180282574
0.85474420995553391
0.39010910611514260
0.86695392741672539
0.47169699134071985
0.80468854533806822
0.57277789241283283
0.83911308347326385
0.55225094048001211
0.98076094867002761
0.60213126819114127
0.79623137656270382
0.62186830096703716
0.86587022104010514
0.75428704607188635
0.68288941726258046
0.62834167045348377
0.68340198800978713
0.67277291020320562
0.53045440261339050
0.70201983497916942
0.66034015061024531
0.55283586469218660
0.62091632036255473
0.78196367993499272
0.56059685625085376
0.58312889035746795
0.51007895998132147
0.76193237766924837
0.45172167720087153
0.68243069849676763
0.64251726561508460
0.64633772386151878
0.50485084262577873
0.63829400388622481
0.73481295350905673
0.74422965172161415
0.62200148691341028
0.68006566420559644
0.61180592123775868
0.71945262334752347
0.62624606813978012
0.79281359510456573
0.20243116880070519
0.35847915447358136
0.32702871413856471
0.43660104555543000
0.13370461046042428
0.40768024018356908
0.27622856731141626
0.58243933913667545
0.39817725397106229
0.72259991115629241
0.26615377829589626
0.67601122110259992
0.22666601731133335
0.74785775566544432
0.16916023879339612
0.85291455190347543
0.44780811971004086
0.64862038925827903
0.64787360128262117
0.65798415941966093
0.48317016954430042
0.50673341864618282
0.26454963525385006
0.21828284797831354
0.37675767981837149
0.38659113061102107
0.33578961907316157
0.60733859439273097
0.27747561854150604
0.33662163310575366
0.21566767466092154
0.51801906789023944
0.11176440001435907
0.44504107149404176
0.04523954466709564
0.58539157172689793
0.52147979061058680
0.01792242226515819
0.52422704503384887
0.13228270491434177
0.52286520651926294
0.17714523103424434
0.48849202372041356
0.16147002168305469
0.42991081625268096
0.44733945161489191
0.45553000853486808
0.41009397126258040
0.76636102083622981
0.35477349494079891
0.74810082366831732
0.32102990969152678
0.61990424894624752
0.45593476307094816
0.33431565625456805
0.60904535668483628
0.14880038740334117
0.61136895541410419
0.39115612620048001
0.64945144434562996
0.62995745495734701
0.76821287594934440
0.35646269812510312
0.14572322749435798
0.56616069756426191
0.35903122926744213
0.62033114492108021
0.49285371077825479
0.43748747428072232
0.37720391176360074
0.44898781474652727
0.45646582675585334
0.36764331538655420
0.68946550470995516
0.26023748282810144
0.79166432284732113
0.34982679185518573
0.76350018327392233
0.43867591702680653
0.94247742159144232
0.52463397403527234
0.94949429472808777
0.57035889086108948
1.02947925020156372
0.66380358649386750
0.76047639960959112
0.82671568642627202
0.47169192014694766
0.72232702719769126
0.63537662625783564
0.75115904478600437
0.81240086580114246
0.78695087407425712
0.74135574034569918
0.56656725212570302
0.76955837584445963
0.79792417435507867
0.75813935217859030
0.90044679255595816
0.70655842771058097
0.94390426427843510
0.54877558486246680
0.46937494054801471
0.91897757805558766
0.56425252100168499
0.91412487681590848
0.39897828900800447
0.82406307338309726
0.50154454407713744
0.77380919591467956
0.23021447709158951
1.03398583674863209
0.52243939947540741
0.93614485692565519
0.23478082381054904
0.90469518126197335
0.37033084189401566
0.98699022973539963
0.29357515311871885
0.73287749591966489
0.19974539204462377
0.54110534129500931
0.68833542294236616
-0.07369135407769548
0.63979440792490150
0.05865036650345879
0.85836522037449337
0.09066727645527524
1.09085020246308617
0.22464109303141302
0.98089406863880368
0.19892519154955490
0.89905655300116982
0.39410444889332541
0.68042835842632632
0.22757197400238688
0.72929112923317319
0.59099576254238395
0.51944055689774493
0.27150390804932245
0.49828505864023559
0.42155854669617981
0.46569667926254493
0.18492254266186856
0.42151127113828246
0.18843515685558804
0.18509362997518689
0.16257997786196859
0.22198955257824426
0.26951490379835691
0.24678245143668912
0.23649805940506535
0.27382620125945639
0.38788962519509645
0.32527765862317715
0.53737788404745590
0.23772486287868139
0.68420871517217274
0.51106564563698387
0.61459579814651111
0.90706142117403299
0.58143756360670451
0.85415678831810660
0.64878805703811038
0.90381146928700251
0.62471463216379908
0.72605527095661138
0.64182561515050363
0.74472075242433400
0.49778067231896533
0.94292009261009957
0.74739248704842243
0.54736497926488692
0.02929461697803079
0.43966699109967200
0.06330348847060836
0.50489306170728854
0.12676625601715347
0.38956000922538309
0.19471537480481585
0.42268766763782989
0.32137548067336585
0.55193241117342617
0.13289412124056874
0.43058120623252999
0.19370281205514275
0.54315277463491118
0.17689627989759182
0.41813312897619825
0.13414704931685587
0.42959715373897933
0.28716305183152335
0.45881181988546021
0.31221099961013243
0.32796372230676518
0.50884545907418344
0.53784673816421091
0.24992546410283226
0.41178653405407356
0.62587930809929548
0.42725864200237285
0.89811801716424300
0.49273691452607765
0.83658812059993837
0.07243291609228356
0.89498769352674334
0.42637988587177261
0.79359144452315977
0.28415956674637843
0.41458417981367790
0.30401215727788583
0.60291975249282592
0.53150258621103452
0.32477055164909857
0.60841805171440766
0.57004131331766672
0.93136915094226969
0.70692158101552949
0.69739697904102405
0.63675412065420278
0.60032395631256397
0.52664008487492253
0.76312377373531270
0.47986044357112773
0.48919838535610211
0.45295763306317349
0.26433489950790562
0.54698019974758882
0.22919805921431746
0.51559050748230983
0.47828542968017668
0.49959819622294405
0.51396535281472822
0.86066003241589173
0.36427557315380255
0.85307084099383779
0.43145288854481567
0.72937489385643361
0.37440584523987203
0.73728986796152174
0.20444887026946684
0.82690849147352941
0.25482158030378144
0.65582411316701827
0.25789510807259308
0.57745737351602389
0.38062128029238068
0.61889882476855040
0.69991786968170178
0.49835785824646522
0.28721040851425311
0.72481087661453969
0.79916570015905197
0.62272714295013709
0.87420195697249103
0.65414246560065459
0.71660139004656420
0.82899021985882948
0.84420827069153814
0.61474520239902253
0.63349803588657827
0.11320176109731757
0.94034267728383913
0.53950572252750750
0.49689756804297008
0.31546484302738309
0.29681254550609720
0.68556982354744578
0.22648232147587838
0.74339915529152489
0.26843573777335800
0.50831608148799579
0.33608706226190649
0.68270485347002896
0.46586448171405370
0.70232836208905625
0.43834819365778238
0.75535428058417697
0.32575187640808206
0.76170487653789321
0.61431170032682891
0.83017123251426128
0.45723034770652154
0.88195792404249185
0.54913608885305309
0.95940056777073601
0.40460812146799557
0.83360085260508854
0.50709705581099362
0.71689708573479294
0.86176929305753036
0.57152924028335583
0.69836546769003982
0.92625791710831340
0.71744908262108309
0.70901160334327762
0.52159852261212114
0.26594150182095178
0.76237989729814448
0.54721774816439051
0.41391735248562972
0.16002508133802984
0.36474535852272172
0.03802974723620418
0.43501664808784535
0.16477675714099072
0.35320595358874746
0.23665771128035562
0.31225706453585622
0.16655908644906897
0.36080035077323291
-0.05504935248714188
0.26021065117967179
0.06826519297653055
0.26162415271530215
0.07024273163410523
0.26867027015234562
0.33581927735043893
0.14727135317279147
0.38715660107305228
0.08038743886517839
0.51580150359145505
-0.01838742766688899
0.44898789688014740
-0.00722038182414345
0.52399596744015586
0.07543172134258326
0.69627481964854976
0.27902391370716667
0.74578055566835777
0.51668774223570657
0.90312255058937774
0.24592984430326875
0.96156131086961005
0.40403935093972632
0.80794941350840188
0.26108098008781150
0.90620533008005333
0.29747768134849889
0.85688994065302804
0.24921138347391641
0.89017629238526741
0.54787996126500915
0.87128838809391762
0.79122553091929038
0.59562664600974358
0.65625506217398832
0.68923933220246192
0.28930912511283463
0.95975656176323976
0.62935301063680105
0.37767487337119743
0.33079478258761102
0.89114698221378952
0.44923306971874510
0.73640470421823745
0.24210585891654163
0.71400012913948441
0.15057727799727810
0.66260287434402276
0.32665697535072657
0.56383276200851695
0.30106047692102678
0.48540067055197988
0.70090602089961507
0.76472125798212187
0.22257374548797187
0.61743864151147443
0.42851485483084384
0.91633992005177745
0.28654562959974744
0.92982306470178289
0.46330542915503869
0.76302706439400292
0.42654562047822886
0.66618442318104465
0.53798917344800279
0.48856922442082173
0.39194790396029722
0.31024447773400965
0.73071858100908571
0.57241334015048684
0.11438587106211301
0.02295162369874168
0.11376500989579247
0.07966887659767777
0.28208496980443187
0.12488984194028148
0.03591517052998444
0.48941829248596397
0.10856803986624551
0.30790328742318002
0.71600592932830787
0.45293865222578283
0.14689882388838926
0.36317772462745807
0.87625590028871914
0.54933607202673762
0.48312290639842148
0.03515666554816632
0.67899181406559217
0.06949767381084467
0.55468189785648303
0.11943709160812419
0.45596642353350086
0.15521521775216190
0.46067555847912861
0.32600797736559006
0.25538418936824553
0.22124224626741948
0.31885167174487838
0.51294286170224124
0.89114614368520106
0.17353191301843829
0.57021682010360619
0.40659836858367110
0.66689341096706245
0.36339554533641211
0.26688874862322476
0.62266527762029578
0.16237244016711894
0.65443609628751453
0.23858915803320591
0.80840962019548335
0.28193680773114260
0.73646169858092225
0.23021569359898444
0.42937059977761649
0.54570335298312600
0.82958684638724722
0.33850937456517427
0.70586609964342528
0.53541145066243123
1.06542800079265731
0.96370219546965397
0.38621341628490452
0.50494019073474283
0.98055039763974661
0.60124338604404182
0.35501047430896243
0.79103960706936582
0.34771125920490975
0.66084187667697192
0.47601360092961054
0.59387218372101758
0.39195474590431595
0.72700378165428858
0.54556102982780341
0.32290627268983518
0.08807852531236589
