0.48777155628606866
0.58437287871551846
0.75873745616944777
0.21533009003708575
0.49791019908825018
0.59725726482893293
0.49103293740962523
0.11435992679657271
0.59347470115414869
0.27700943561318170
0.53354881907202101
0.20735073929160922
0.52406000548842102
0.38623995867452349
0.61260719423047960
0.23342586660617648
0.74469880747025374
0.27371770936561413
0.44021499349188747
0.40573922246107047
0.77860624977885751
0.58039723510931918
0.77689581530058627
0.44719182003186125
0.68230508673876500
0.77205024573762415
0.73376116014315351
1.00220953094929177
0.29913957951523046
0.91886280810943188
0.68739588256468986
0.90663467721166391
0.45230679333364587
0.90340611992052022
0.63191132613921441
0.72440045036571288
0.54359731546991397
0.53775163229323186
0.64635254132292697
0.53411901113448912
0.66360913990725245
0.22801455791542236
0.82539509746783468
0.15621331602501978
0.72729385637417265
0.56231916686998606
0.78663013603593146
0.28134895105136187
0.75831678707068051
0.22376344574412424
0.85765502636297675
0.38566065188740217
0.62796607172814278
0.35332100865020860
0.67322810280101641
0.68519358538772179
0.61928791878750866
0.50368632261360724
0.52491309601305791
0.70637260505669608
0.32103067707183042
0.73580528632729436
0.42851931220229217
0.59666006566993235
0.37560650634063147
0.60993368831298589
0.68061895834784836
0.59411981328651697
0.46717868167265741
0.46433310534586991
0.44965219033709491
0.67285442462972089
0.43982906139361161
0.33215910137366206
0.34329933370910526
0.61906692544756614
0.49628325428711395
0.21252541639847303
0.96119181845169099
0.44095605219837775
0.77008811372350616
0.87774659320346193
0.78659368265009466
0.48080243072694134
0.70777668496819679
0.40093513379122481
0.69829195151649726
0.70228872032333289
0.85528335310564796
0.53742384538095611
0.86147305329140300
0.70755267295980984
0.42908752227255492
0.92887441697933004
0.56286756632750135
0.73911727729416010
0.43573157238711951
0.73869003598680405
0.50321743234177618
0.77331902966632016
0.16590299027009320
0.76166317809926665
0.41080415036588969
0.79123871581933825
0.40511229552771483
0.94842757070411143
0.48681616748006068
0.91790026747188558
0.37466301051028134
1.13171350913876134
0.47464079402582682
0.95098826738271558
0.42745646815552490
0.86788498669529235
0.53849452206014115
0.81774339390711481
0.51786864705650781
0.60641206219426280
0.58126540739884447
0.58897381434421947
0.08394802649302387
0.35582483922867392
0.27730873423013125
0.33927061983923479
0.74137366157133044
0.39773450222300399
-0.03311373799324462
0.41503886173863086
0.58104508265690469
0.18171264873509618
0.40477487699907050
0.09848462255296095
0.05139876143965839
0.23504167918102659
0.19425531394945722
0.22468236144860224
0.57885871687178447
0.05944974788585659
0.42491354013263527
0.32497864813952576
1.05963265563997622
0.49176888873801561
1.00090970055791106
0.25244006646931344
0.92094638029557796
0.37464631911049617
0.75708665912089501
0.20282281631549823
0.89330500545999769
0.65260913843135326
0.85688959875947179
0.40937344124011787
0.71189392987585498
0.71483554806095673
0.84071011823896402
0.46945872348246653
0.71110291281669813
0.56363275835794024
0.70091367307663122
0.41256051883908651
0.98724355385064522
0.32268194110653015
0.89747137253227371
0.37300693673015861
0.77024183984099914
0.41135584952132731
0.89383133703050222
0.40240414277928299
0.78402550798746606
0.49169915083127730
0.58445810621123107
0.75267949975265369
0.83232669242297452
0.73518501461908714
0.52701499854039380
0.57156538415323821
0.76997271191832506
0.81562833357858822
0.83953568920042232
0.62908446792791939
0.84400779145166149
0.66111255106244493
0.83061314169675271
0.59319901859932911
0.80636396090743268
0.69944651617894338
0.71715416244556485
0.68744328428891011
0.75598580511701674
0.87822140221011114
0.45057301793478233
0.60043903112451269
0.41581027258235687
0.61024427086739219
0.73991176719859242
0.99250276509399271
0.56579440936086156
0.71472089396954230
0.53424829215006131
0.56968835228043146
0.49360806831708059
0.81946190523061524
0.50431264678855880
1.13465214492603206
0.38126338991860398
0.95473766080395350
0.60616380475972154
0.93630171826203645
0.10177687923600554
0.43520097040016037
0.16991397731980784
0.29274492208055358
0.18335687199878489
0.69975411382830399
0.29195863527518395
0.47853197866609326
0.29770422168038690
0.82615575367237171
0.38267143899390821
0.69576525897833053
0.45089362601817956
0.96833795125925270
0.47604242615687198
0.94643170027024393
0.62739799223810477
0.90363786102026888
0.37005135704126996
0.69698281723914046
0.53433395455603228
0.80669668915211756
0.72922878518994438
0.06971607867768126
0.40070286490724200
0.62661383200907728
0.60428828021821812
0.94052248950679140
0.49043748173960400
0.61084622693757162
0.61597757414730969
0.73675222010504027
0.43479396153001482
0.60692561249655608
0.68344892456407802
0.54204329549789187
0.43036624155400444
0.56153144814658029
0.33633059402188814
0.48007160673157367
0.70492554809929142
0.02331601112655863
0.68832642066229566
0.10589686444234608
0.61897685135542047
0.15365613241289452
0.66768806796699620
0.33306832061181335
0.04732166127334632
0.90641444612041477
0.12609509540512803
0.80929411438544396
0.06755997040398841
0.80817457931473191
0.17087068942853778
0.83124509343450204
0.20169759661275483
0.60000391119241192
0.20076309327363423
0.73067083736868976
-0.00002768546755785
0.63655292190121060
0.15737052548080299
0.58593055133646832
0.97427166255546283
0.38857254549409664
0.65116111822196276
0.61783528305659841
0.18665025919669859
0.48295222402506643
0.13745318738602846
0.27368088249474221
0.20342471676861290
0.29548584135505412
0.46120809489578080
-0.20074152520451785
0.10992782595758820
0.39950544099869834
0.52262625960955011
-0.10624887996354038
0.22817333526111483
0.72094297791410233
0.24090106907862258
0.56570632208750604
0.57987745825989734
0.51506009651248574
0.16569097299793673
0.87301050218428700
0.72695816324274731
0.31283122226972199
0.71147896879710937
0.40275463975675857
0.65649012578431931
0.37910666612779720
0.55301834108749715
0.58069069077758972
0.40991043645913200
0.81670928728998748
0.49509043366254996
0.91382646940627810
0.37743507717001812
0.87929454466229862
0.50403901502468085
0.74301051356745473
0.11097974369957975
0.79301734997644546
0.28820822566059345
0.67306992201501836
0.22274658870769354
0.62909439232961262
0.16630876779531534
0.51155518289108837
0.36338607928658645
0.50939014665029059
0.12100270766075061
0.35612825187867958
0.45253249199935502
0.48506069535354618
0.15278786497279007
0.36978931093730205
0.37364460822461343
0.48162844939430932
0.34437641857321577
0.42816635687590143
0.11170545261536768
0.33660843116890871
0.33631567983327870
0.46700712717550363
0.57848163923346274
0.71828516466319237
0.38521887430323459
0.67032736186072506
0.50118812910708110
0.62025387687554223
0.42151905831895714
0.64976689354137562
0.65020760216621554
0.85187609403715747
0.72645318276220339
0.75344391054502768
0.51421203855126019
0.80720301304434328
0.79337127012612096
0.79922566018574248
0.96961888623645220
0.63319817085482388
0.90232849777926150
0.60845157863100541
0.87319467413617480
0.68925603688783865
0.54076118334673595
0.35452749523708904
0.71253150131525012
0.53454105456759538
0.55183583124184565
0.52867987465139232
0.49278355672588708
0.27752893878937257
0.73955932961655346
0.11363350943553437
0.65771009834441807
0.18279525438262684
0.87180534840183244
0.28363339059798764
0.70582783483421574
0.32646102605834881
0.74574674962371668
0.45125158643967628
0.62537404102613336
0.48277505862234954
0.42690041740646978
0.50316461236959642
0.47399215843128850
0.34417489610647461
0.36399147418292405
0.24261208387274374
0.24257050204360064
0.49694965966909915
0.37683260270539792
0.40597296284299311
0.24979291598553732
0.43776248859712003
0.23100346294167662
0.56411965295727617
0.10178632109053742
0.63245895794780671
0.37216821464391070
0.66983522460000700
0.27225424638986462
0.69133330728173137
0.42345724037784105
0.49413082352235249
0.32004831527902627
0.45723435568274118
0.50413729331255941
0.26128972048763338
0.55088808611361040
0.31324446101349701
0.77805334678341076
0.81831132987679234
0.87024132348920524
0.47465100590753662
0.76437928577617054
0.90448074915289833
0.50497212215314669
0.96372646194464762
0.32664226248597755
0.74631833565112282
0.66341923990485996
0.35884008363039410
0.37564987723342158
0.85093650443844182
0.07060210707016104
0.52479598076146927
0.07743716192402773
0.51982867102440156
0.07399827897845995
0.53918723135322466
0.32070040140779010
0.11570883447699808
0.15419497087872919
0.71369357838536418
0.53388596264900667
0.13063110461134247
0.76357223658242468
0.38228559753884578
0.75864435348910142
0.62980922990539057
0.67261464030762641
0.51404124610632529
0.67469094607228319
0.63731189678036959
0.52896343969290216
0.67953118994230732
0.75230110038775810
0.67196523080010295
0.50150439534812929
0.76764148780763075
0.38377037219133825
0.80669357486619342
0.34745701835357512
0.72162098029160571
0.81044712832597710
0.56667906054693906
0.65082149579588411
0.51315530738398540
0.67192401680697744
0.54573689085879939
0.62854007037239468
0.52859056857926057
0.49808492763763834
0.67752837438917157
0.35364483528169993
0.65932179168018334
0.16979846101285120
0.37435595034774627
0.35540458314050971
0.33099976805838649
0.40264983532644183
0.43889111800869129
0.62835656074787694
0.35771002733738444
0.61567219127826922
0.45664640014261515
0.76123508092408865
0.32830333478479662
0.79470821272257830
0.53918132276721953
0.68239594764923550
0.28550926788820002
0.59277119943646306
0.41265195053088316
0.58337372685010336
0.32778644532326362
0.35022543364059505
0.34423583617224585
0.38364560619428595
0.34125958834315173
0.20755468165722277
0.54699556383556724
0.26089526450789446
0.48641001840518167
0.19525693553357912
0.65602309700424966
0.13441652065802998
0.91101544968894077
0.18856995003246058
0.90680976953482284
0.36413356522336310
0.85134998684846686
0.34309857547650235
0.80683878546341159
0.75955557099758131
0.17209134955346983
0.86390309194631310
0.31376152551107178
0.65946568585054266
0.53693856381985028
0.68563017749570065
0.84833493490671530
0.83948816848769559
0.74910147103374103
0.70575698447649826
0.75908053682774590
0.75776385149093850
0.97680937791876565
0.79675006202547394
0.84499591900088145
0.69631141082654302
0.79762272474499518
0.77747842050681537
0.67013063707591769
0.57731713528711781
0.71927809856897817
0.26075073423457040
0.37552148170239447
0.39456612009703695
0.47444403491897252
0.23036206811938106
0.24180975047726327
0.43135577008637005
0.59210252736273428
0.39048210237849879
0.38993303531965184
0.36960384888070613
0.76962984778166055
0.23757704428620355
0.32549576735087032
1.04421097690208842
0.51086352912826694
0.91283207667612798
0.56699667761061656
0.76246588266625981
0.79844168309774388
0.73251520168018636
0.81292290897093555
0.41331630373895234
0.59000619161835011
0.61518345031206711
0.65531510499948797
0.54472738845974134
0.99491045369312892
0.68259453727136066
0.74553960452736812
0.79487112678444305
0.99925424288549414
0.69649980338778672
0.83417433101068206
0.40468714176620407
0.45550950877355861
0.46922695476661425
0.53436250479639813
0.54195434963800659
0.53708778009289870
0.72230077291595984
0.53092721010300958
0.58955804828429992
0.63540761240809762
0.44409532042031880
0.68721708983885854
0.67132509782078142
0.64583299434128261
0.61794983252756541
0.46026264929716471
0.75318373161279739
0.51791206575034765
0.41461687910810008
0.36898643776932843
0.31207329139292239
0.25119377137972237
0.42995347443942455
0.57199558696251074
0.47101244384777774
0.50103819434078689
0.56721742559395993
0.05205519041084912
0.42207519735471977
0.23511122486745656
0.37326657218697623
0.25307535412160614
0.22088328371408200
0.34703093283018882
0.19314927037032120
0.45325415125512664
0.23932704515101422
0.39576195654936597
0.38622693198642177
0.61011605966806703
0.16515019520939273
0.46748761254618199
0.14961738470586161
0.44537631580058801
0.21371020865250093
0.34097336496315589
0.39714228360878784
0.23473118837622509
0.25995164673615950
0.75236358869307962
0.31324021683754766
0.96952971136878108
0.32260494314777899
0.84405669914883918
0.21543125688583331
0.84035959279159589
0.40665620177179984
0.64597425746557069
0.21737072767347149
0.64239863235294725
0.49462633595119693
0.70535235859245560
0.27603938302990150
0.85104767890959310
0.42994109798101332
-0.15307846337816222
0.59648387289950255
0.05202102064792646
0.28787313841627782
0.00154768671068655
0.21345016615093279
0.07232421856646637
0.50014867421953502
0.03151712241952152
0.39126108658550202
0.10479577664781911
0.57295052334423979
0.27255531230689617
0.63258373324075212
0.19134955172010409
0.68614178046891716
0.11430866804122022
0.73073438248784917
0.36825193545653667
0.70802075885314042
0.17701234868089527
0.52338263283705666
0.18302848140765055
0.54192967585088392
0.44725083412169758
0.22053232832398062
0.39821608689844529
0.03131589880658270
0.41043705515795997
0.09696526320935688
0.40147774469662501
0.22106314196533569
0.29962652007334933
0.19927132182659757
0.50410889060859654
0.34899152708404574
0.52867482763097629
0.16974329609891328
0.44274037828014257
0.35816012803580577
0.44835200541832471
0.18840013458882290
0.15401535405260525
0.18909964911726634
0.18940393318262833
0.61710736204666072
0.62285644527415396
0.23504700382631893
0.26377259976175804
0.52327294927024270
0.74445459079214615
0.34791109205901460
0.19078511801136119
0.45162410542912612
0.48737081506154450
0.61816706870039573
0.23573440111579724
0.38392450153854779
0.32082172888755789
0.16396040487255176
0.64309942012580379
0.20622486142982094
0.46493507112535171
0.42130747980484479
0.71862960661678477
0.16120743328458878
0.42956032063694211
0.52459383951131378
0.99305230228132446
0.33555047580277131
0.28382207971958118
0.45353084186191944
0.77693491606872955
0.28096207182816602
0.52010271045378942
0.58484889542204899
0.69950572185627036
0.19965890871559736
0.37743563352215476
0.41579107685795896
-0.01247232329904939
0.50060657412233189
-0.07836325395451856
0.42611872934611106
0.24755897122898385
0.50821893382620598
0.16755702471098916
0.62091553195937244
0.49915992586860908
0.46447876168656943
0.38935211322332192
0.70680141655535889
0.62469547028139427
0.46473392020953186
0.73648272053667463
0.35595835664498460
0.87074784837030206
0.47253431220390985
0.88619773444463168
0.61267289188344831
0.71216747193345276
0.64867188719919811
0.12552853320481697
0.67734175550651143
0.21382391335379375
0.69427446524152558
0.57850199523111834
0.69229472327951425
0.14285950517188872
0.37553789516906311
0.43879051773568145
0.52091451201426608
0.30486127667392315
0.50923279226204354
0.39178717878231878
0.66860756473789129
0.27487138928991101
0.82472320190110426
0.17955809232188685
0.66933377818639295
0.34663073667169725
0.71822477553996178
0.18872392640648356
0.42546274169691667
0.23330155237392372
0.64096261157060375
0.32703735525669969
0.81934952965386254
0.32871832334560969
0.81346288639374309
0.49122965083692832
0.72472026525292743
0.26480475016014443
0.97465977805970649
0.24487928518204019
0.79267053190616477
0.23894894623901319
0.76473450749696803
0.39605841651588491
0.41575022863563998
0.11873864893735545
0.48287289320551574
0.34536246654780639
0.29629588374166438
0.56476001798091924
0.28410476302762411
0.43660462475474759
0.20937346801340789
0.66732220202792680
0.15572920688401098
0.58689637310855536
0.24959935244458387
0.74034409065492435
0.20685045432278010
0.88855128531365679
0.33902642187066201
0.59749582737647144
0.40444891761074392
0.32994635777644477
0.13649627310707851
0.11758225872280482
0.30373907626589675
0.10614018368407521
0.30482199734173343
0.23851386651050321
0.51965015202214671
0.17263323982335116
0.42462516788253180
0.36790203260267423
0.42573390450043552
0.44542336910647867
0.51816108484122581
0.38359544675422619
0.41127894864732140
0.40831054562819552
0.71433942138372297
0.62523999837927735
0.35283390937121517
0.71890686130273040
0.51440168737042669
0.44994185723740521
0.72437211449255523
0.44876868147032201
0.67877239595388938
0.42362660776643485
0.68192629418839301
0.61291062094690629
0.59647684026152481
0.33072491188503783
0.23302255875377931
0.57058634062382063
0.45722605812950434
1.08964868181747043
0.50337527557789330
1.04138474780808221
0.37353166924421538
0.95760280360047756
0.40009397751749887
0.81889162669521154
0.49332769139704885
0.90038557104840267
0.47285281456740502
1.01601515842506096
0.35010889158614145
0.81669947733694392
0.48957475810792273
0.69060594655166252
0.52619170517420644
0.85877301841316123
0.39300623370097720
0.60034371174659429
0.61266496242236745
0.80086127013303443
0.28147645944135008
0.11664654147340968
0.36449892302923675
0.16593468769833097
0.39323535372083990
0.09329621091267250
0.30456126310912468
0.05963998133939290
0.41348032693551928
0.21891414049920813
0.23455045183886358
0.27252479229743770
0.40070846112435343
0.16844373440279370
0.64310833816012758
0.14501046352648697
0.63851874183532675
0.26809803784019987
0.70096588307851704
0.22175414478456934
0.48257631098139253
0.32357111819224715
0.59071542167512092
0.38274110470789835
0.52598956697896448
0.34833392536179014
0.36771836148535730
0.40326928171838961
0.55618613731836708
0.58801994693852311
0.49445715485755737
0.48222133675609752
0.70511830207286041
0.48442177808547232
0.38829822408223913
0.86919073798660429
0.69769043500787842
0.73965394031597687
0.61247890186424314
0.86453746143278232
0.55809095291211219
0.72637891907007446
0.65540280823679442
0.57557184444678344
0.70701096674289632
0.57187751318786506
0.58394499357412255
0.70148681538811863
0.60743641708397611
0.85969325588689949
0.54890972042881669
0.93560721986596840
0.66890155410961194
0.98402125851826527
1.09154260307488804
0.53113451457123051
0.79354607201404403
0.48772751884153370
0.85180263214368834
0.52964771775873520
0.65261945390762910
0.31133261208649105
0.23185629326214618
0.20113589632176482
0.39040055774418586
0.28954916916797080
0.17710350791489748
0.50587816961798315
0.31762052360350895
0.50985481475420991
0.34620402800938088
0.52751244716688228
0.34479077047380269
0.13570478536163350
0.40872689283421082
0.40389003475150986
0.32948215044805668
0.68042632631727995
0.36982358054127618
0.85739186717000182
0.52130647207146130
0.96435441884486572
0.32443367065096479
0.98108850672352954
0.59687588898406174
0.84460776553801409
0.64975295245095588
0.33799839543229976
0.58500484065905634
0.51751113270266513
0.56019725625065853
0.77987726368144350
0.36730384111254211
0.47434749128900000
0.37710738772960811
0.68415019725269544
0.21290762410282707
0.50530584666832834
0.30249270088286018
0.56137857464093388
0.14350857058448577
0.60183641895448681
0.47907923035668143
0.91967855589459069
0.80908179979809580
0.83886155767773307
0.68646582129569889
0.88827962821206941
0.68697154898238388
0.66577353583542309
0.77744875730567797
0.77288579377379574
0.59773569989226538
0.66755837805930762
0.53863986919824036
0.60127266603899965
0.43719670291618690
0.77253430307551207
0.60265083968950062
0.61701042189188904
0.45149915414234909
0.58758478543001247
0.52177013126469807
0.48431720912511833
0.41650731899208615
0.58257747196889209
0.58050549959895825
0.23089340214607185
0.39852351555862831
0.93457081890737526
0.42184908812262628
0.80066531344992986
0.71523777608041028
0.76931057917967360
0.48146385847382633
0.81057734384886682
0.43697429291898071
0.64688910653904497
0.49511994271934151
0.76607221389767588
0.26842646118954155
0.55100611672551680
0.72728500617676672
0.73632644309874262
0.05989467865805059
0.52167326657183122
0.03080687142403772
0.47952068837415368
0.05244929112460650
0.58208198877418804
-0.06311171322621210
0.38691205167908327
0.15717298965531606
0.37719461125389181
-0.01997751223485007
0.40626975600229559
0.03917793335224123
0.50709927360594320
0.06714373385107966
0.41429428736311558
0.95461842762429139
0.41136881509001100
0.22784709015143961
0.51377048214122012
0.86436477600604833
0.59179846487037602
0.17516716020645479
0.34582948392298696
0.64511087453426130
0.65599931683276491
0.61749720429253219
0.72793051207978565
0.18441660597657447
0.76462065657621991
0.50161888955200196
0.41198990859840928
0.66829987334547203
0.43934920616199002
0.73578335784034654
0.37056638944634263
0.88622052922900263
0.28577811250501950
0.99788394734203734
0.44294759717786841
0.94902101492453916
0.39211300834367635
0.99278542610858744
0.59429338615951333
0.85311125050956516
0.72963581473450956
0.74785623994380757
0.53974571918368963
0.12190349596980224
0.31685171866317219
0.49505257193628677
0.59530509907248730
0.22917275428132663
0.38665806510316897
0.24447362379701412
0.46781036885672772
0.30024414672999911
0.86761356744435258
0.24898140843643457
0.37223785030147444
0.21000076397679807
0.48361792683808369
0.17508603177953544
0.34491202665489307
0.26038861748683240
0.25361890060929232
0.30806163562659894
0.25404980476459171
0.37947542969040277
0.16587475599721246
0.66704201820003939
0.16960762514771180
0.49413182115082577
0.27256117780651090
0.53528584995621420
0.11803894741395711
0.55341210920773432
-0.00263734239692230
0.53586154253487961
-0.03918412171753185
0.59428315529535036
0.06741740321585764
0.45796546984146108
0.17553007925756453
0.15114154924244522
0.18616488567274581
0.13202196619279410
0.27003622721468484
0.23466835406320719
0.17683145360655800
0.47116534917026259
0.25328732228015799
0.44974080100928565
0.05635242199416397
0.50683815808493249
0.63074671153407724
0.52369660987536659
0.25324891598935606
0.55711835965544942
0.42254173626717917
0.76056981288895120
0.21095888565956522
0.52843934947926197
0.55569036223496671
0.53839748324158065
0.65272170625357362
0.69473516831697268
0.84384929052573321
0.76433842270547359
0.71195347534068698
0.52863936768300146
0.74531701684437224
0.27699238266261467
0.64750629890823175
0.86650009239593173
0.84255237448991782
0.27121270697856087
0.64541182231772609
0.45839541100315739
0.66510705282921589
0.62501151052008841
0.36583929228680795
0.83779048897882147
0.35788741179771383
0.80481837215908003
0.61799016075534274
0.87396121444616515
0.24072823420989703
0.77285727041598107
0.32036347365315532
0.81500519535740046
0.41114031802947093
0.73230755428342353
0.80190957610884528
0.91269407326487040
0.49577244425024292
0.72658685673525303
0.61497673309093315
0.75059938485173705
0.53105167995954417
0.34526488484726980
0.87486476693037796
0.38407465373566968
0.51713746620111023
0.58235879619585673
0.23204112558726453
0.51098530077949533
0.43922951467520444
0.36997282646072099
0.29298546149189991
0.48330903156905902
0.52026974365670942
0.43223349058140897
0.12868787537074952
0.48005294231795337
0.42426338096306149
0.60794095235867984
0.29008166000310071
0.55984497834641966
0.58126194861964575
0.81797184906297549
0.56959092772335607
0.39467177112750879
0.19505739196555166
0.36358267093211954
0.40458910024042088
0.34217532780404353
0.55457683666093538
0.49030782820155233
0.57227860915943329
0.18540671756995500
0.45551127067848790
0.60963058243963453
0.51828590906028393
0.58628320685528423
0.38183331959859934
0.47952358753545776
0.37641420343153287
0.48226340525113753
0.18066860125471459
0.52542256707434531
0.35962604519509112
0.31897645704476169
0.19157263531465701
0.35253302739695530
0.22613587339893562
0.39297265522205899
0.31079016788060537
0.30314743345200790
0.27569283886838430
0.36794670218250036
0.24702331137099026
0.43759425948152758
0.24427667185624441
0.48805612877839699
0.25411758777798377
0.45467820589405117
0.48909040698321943
0.61399612981904683
0.37128328560587326
0.19512249570925871
0.75262956221325572
0.64746805974896982
0.52479325365683760
0.46938777188020164
0.51811415338437150
0.58865724754311655
0.43722391936854332
0.75798399889149803
0.10504443139157224
0.12823433277295412
0.71543614477245310
0.13605125877154900
0.35664447817496314
0.06801844255740178
0.55844948498770663
0.27885404557185944
0.59096162911585193
0.13015702181181396
0.54015884498225364
0.76193344754118508
0.06150828554233961
0.14924325331247026
0.62661917459186212
0.29960666045755763
0.59801907130506127
0.37896121935622767
0.53939533418787311
0.31210690227264481
0.58904565321609204
0.16092400202443921
0.63135298736371426
0.28408538858787430
0.49844262084112800
0.17318617618961085
0.61300823448277109
0.35910102480825423
0.63462947716325491
0.33732844260397699
0.10662530317606991
0.35715985291141750
0.28858967609086950
0.51744635179379606
0.26993001564541519
0.45176950529508308
0.54967455632942619
0.62478659824674876
0.35936488221534302
0.19725465305658579
0.60176825483329444
0.01764235072254437
0.18058080706492605
0.15216216457779311
0.54367921667002850
0.11333089136972820
0.41069758521825078
0.20605390936756057
0.40154368018695114
0.16425390289502939
0.33148804996358205
0.24032003412957761
0.27667855146340059
0.27557223375250717
0.16136380674129985
0.31128826896976997
0.01793184194164094
0.58418204612144131
0.22361187082228545
0.35098896024497506
0.06142263225580366
0.68202113498947670
0.04406451920103564
0.55440180645360804
-0.06194919008246635
0.85046801699674091
0.00147727080408160
0.71263810150171225
0.14807965366896014
0.86025102083426730
0.13896146955778102
0.82709949403255556
0.07273038312656568
0.76925747184505011
0.15734449120203714
0.74301867080858375
0.14518882461811516
0.55683594852470986
0.38599918558665908
0.64280223945564485
0.63247157577164459
0.61754022155452093
0.65374264082526778
0.74494732045617706
0.67428454436501495
0.90050625709404064
0.46452617835313098
0.86267608045519528
0.25751440413227467
0.73360066790600631
0.28693269489189027
0.61137328934795543
0.31760115871002531
1.03611533665958078
0.58319947110468973
0.49686217667078508
0.52142140114918212
0.25796397790564157
0.43135358809205382
0.28753209767371868
0.64875207188416173
0.20945401751366222
0.53019022264394444
0.34617879655520889
0.70426090947576714
-0.00776131005040036
0.80290589196051254
0.75240980678839797
0.74883781232024760
0.09474783833850335
0.77777823651180800
0.04768991346931967
0.46111891651419878
0.06103250325169100
0.55737063116048646
0.21250363288482965
0.41395573559223253
0.08135890609371077
0.62048122266926886
0.22658613129873945
0.31678071426740845
0.09760090085070697
0.57641934953838225
0.75041776778126901
0.70667412645543282
0.30905655132621812
0.51840937875123594
0.14336826746089243
0.32379441128949815
0.29600143800679113
0.38842614255211066
0.04838341263339621
0.55321076519804702
0.27164410124072769
0.45555643235493531
0.62239417840502376
0.75795500114441661
0.94242840603451161
0.42993787157967245
0.63875391998011333
0.54182078335493655
0.79673452190387661
0.29799472239752167
0.65247042757684059
0.62450821734204243
0.77992784252264746
0.59057965514891642
0.82700417750417998
0.54696770333918310
0.70185630379153008
0.61540735105174338
0.04860319332086104
0.48819957785609075
0.24334101451945706
0.35611365070475082
0.34029902318805733
0.46193995170822011
0.38604324333589085
0.32454358694037422
0.55099521473754043
0.62726962192956515
0.53873384442823147
0.41717620094593649
0.45608716211365175
0.50805026227449313
0.66125182410142536
0.48112257636659661
0.79669673876210723
0.39564465875806720
0.72637447031137026
0.36053733305180924
0.60281986423784961
0.01469133797405905
0.47413447962861699
0.07233260512164243
0.28921734878944472
0.03365710015539278
0.30880172547471219
-0.08354245027913945
0.31102528026457948
0.01744373102388599
0.20772197621501143
0.05825873379698526
0.23155269660202668
0.01168006099889489
0.23912204782927055
0.07227250385813741
0.26457163586452787
0.25732658572035977
0.18743764960804485
0.22797986246091484
0.31282985529107366
0.37512688477469591
0.14093657869447351
0.27263988843169795
0.34854166132710357
0.20526395237840900
0.00526000214662812
0.52588016672679649
0.25450721821966160
0.37204184826640990
0.21405217213035574
0.41203719850919324
0.35877864627633088
0.36652923804957505
0.34241831801834516
0.54349903435948010
0.79719358231738879
0.70672746869970982
0.64551940373298478
0.64352364108831406
0.79460476375659772
0.67644165892618346
0.31117466468882582
0.52840542919851941
0.30065143015255302
0.83275495178879810
0.29003647861051629
0.73594095024301542
0.14279304680771604
0.53071828151009781
0.11921006818629395
0.22477416238217687
0.24072049657109551
0.28715826377746279
0.27516663339044845
0.16773760552252318
0.20178900823421120
0.19973148775041605
0.43834013530944471
0.13235796142566469
0.67399224410299186
0.12397020670047787
0.40358528197321819
0.39396720296444970
0.85612739953534023
0.15616443244414918
0.73120801573649263
0.35357330769084216
0.68472208644108912
0.24050864711843745
0.55109116958082349
0.40287599065983626
0.49355856260961156
0.22865042090059376
0.68460354060945183
0.33013720308809436
0.66286542660868009
0.26903060943878032
0.70404105308768317
0.27604938373836696
0.62305627981099021
0.47309220611546843
0.53892048302097073
0.75849162655966107
0.29929165088099913
0.92642648455932031
0.37450169050815940
0.92083699790273732
0.32811920500979241
0.84647848806609227
0.33460958299641863
0.57770211595304277
0.51024304352693473
0.79020368999959134
0.23436588124530530
0.09743395820529978
0.43734608761625010
0.98592863690267907
0.33390874472655269
0.85010265240437399
0.55724610311165712
0.84235605539417224
0.66752723240846290
0.83548320488873040
0.65812718578396101
0.79873505606550121
0.74373683659361189
0.76372236538577376
0.68713750683920061
0.83194587323943903
0.75484245771370562
0.95949535425697130
0.53021998090745526
0.25424832012719412
0.67695570075899714
0.34712854698680978
0.24759886791601188
0.27625548579440701
0.31823436760349000
0.52191227291900011
0.45931341901533262
0.44813799938237953
0.53280973515342167
0.53394711493399072
0.38332103388288091
0.71689582675157670
0.10336798749146892
0.76076598014483654
0.55234797532784952
0.80047526871175889
0.60221120630749192
0.70358921200871993
0.66415545180741431
0.71944284279709259
0.43990389081437176
1.02670415775311530
0.40323660054344312
0.71356006268885563
0.52215486979620551
0.52000849584757225
0.57443433804143307
0.42073020889198676
0.52254590205847551
0.36911801731965188
0.54027778120814229
0.48842104050566804
0.50465908485428113
0.21096918801708092
0.58941214216680304
0.27291056953834791
0.85474421364789033
0.39010909858194553
0.86695392741144062
0.47169695778953363
0.80468854145453006
0.57277788736382929
0.83911308319138367
0.55225094086583004
0.98076094700008043
0.60213126747475310
0.79623140525829650
0.62186825332488527
0.86587008826104828
0.75428704464138663
0.68288939095885803
0.62834167702217547
0.68340199374920796
0.67277287017917886
0.53045443794614910
0.70201979426936756
0.66034019973434799
0.55283586735008572
0.62091633889192899
0.78196366584245580
0.56059736867591459
0.58312898458972262
0.51007893493421186
0.76193235437618068
0.45172170163393210
0.68243066076923919
0.64251727413152970
0.64633773722687993
0.50485085690286557
0.63829400943206838
0.73481302085001021
0.74422967825322517
0.62200151565202044
0.68006568068875595
0.61180594936649157
0.71945260990235504
0.62624610222598176
0.79281358817651060
0.20243117482330231
0.35847914921475771
0.32702871610854611
0.43660104322105148
0.13370461685905050
0.40768023619664123
0.27622856517956285
0.58243934412337772
0.39817725276393268
0.72259990405036156
0.26615378011001423
0.67601121654478835
0.22666597111997330
0.74785769768410093
0.16916021981827761
0.85291455035921793
0.44780811468812831
0.64862038172962133
0.64787356389487050
0.65798416454184416
0.48317014452147433
0.50673341234300684
0.26454955429568200
0.21828285895829699
0.37675768256587167
0.38659112749608432
0.33578961730751911
0.60733859453087202
0.27747562226794736
0.33662163427663411
0.21566768671237452
0.51801909403920721
0.11176436323477475
0.44504110832163923
0.04523955162860435
0.58539159562778875
0.52147976979307697
0.01792241023137685
0.52422704295034717
0.13228258519936692
0.52286520568715922
0.17714521752089132
0.48849205057971001
0.16146999957256403
0.42991084900072812
0.44733945780399026
0.45552999847033754
0.41009396907962892
0.76636101997377104
0.35477349060244456
0.74810082171348946
0.32102990858245800
0.61990425982678654
0.45593476413410849
0.33431566750377156
0.60904534322463799
0.14880038652311467
0.61136895200660490
0.39115612644551057
0.64945144208663275
0.62995745691649585
0.76821282110673117
0.35646270883195758
0.14572322284634159
0.56616070210687908
0.35903123228224293
0.62033117403358118
0.49285371752604645
0.43748748484489197
0.37720388255099929
0.44898776262796736
0.45646579171124174
0.36764332587266507
0.68946549194996198
0.26023747645523765
0.79166430861117310
0.34982678560648800
0.76350018653789564
0.43867593594598220
0.94247741400251184
0.52463402085637112
0.94949428380572876
0.57035903240903130
1.02947928341026196
0.66380361463409321
0.76047640733426447
0.82671575526993013
0.47169192639141228
0.72232700098630676
0.63537666871813037
0.75115918481124033
0.81240064675938273
0.78695084429268969
0.74135579160093945
0.56656725778569583
0.76955836053902416
0.79792418577382873
0.75813935814884537
0.90044624664470652
0.70655815257521504
0.94390425980606929
0.54877558062380660
0.46937505284667130
0.91897757712165895
0.56425253207732984
0.91412492487512342
0.39897830837793524
0.82406309938750899
0.50154456703928929
0.77380917450178932
0.23021447706954007
1.03398585427771517
0.52243940578560777
0.93614486736480385
0.23478083400182309
0.90469517522182563
0.37033084367557478
0.98699030497667672
0.29357516973426140
0.73287749419926573
0.19974539613437459
0.54110534053997705
0.68833541869293013
-0.07369133618210708
0.63979440753729910
0.05865035735626392
0.85836523765252504
0.09066724565594451
1.09085021088283352
0.22464110932515494
0.98089401875660143
0.19892520140164921
0.89905653625720106
0.39410444969062797
0.68042835914148592
0.22757199073865481
0.72929112314055544
0.59099576384211883
0.51944054851410404
0.27150388946919385
0.49828507855549736
0.42155853414555361
0.46569670089416709
0.18492253481746274
0.42151126980161635
0.18843516553068512
0.18509362984035904
0.16257998729535064
0.22198954518052108
0.26951488972400439
0.24678243578485540
0.23649806050623901
0.27382605836582102
0.38788971750686496
0.32527764819484911
0.53737789337189246
0.23772485570735252
0.68420872094072149
0.51106563411435268
0.61459578734093867
0.90706142890947972
0.58143760797271116
0.85415678392893457
0.64878808577257419
0.90381148876071304
0.62471470816156105
0.72605526796163122
0.64182561427769558
0.74472074386081266
0.49778067645753149
0.94292008622328904
0.74739251128987794
0.54736497533627926
0.02929461982908006
0.43966717416028245
0.06330355389825841
0.50489305683092733
0.12676624784593685
0.38956001052366374
0.19471537178740808
0.42268767427899828
0.32137546865653283
0.55193240156400558
0.13289413389320420
0.43058115108125394
0.19370285390296946
0.54315274788891932
0.17689627889432097
0.41813307257795351
0.13414727661699599
0.42959718490764010
0.28716311150902540
0.45881219931543304
0.31221132065368185
0.32796369671482567
0.50884544939572840
0.53784680017228859
0.24992553250062144
0.41178641797368132
0.62587931600947766
0.42725857928805683
0.89811799226289635
0.49273669993738345
0.83658708474379972
0.07243291760863513
0.89498768986719657
0.42637980040895862
0.79359138386673855
0.28415959251643841
0.41458415081734107
0.30401217320374468
0.60291970095156910
0.53150259297022584
0.32477052069414303
0.60841805370902580
0.57004130449534929
0.93136913447471259
0.70692160062561249
0.69739697422956359
0.63675413481871190
0.60032395058636057
0.52664010313086218
0.76312377410164212
0.47986044457000138
0.48919837982730752
0.45295765723620912
0.26433489527469572
0.54698021687414888
0.22919805653068967
0.51559051288519564
0.47828543226767833
0.49959819256718013
0.51396535321873160
0.86066003038684769
0.36427557919219011
0.85307083088128965
0.43145288830600076
0.72937489538277933
0.37440566870763642
0.73728924009194929
0.20444886606598073
0.82690848045294152
0.25482156116153942
0.65582409650136197
0.25789512524820041
0.57745737212659043
0.38062128116441835
0.61889881524710244
0.69991786003896328
0.49835783621165924
0.28721040235412409
0.72481086311422582
0.79916588535075717
0.62272706724099813
0.87420196468862144
0.65414243658946225
0.71660135941879977
0.82899019027017729
0.84420828066613129
0.61474520308886382
0.63349806480699844
0.11320179211744145
0.94034269240289481
0.53950571707662565
0.49689757915639343
0.31546485036993249
0.29681254342620433
0.68556983738538169
0.22648226563825286
0.74339912027445298
0.26843573535306120
0.50831607964836778
0.33608717026841683
0.68270506231199790
0.46586447427318822
0.70232837216830468
0.43834816748589800
0.75535427349100570
0.32575187994304827
0.76170488157770966
0.61431173310299603
0.83017126742615244
0.45723021620722032
0.88195799743092529
0.54913606997975717
0.95940057374153775
0.40460812258868528
0.83360085167976250
0.50709703683999674
0.71689708825417353
0.86176928948009213
0.57152924257583082
0.69836537953670330
0.92625775714484648
0.71744905921500324
0.70901156716784952
0.52159848843449341
0.26594151776445979
0.76237985984132051
0.54721773312149602
0.41391734329737478
0.16002508571788526
0.36474534288323768
0.03802975892289191
0.43501701454114994
0.16477690327195618
0.35320596820528416
0.23665773447604777
0.31225697530004076
0.16655914156177271
0.36080035066004301
-0.05504935275666029
0.26021066903846657
0.06826520485173343
0.26162415030417469
0.07024273264379588
0.26867026789142229
0.33581927618565688
0.14727134856301069
0.38715662819210106
0.08038743011029041
0.51580150741564168
-0.01838743746309039
0.44898794996723779
-0.00722042115511887
0.52399591145842594
0.07543171239561602
0.69627485463211558
0.27902392155816141
0.74578055890359596
0.51668806378663679
0.90312307621515875
0.24592983962405410
0.96156131133836586
0.40403934008356845
0.80794940445050989
0.26108095498966671
0.90620532500441875
0.29747763416357037
0.85688993786497669
0.24921137326910611
0.89017629908143669
0.54787996679383955
0.87128835884318123
0.79122552670773927
0.59562664262987974
0.65625506833341585
0.68923933745741783
0.28930909802451316
0.95975654585808390
0.62935302061615217
0.37767487569269709
0.33079476084569648
0.89114700141669467
0.44923309547952639
0.73640469218629334
0.24210584267284738
0.71400012969554760
0.15057729268523612
0.66260288315927174
0.32665701490425686
0.56383276330648346
0.30106048247654593
0.48540066200876675
0.70090609664132719
0.76472132227019507
0.22257373578437306
0.61743865684419519
0.42851484517710886
0.91633988824171753
0.28654563461738197
0.92982308365596755
0.46330542581573353
0.76302707088886657
0.42654561786396944
0.66618439654132999
0.53798915488955334
0.48856918634121443
0.39194790239555227
0.31024447477575107
0.73071858577887705
0.57241335213592293
0.11438586919222618
0.02295162425133368
0.11376500933009856
0.07966887695436081
0.28208496441896813
0.12488982737786847
0.03591517139985931
0.48941829267779846
0.10856804164703319
0.30790328727981975
0.71600584446743110
0.45293887857121012
0.14689881948239736
0.36317772789540603
0.87625548482556859
0.54933616116050576
0.48312292948069357
0.03515666554879984
0.67899185778435678
0.06949770346633938
0.55468187812534986
0.11943714958757833
0.45596642241287988
0.15521518496988790
0.46067556410398269
0.32600796559515988
0.25538418106405281
0.22124222636146407
0.31885169081723641
0.51294285867665490
0.89114612159120843
0.17353190346352340
0.57021684659501859
0.40659842340832203
0.66689341002497793
0.36339554314208350
0.26688879438078694
0.62266531789229596
0.16237243989360348
0.65443611380884270
0.23858917214448738
0.80840962627435320
0.28193679960733342
0.73646170064088778
0.23021573712719517
0.42937061241368946
0.54570336629049709
0.82958684373855585
0.33850940564406251
0.70586612308744145
0.53541146608690804
1.06542800007878546
0.96370219492884235
0.38621341720149449
0.50494016895419491
0.98055040311567720
0.60124336980177528
0.35501048199730822
0.79103960477552826
0.34771124263844716
0.66084181594880376
0.47601358642325664
0.59387217800853154
0.39195472622335059
0.72700354219449692
0.54556106351291267
0.32290627146326650
0.08807854744544871
