0.47418946735572420
0.25802464887578186
0.48763645545201412
0.25927316941938017
0.47640450506448473
0.29092188277017450
0.48380735783294576
0.25962727246139850
0.43492452443333374
0.27945083506200813
0.46494649733368809
0.27250860497096585
0.51505527826714259
0.27724423824809880
0.49223541241917029
0.28573160760920663
0.48192571799192835
0.30159469731453270
0.46451145414961831
0.25598178940159771
0.46362598630708374
0.25700517142534640
0.50802439569801661
0.27229642417152744
0.46604315786467354
0.26188359686370544
0.48318066236209734
0.27638969268397928
0.43154973738690433
0.28113797851283373
0.47141532682834197
0.26721509816432032
0.42235087523239101
0.28215642542520880
0.49143534540347994
0.27323905994879610
0.46657989965134772
0.28993983195739048
0.46751699549103137
0.28169546829448255
0.52284693905991730
0.27317656189584999
0.49251208210204789
0.27377868679133527
0.47574308804935966
0.30160400427295836
0.44838786626655969
0.28045690313655480
0.46463760375636493
0.28556162736530966
0.47461781884108828
0.26653049584729310
0.46120178570395876
0.28385360636930124
0.46557111169500431
0.28062887605501802
0.48701075617419398
0.26297280545456025
0.48719040801043206
0.25581672845166203
0.49551555067469744
0.25799800391662631
0.48759703707317037
0.27824332181687217
0.47938089101157816
0.26596303882616235
0.46044315415186410
0.29919348995251116
0.46778389225221162
0.27791702506752114
0.48952912433119578
0.25323919106240178
0.44952470905894348
0.28503375485621596
0.48890653627290620
0.28287576042219575
0.48682865809503184
0.25818764352535717
0.49113094515273104
0.30263470939580261
0.46580804451070013
0.28248804071569306
0.43887895302151736
0.28070237738719211
0.45891991877386074
0.27928300773174647
0.47631182957755130
0.27897593258526043
0.45003822804500238
0.28534899013473997
0.47470788278229015
0.29091475066214600
0.46819871457691709
0.27940854349181410
0.49429488908976910
0.26833219233196526
0.49041005015768208
0.30243506717651841
0.46564239187029055
0.28128073187765718
0.42363482880433945
0.28034781425983496
0.44212745368998940
0.28044760890187331
0.47161204585482225
0.28179712646981353
0.47355053095910343
0.27369089662144858
0.46920118218903850
0.29203033678959667
0.46725739033902813
0.27730259525411688
0.46806985006237567
0.26497445437452305
0.46303162086110689
0.28358745946575636
0.47633579844872748
0.26070717779901770
0.49529422063521411
0.25901243910258653
0.46698725508189937
0.30196423993764920
0.46651435285503318
0.27793093287337811
0.47440532077642361
0.29087015506487562
0.50549928568420643
0.27233626809118311
0.46562937516041325
0.28809048310400975
0.48528044867213505
0.26560259160051747
0.46085922774504073
0.28967932033076332
0.46088462932007873
0.25600227282049637
0.48065782840434029
0.26742000596449789
0.47862316172137670
0.29922562666401931
0.47700538228539519
0.26261760958539654
0.46295803014326276
0.25475934414981971
0.49175972632808318
0.29397183800605242
0.47371272278157589
0.28514228671323916
0.47082595964595703
0.27745932036030058
0.52269514305324538
0.27842211550733825
0.46921440833221539
0.28589697983914697
0.44662981763164000
0.28157973191967817
0.49251265761190993
0.27873798849879344
0.49142320809737927
0.27525489865813535
0.47994154028568287
0.29930541069816885
0.47531283288940429
0.30501294790962730
0.46859675391901062
0.27869657604205661
0.47623518008432103
0.26229350336331703
0.41729699361141837
0.28200106086015259
0.46801116302347606
0.27887776362321476
0.48324405657904812
0.27473619129726395
0.43663440136616094
0.27970612231495745
0.49988941935196896
0.28848485141643282
0.49658881642533287
0.25729005538579536
0.46357001058975811
0.27658011357977796
0.50394331834047468
0.28394264601861369
0.48476600835988470
0.27043400790020383
0.46883637924713417
0.29076160763667080
0.44984964027185259
0.28240639334280548
0.48625656989802796
0.30406717216789181
0.48834140364769030
0.30313451228775579
0.48494513004616896
0.28218078557090187
0.48717574472350711
0.28887324812813919
0.48581589779047413
0.28118797395335998
0.50603980601317655
0.28692015858732739
0.46255058640950636
0.26568438088326868
0.47859935544964721
0.25999132543688142
0.52475441199405770
0.27787432571740517
0.46627022354204728
0.26876411358826857
0.49048336216150779
0.30139001048684960
0.47623154263696515
0.28795969106136904
0.46994721198777312
0.27952025609987169
0.47050392960532306
0.28109552143093575
0.48681566507095098
0.26247520554770765
0.48074776689789145
0.28276111184933866
0.48772988851630217
0.28120563685324940
0.49098615544803575
0.30120184916143983
0.50359407608948059
0.27062259508246128
0.48865981081168808
0.28181007020697108
0.47783990673817606
0.26610196936299785
0.52177475375908322
0.27598394320647357
0.47283504431243101
0.30574377546155995
0.48091763972485035
0.30280442147166603
0.41964103823669091
0.28392854558342773
0.49024032839189646
0.27886636499884121
0.46852487303488949
0.28251081422623570
0.46749039123601221
0.28281329996006349
0.49201305583100097
0.28369897504191033
0.52386763340129461
0.27896856309218065
0.46210433741232426
0.26414640253689503
0.46828847437229548
0.27886366354571035
0.46406876599022406
0.27970201938064720
0.51090396659528436
0.27813309404657427
0.47909832442454192
0.25243004154173732
0.46663039751864421
0.26493003819465605
0.46811282677466998
0.28127932633799807
0.51949822608388529
0.27177045340840406
0.45735100467611384
0.30117745951171582
0.45717978521312924
0.26630521100809162
0.49482947163322916
0.25922400251725708
0.48690217488477455
0.26015715165693776
0.46373351898444409
0.28617898345424020
0.47462735789053878
0.29029151837140732
0.46938435800384726
0.27681123379423506
0.51685315535173881
0.27838131604126054
0.46144028482752802
0.26081648291941345
0.51676372243463464
0.27921629782510593
0.43486821000130599
0.28219335507707433
0.48802148379990440
0.26207902253792331
0.49192507122303958
0.28057068851085976
0.46323396311119813
0.27469973920094665
0.46651104584754316
0.28746020102089131
0.49175015966176261
0.26916680747772698
0.47183271587748937
0.28345810980329589
0.46605188659238372
0.27667045946101038
0.49484113332716401
0.30113557956444514
0.43661122734920654
0.27729203044857470
0.48777992100287276
0.30058840503201251
0.47496038457345413
0.29533381538692327
0.49158643241817973
0.25776221887782425
0.47861072168842067
0.25463895302094097
0.49108911641828112
0.28374128235101748
0.43210067680958858
0.28178377575491348
0.49513964488050655
0.29221651271355598
0.45912496180876228
0.27049585655003239
0.47209739305996462
0.28454670376078250
0.51206547410477965
0.28561613815942882
0.45678107290414449
0.27656455450372641
0.46289036245612181
0.30642789766275708
0.46708934536429014
0.27842427454266011
0.45980296244905139
0.29734118521045844
0.45031533740761709
0.27750693984517805
0.49610457733075752
0.26794514653186013
0.47099167360177213
0.26513192742773323
0.51749973014050432
0.27455511108084019
0.48430528888573526
0.27624882174333748
0.42681032645695460
0.28049734483194261
0.48616438494138148
0.30733833522987508
0.42534702890678161
0.28128086820123954
0.46199533571037815
0.29485936668760837
0.50715948525028498
0.27460872430597683
0.51632830806452457
0.28419439110716227
0.46477182355791924
0.28560662072257420
0.48920354286191720
0.27888193488008678
0.49535049106759832
0.25603861540033623
0.46829450676946915
0.29773755254118095
0.47156165405860861
0.31133077968931461
0.49581646918884631
0.25838201876564937
0.48453281865857450
0.28074606683155950
0.46677941852979210
0.27820122993852880
0.49296529102968356
0.30146946848730866
0.47263522158870780
0.29869299687037282
0.49039482045046706
0.30643668512533567
0.46825520606827536
0.27783038839721835
0.47336634087534551
0.26767142207361461
0.51732342441412749
0.28156103485534950
0.46946514490099484
0.27103075711486746
0.48748865974915240
0.28796143314834360
0.45043961168288876
0.28243763016129392
0.48060408158342532
0.30012941356658129
0.46436355195511914
0.27646757765975932
0.50125537740975279
0.28098226754099614
0.49517533298305577
0.26100828348189470
0.46465792218959517
0.27140242443835516
0.49307329688180856
0.25857300991706089
0.45506110772301878
0.25847437724500960
0.46621608995251274
0.27844052134361258
0.43166766124097555
0.28084193511312516
0.46520157949016333
0.26356357278366349
0.47787632680478054
0.29178506434993823
0.47014554949325765
0.28196793658297292
0.44677210267683171
0.27911573183428184
0.48889754826732668
0.28259516234873538
0.46341559677564920
0.28183358046502799
0.47786310534056131
0.29955128049427954
0.51780215939384233
0.28010657154865648
0.48438293152538026
0.26740439164069729
0.52721441837349359
0.27702489183913864
0.47084077516817391
0.26996779067740401
0.47278276619382148
0.30228346418960245
0.49396910824052698
0.26843125671998042
0.46156252045194590
0.28327977416426897
0.49007444072940398
0.27349588124429047
0.46657915268337757
0.28736868419086747
0.50187601651437652
0.26564884159634816
0.49722063528672145
0.25862790978040706
0.46991090146857323
0.27962415801542090
0.46470535846240724
0.29226762682001906
0.48468415470339982
0.25437876052326452
0.46866397943530880
0.28228634263262403
0.46560282748195003
0.28969680702058792
0.48793024535787333
0.30405586868425372
0.48139214645560713
0.28231087333774263
0.46261949201273778
0.30584202411390982
0.49642380700179745
0.30065966479681416
0.47107636926301782
0.25268526182580064
0.45483660246310387
0.27336517554684231
0.48256569060600529
0.26932252948183011
0.44885261781405139
0.27897943485392290
0.48866215661587975
0.30216378450531722
0.46698921840958452
0.27849325780465134
0.51689428151643813
0.27897652694500868
0.48308574676372035
0.26044335871238689
0.46568407020963615
0.27506229384736114
0.47698888902387665
0.26712664299216710
0.49553422276646608
0.26333027344252435
0.46669098117773350
0.26998151787943170
0.51764238190627976
0.28078575623855345
0.48655983260422919
0.27736430634709153
0.48234688758436173
0.29000271609142647
0.47128847682959346
0.27837008603032032
0.49133595101381095
0.26339769075215036
0.47762320405733044
0.28957964787912394
0.47915225330045969
0.28515793175177839
0.46657868275793196
0.27875887226778867
0.45546851598242327
0.25953853199266863
0.45410598601680324
0.27499866257064726
0.43417737741841228
0.28068783759240057
0.48978155964205561
0.27876746183807843
0.48799947598866572
0.25191208846020396
0.49950892975893524
0.26461596721147684
0.49555353373675604
0.28155796447724069
0.44856309785355147
0.28160166261428138
0.48570434285015213
0.25483249563647009
0.47057046063373459
0.28135704321471300
0.44295704425472554
0.28013662552559421
0.43422431054552829
0.28130302691566783
0.43677747957461721
0.27961041650921548
0.47750220208771599
0.28468929026997247
0.46632951815251555
0.25487182290786425
0.46577988468993892
0.27518032217427940
0.49026881448121584
0.30435082306808542
0.47516996683135410
0.27130128047894103
0.47822980756711470
0.26267294298683636
0.48098006634631318
0.27054199037459975
0.47835143754521159
0.30834891546388665
0.47951252690299334
0.25560754942761443
0.47307656384109203
0.25004270796358757
0.51493790733712685
0.28599716698832855
0.47227848461630134
0.28067378294194600
0.48884221570574748
0.29120472391828961
0.46124405080032493
0.28534740356422172
0.46777308644769772
0.30684937715636051
0.46503688786993957
0.27586744433379423
0.49354087517854017
0.28835798028904097
0.50026815825648874
0.26679888794552115
0.49230966476867533
0.30179104576352822
0.47210384701132685
0.30076989103319390
0.46060647699601182
0.29319706962666814
0.48444691219895519
0.27569575540883684
0.47357116252660025
0.27945135784951414
0.49119483677107700
0.27453987414293107
0.45884828585771786
0.27462611260021597
0.48923766744850311
0.30446412096901515
0.47367977383667226
0.27143527637047155
0.45887330355554551
0.27557046599031770
0.48156828058855228
0.25604178730233362
0.46104472778507699
0.27942248030120448
0.52887839995144281
0.27300196454121833
0.49586894380412405
0.26473112670361354
0.47063676264596488
0.30540663923647132
0.48973130448707114
0.27756230256440079
0.48788022257924674
0.30606896072954254
0.48761415494876448
0.28164810894326126
0.46666852206597798
0.28851058934210067
0.46941304830923969
0.28097932233502160
0.46615164727523278
0.27772201293148813
0.49355271619365770
0.26544846817471524
0.47273328334494741
0.30494562973237743
0.45911929863254697
0.26806641792253044
0.48105099975966037
0.25839551722595833
0.47112419890196111
0.31038324092431607
0.43561600939681600
0.27799909946526119
0.46796943431752264
0.27157259656717192
0.49173421739912332
0.30364074987272432
0.47366659431835806
0.27049496068523204
0.49260920401681207
0.28014946550171899
0.47775693062234798
0.30708463814970499
0.46541760002068444
0.27979354321124922
0.48979635006178973
0.30459127286620796
0.48123696617204226
0.26370395083885861
0.46182814172325909
0.27541250692733737
0.46420907405996503
0.27520939091349916
0.47162098960149823
0.28118098640033690
0.46808488756912314
0.27972909732763634
0.49090227682336329
0.30433611703800895
0.46859958003486862
0.27865365989939006
0.48812820786525185
0.27474509198677860
0.48766124839122699
0.29190413567410228
0.46152290836489168
0.28483147732674297
0.47028194300910947
0.28325460636586786
0.50273831781574585
0.27073998706223307
0.47480999153690134
0.30384228784481504
0.48861985825453974
0.26141596597440953
0.46381901072950915
0.29298280803666327
0.51657539936675068
0.28734437420706443
0.48198729411618291
0.25303833815813026
0.46218822859155489
0.26460730365647583
0.46630325480469009
0.28300063604101056
0.45072610497750115
0.28094036639274195
0.43393134267695965
0.27866497574605131
0.44144890598073250
0.28022499551977986
0.46713066035142919
0.29441933431075273
0.51045487437431869
0.28821840097092333
0.48558683817442028
0.30304389945187327
0.48558301797910608
0.28057321432790605
0.48959741259071238
0.30437342881031026
0.47828297399173680
0.27028212437758004
0.45171690873671888
0.27570176682697711
0.47623200248848918
0.30281119263221890
0.46991738237873626
0.29808178447177774
0.47213377896520387
0.26608331420533327
0.47575929034269848
0.28116619454193181
0.47463194355624111
0.30063617522759450
0.53110278515050768
0.28074783701646938
0.48743018845820207
0.28743705771583616
0.46707015506575805
0.27104371327564769
0.48818566739979896
0.28014289724969332
0.43747827688087471
0.28031826666140242
0.48165170173036898
0.28461759452791341
0.50376020413816658
0.26796265383118545
0.45479891251469950
0.28187767857210605
0.46698415813956029
0.27910994223411839
0.42140123883680519
0.28452409925528555
0.46893740970819425
0.27928394177538163
0.48427212054565899
0.30319523495372935
0.47009914264115227
0.28007595371439892
0.48012723380354927
0.26307779686623578
0.47967990800558424
0.30230602311317245
0.46928660645898962
0.30353452733895497
0.49130117665728507
0.28323960282474681
0.47371912654693948
0.27976530065226929
0.49236776593441195
0.28467735686697343
0.46661670574075531
0.27860903719403929
0.46449220156095056
0.29967968301784476
0.46638947826001864
0.28886710394650045
0.51185849249202853
0.26895607489910306
0.47514333758400285
0.30435329443406262
0.46334476767402272
0.25758273835534001
0.47069978030470261
0.28024145137455347
0.49223106619593598
0.30411257838413752
0.46872569864243263
0.27962612216942129
0.46968649390835754
0.28522846991200207
0.48040499959250171
0.29019519554696743
0.46856641093348794
0.28288700849502796
0.47772499217829834
0.26588849297008454
0.48024571169840458
0.25931109752761139
0.46017667430312059
0.28384617174760490
0.46774214858001312
0.28217890342928487
0.47933581288054800
0.26151219320129404
0.43115214118431028
0.27832859832318646
0.46555603420789288
0.28755209497157924
0.47101841447046666
0.29136301707731738
0.48015999168625678
0.25789146679790437
0.46309318204409589
0.28229889327987706
0.48703745200441362
0.28367931635606047
0.48476326305457629
0.30356444132119181
0.46513886067382704
0.27588631790622609
0.46725998007892788
0.25439769324232231
0.50123964143896582
0.26808764991512524
0.46762835640568617
0.27923048958205693
0.46374454679663774
0.30529066097623914
0.44380333521659848
0.27524102063101080
0.50975463755128858
0.27660298347150852
0.44661684393631212
0.27608677734900017
0.47680089641429180
0.27280315034970443
0.44206703832114125
0.27718753155432291
0.49788653738034416
0.25738965038943623
0.48169184397340470
0.28253007673151209
0.46234218391410742
0.29593626418307328
0.48423248874833374
0.28279899814197668
0.46177167450283318
0.29117958368941088
0.49572322620036857
0.28887745829320471
0.46987941988273102
0.27978306465383396
0.46699897914670857
0.28430626639199608
0.46783854750747506
0.29969756850721674
0.50532815979847989
0.27850537582072737
0.47157426537068509
0.26405353523633629
0.47427219420791400
0.27529519248611545
0.43455596907760852
0.28158076574462615
0.46181419051721562
0.28722704179940101
0.44513581751935871
0.27924370593758857
0.48310958472925392
0.28044838414598289
0.48204303987337943
0.28199704380191010
0.47299080381754616
0.24946383718988274
0.48287210310202944
0.30480424825154973
0.46676362461561355
0.30352323557755007
0.48256670150533382
0.30545395347811793
0.42778544047039485
0.27965137804991097
0.45953113271123974
0.26031422708013635
0.49494368713919268
0.27949012796241635
0.48495825460526393
0.27533382703209197
0.46528902987803228
0.26914041150230061
0.46192511650352697
0.28934954377289446
0.46682584373431740
0.28157986053917533
0.47848782578713334
0.26753630140245371
0.48977533786475591
0.30467651612637980
0.47778237945263591
0.28061218303180385
0.46190999330198845
0.28547725321292544
0.46380438344768449
0.28598130957666834
0.46324899139548037
0.28090724032539816
0.48598229033023471
0.25768519876076801
0.47499318721786221
0.28272695807615106
0.49280347515815676
0.25881779945670819
0.49105853920926834
0.28411552196156475
0.47793161894589842
0.26794373863108656
0.45341328499039285
0.26487962684121136
0.47578396668230022
0.30842045856603761
0.48019818455682112
0.25229773183518595
0.52970697310281012
0.27348249590704332
0.52518325507344388
0.28728878724565943
0.48527453342290516
0.28241883509034993
0.48605747466660487
0.28597583707790480
0.49611273539920397
0.28392045268594018
0.48715733375301945
0.28817327067451504
0.46824210882258110
0.29663935504928551
0.46771715368753525
0.26980890513710232
0.46524603956048616
0.25629821097456140
0.48670520875673440
0.28426729845306498
0.45006983871247863
0.28020771837053543
0.46368550933072061
0.27377626617650458
0.49324274614586960
0.30287617536620415
0.44940714128701814
0.27678322318969401
0.47252492266684465
0.29583623816821408
0.48248357860287722
0.26331685759242329
0.48020259754509570
0.28863562191987235
0.48811665399127491
0.25790834116600753
0.48313285898862701
0.26803832710238051
0.48985213827223351
0.27617178254289765
0.49527409888004775
0.27953139258880749
0.45437907022082236
0.27536923754622866
0.48232628680544742
0.28043071189175994
0.46920776758369603
0.28394425145643665
0.46578498653434830
0.25379212828118247
0.48016811753992139
0.25229250588158170
0.48092886940222357
0.30123638426799348
0.47034290207154361
0.29137378329789793
0.44560091355973558
0.27729071084758361
0.46403327848773868
0.28547526481405860
0.48334474526783633
0.27098325542911561
0.50183291161303212
0.26996981219418448
0.47172834251888285
0.30051684438529919
0.49458258376448444
0.29872745099073628
0.51202661164999319
0.27515887433286074
0.47655503899596563
0.28441132157811033
0.45808771942195636
0.25654233436630042
0.46212512180129478
0.26556399798974617
0.45862050173466162
0.27741451294648828
0.47271116042189704
0.29529106602755995
0.51158521714072425
0.28069362597277120
0.46047574648830891
0.27986451164959331
0.47617320250314676
0.25938212483610518
0.47774851794265555
0.28843939035691896
0.51387023267578713
0.27602691028662985
0.49167032059587834
0.27842614472910782
0.46075859184566098
0.28748913892669142
0.48311604447229056
0.28054789151795750
0.48211012365981981
0.28574577253164707
0.44210810532927736
0.28004645378121118
0.43821725280285972
0.28074269213628639
0.42856591954498591
0.28287607039890605
0.47297280159744176
0.25972879419848000
0.50422210122535649
0.26622947012384707
0.47086691561606531
0.28093069973346357
0.43032125296477947
0.28473544047590127
0.48898384968959541
0.25429969452681056
0.49030701307113916
0.25463004051578531
0.48091831361447185
0.26438528400948014
0.47588552919554716
0.26540855282735809
0.47311691680849960
0.30155002803637454
0.48501631009122853
0.29700649729498774
0.49240100354835020
0.28340496750413374
0.47086658174254759
0.28166924982687774
0.45480834784130442
0.26554931645777391
0.47346287477629523
0.29728379043024417
0.46836496964762653
0.28072218837541280
0.48661144652610239
0.27365403564393986
0.45582278194505810
0.27141128575694734
0.48028861425265373
0.30836579458279406
0.46633915296061990
0.27929441292777291
0.46844837659996985
0.27845649994005606
0.49073039507568766
0.27106540300773979
0.45417399420900484
0.28276741978269349
0.44751903055691206
0.27924178625891571
0.49019390077837743
0.27909059391513047
0.45942200671858441
0.26005437042607998
0.47956220365804525
0.26907188626615136
0.47015369153903591
0.26951178741824511
0.52711670788367149
0.28543761333353701
0.48358244965334019
0.28349179267436886
0.51762079418534401
0.27848110341000049
0.42489207457761402
0.28123043191618496
0.44116802089762125
0.28071758669719399
0.47559497226705838
0.26826716000138423
0.46628905647922053
0.27966203398485440
0.48682114828682260
0.27775881449577700
0.47246741646984181
0.27103823812222405
0.46267135050566938
0.27602399544592449
0.49369818650990194
0.28228954185213434
0.46084299098141479
0.29588864612846438
0.46496493165360731
0.28273538769410117
0.43523718194348826
0.28064329618770423
0.46279632542825389
0.28757839284906123
0.50933219870051327
0.27523664955945149
0.47328082332634319
0.29804116631978278
0.51985387662881477
0.27743829745069976
0.48928103612631707
0.28093029802934077
0.50832525745976420
0.27102616527727785
0.45614156417057827
0.28148341663495174
0.48748173869924105
0.30490893816945369
0.47011567690820599
0.28053409282532721
0.46847893995265466
0.28489716102020829
0.42547709963738078
0.28385559744583250
0.48487650399175669
0.26293444445285541
0.49106663281558366
0.25897170790257873
0.47898539824270669
0.28200334857128384
0.46467059440318098
0.26747892486112190
0.46882218970539158
0.27672766882410138
0.52128268825827184
0.27959937892874193
0.46665651153805349
0.29662231248781967
0.49384451410495311
0.28786392543645689
0.50709072658286969
0.27593518504900583
0.48200161552061060
0.25721106641489011
0.47555086353899528
0.26522199435066340
0.44276811139047118
0.27922456233822962
0.49470092319141012
0.27108901488745418
0.48818259561956190
0.28152087803646031
0.46882347071081587
0.28797707971162095
0.48393137776576534
0.28703908731884420
0.46484295875565779
0.28404910751423001
0.51763379123812414
0.27530370488804018
0.52222656895270547
0.27818385313908839
0.44316715036124854
0.28210132921476538
0.49210182751030673
0.28568856199403636
0.48483643509467039
0.25769809303551711
0.53317950047939500
0.27603947698266706
0.46649118671966244
0.27935631289356194
0.46991032973298141
0.28998062143833608
0.46743051615665709
0.28946488752964150
0.47458516121688715
0.25221598707156501
0.47864804260806343
0.30381083196343972
0.48481458502475439
0.25033302523063183
0.51098494797057636
0.28386911169374413
0.51615973458706943
0.28006562342764679
0.44422889710480817
0.27855594800155309
0.49520944170350373
0.27267461839334639
0.45938105124153616
0.28175854495999608
0.48992959434191385
0.25288037554057080
0.49364470958253959
0.27241307198104225
0.47645274358300932
0.30013123867253688
0.47289399476714028
0.25656180926283745
0.43984321100768597
0.27948279900744649
0.48628550976935980
0.28346030389653154
0.46368934670223688
0.26389790804050828
0.46316069869117615
0.29898119732845624
0.43633674219257240
0.28135864039003389
0.49159145821331185
0.30407969253579648
0.47293702777294466
0.27066712918407321
0.46145238581862952
0.27171711965745815
0.47140529109211049
0.29310465169256172
0.43726382792512991
0.28053427018139593
0.51774641007817335
0.27717091463428695
0.42437337065588565
0.28528103599861099
0.47774473236977655
0.29105940766865468
0.47792062566367721
0.26125293637201485
0.49259996590092697
0.27478752988856731
0.46836129318931696
0.28055829080086830
0.43359915003548988
0.28056484855321290
0.46206142281487861
0.26712917322302482
0.45830175100644377
0.29336488088637780
0.47506769073441057
0.28519403469929500
0.47049041108141643
0.26001944740261396
0.47909310807939370
0.26282031788642191
0.45597696613990479
0.27677191805276752
0.52942664742044832
0.27818738818000621
0.48912834283277934
0.30101447058573483
0.50969534287818186
0.28819783156297274
0.47087383648308795
0.27735270233798959
0.41122148633226285
0.27849836649797988
0.50610992952622813
0.27703830439547139
0.46271473859752182
0.27458916620550072
0.48544438141555718
0.28394722048047588
0.47135627402513441
0.26292217076542468
0.47020590840146159
0.29596443878305384
0.46434220837655465
0.27931884313137156
0.46133760841499100
0.29691287353648715
0.44730259195315825
0.27797834377236785
0.46217501918486770
0.26634533377268177
0.51409319378562135
0.28474473801281364
0.45843154826360849
0.27838747294562449
0.47046676499125006
0.28371503639119466
0.47775070761743665
0.29956655768474871
0.46305794597018468
0.27785770609665678
0.47068248019219383
0.28533496411719400
0.48268487276642585
0.29490086124716358
0.51423803088977216
0.28225245514920116
0.46994494151522842
0.28031614239525904
0.47236156556143266
0.28531585550192412
0.52557601793771880
0.27546536662219279
0.49687044718546541
0.25940721849051690
0.47654606338932892
0.30377615463824931
0.48043948860926444
0.26823757346011712
0.49482562812449338
0.28085409513998849
0.46283610239112871
0.25821891897118532
0.47770344565749667
0.28872550392256591
0.48740268778189832
0.26222895886413267
0.49034066197083981
0.28179253281969402
0.51166491667734226
0.27972190810890574
0.48502683419521703
0.26933015168477031
0.47019509475144705
0.25585823570763561
0.46260169761758874
0.27699920283332269
0.51090994096802389
0.27437357935815798
0.48678468016107102
0.30100784716323181
0.47057620938022293
0.27789774442371096
0.47601933894080606
0.30523380446883536
0.46105311548479688
0.27506518753201536
0.52436840478557867
0.27094120277175537
0.46532804040772102
0.29724066252264547
0.44343054035410684
0.28318759658712295
0.46783862817707017
0.27770619739787133
0.48378655788017677
0.25170672635718822
0.47694723755050011
0.30953654691544663
0.49321470502804010
0.27975507089083951
0.47653556350006726
0.26026949550647283
0.46944895745077014
0.28173708503370543
0.47953663951397613
0.29678667382636537
0.47067967788069637
0.28863600291310676
0.48395799665025419
0.25057461233344752
0.46896548310603298
0.29003270713700419
0.48274377758306258
0.28163680343542935
0.47248542169764934
0.28924309490703570
0.45738037180591418
0.26765625300628987
0.46648100194947273
0.27734802979582346
0.51433878351057050
0.28087092768597799
0.47285688622655253
0.30196701629313882
0.47472954741428397
0.30332841735029298
0.46460652962284688
0.25284234714266374
0.44637783421476851
0.27759210473925083
0.46501524248983106
0.28042991711258808
0.49411299629894545
0.30188128229301531
0.46283215130821720
0.26978578385243202
0.48445669794270835
0.30708514106735757
0.49302163478778793
0.28530269930452001
0.49277796121445233
0.25660015947816395
0.51318107372310173
0.27491763019278409
0.46235491057922123
0.26411994863817645
0.47056716826787681
0.27456173726596983
0.49049315790164516
0.26032760059739313
0.46589109207261020
0.27414452045816629
0.49129308824366502
0.29497597777340517
0.49419398508315393
0.27179559369413880
0.49144224002437087
0.25437064580494900
0.46976438714528079
0.22574020410877998
0.49307367434449595
0.30129416309473467
0.51252890668838480
0.28023384324755363
0.48984017795490753
0.30193775587345179
0.46511287544567903
0.27805189787348950
0.47521206871388372
0.29556924555936948
0.47257960868691767
0.26377498851551157
0.46283187441268742
0.26917572745866170
0.49615506815473592
0.27755729875655910
0.49270051578062607
0.27456968419245636
0.48339006478148688
0.26046196525807663
0.48428350349820648
0.27837381846844733
0.46889082953389710
0.27999463110783257
0.48308679064821830
0.26335969270155002
0.46107605280604402
0.28123995985087330
0.48314370740324830
0.26440910734918621
0.49068918275572937
0.25336059404127909
0.46695084143544513
0.28053284091610625
0.48583756038495796
0.26080530532906465
0.46624919519316999
0.27729885473656812
0.47455465224173699
0.25785197172821483
0.48363884424392856
0.26535595365985720
0.47708087703376584
0.29482594439998411
0.47010947697790095
0.29386990673813379
0.46798331409718097
0.27842393548422895
0.46096964831598525
0.29375038007318344
0.48521664453721314
0.30532957493970386
0.48724978354351117
0.28438708589369616
0.48739778586403826
0.30711884327827677
0.49267633541502115
0.27655972529197215
0.44096948953479925
0.27957502112357707
0.43473583354225037
0.28112550711248896
0.47531589342133268
0.28791533634420036
0.48715423590290957
0.28346952219463600
0.48033897129004705
0.28474363456276502
0.45540737135336984
0.28400552839043802
0.46835281348356061
0.27614932939088410
0.45755472517840351
0.29747150773833336
0.46883033032220428
0.25788759037419950
0.46517711829483821
0.27608168480382500
0.47350604390114265
0.25967262266849350
0.49826489248020972
0.29172032877333087
0.47605924290140950
0.29536369817253605
0.48311398673689843
0.26389325972782268
0.48068924132268320
0.26110552682503624
0.51815788505660954
0.27898219714902672
0.47687258333697263
0.29968701073661186
0.46538971706194010
0.27056236346351575
0.48696438720429058
0.25229904020232724
0.49013831413228576
0.26066559691134311
0.49606539926782012
0.29599027020298102
0.46906268058310024
0.30061851736087519
0.48510825324953899
0.25708393753666758
0.47874886825856472
0.28672472550301253
0.47423249714879745
0.24613929853425984
0.46509480735698355
0.27893462686724646
0.48669913395858727
0.28429507294544182
0.47102695934598898
0.27909008811549002
0.46435242661769055
0.26650595814561584
0.46501505090534795
0.28468216179529221
0.46830216405236086
0.27707292085034929
0.46460816588836179
0.27505510757664958
0.50485814090906578
0.28835828495690247
0.49379001737767919
0.30122388958448298
0.49593150461788904
0.25920857514585616
0.46581833226428188
0.25509592138769582
0.47115856285645402
0.24956485560496400
0.46644949265268554
0.27886859978744094
0.45991287471790732
0.27500332950172290
0.49177961969471068
0.28059290336279080
0.43066150517832835
0.28117502656581717
0.46897071421809405
0.26854406128954605
0.46552461852168137
0.27604374804534915
0.48082098429009967
0.28708261018954323
0.46937075439879167
0.25544432259437344
0.47285785500065169
0.29273838235475680
0.45263109278869035
0.27826718383823396
0.48289764033738092
0.28241784326882557
0.46004069666566855
0.28405261297194051
0.46331076036057811
0.26179507786085221
0.46002715297134633
0.27695552912064431
0.47855017825175117
0.25734878101595948
0.49204210080165489
0.30048478908394505
0.46757057474099717
0.29981858780562415
0.48360375303119252
0.27782927961554943
0.45627817167110235
0.29368870931068813
0.48521498582258588
0.24885876262028106
0.46172936425253175
0.29804621629889089
0.45385214904271054
0.28792626023006029
0.47727718982073319
0.29763857582463032
0.52068897448513263
0.28056063976427986
0.48683828359893500
0.25497404428254072
0.48575512760787298
0.28798099178141046
0.45210756618891768
0.26896971443632406
0.46131635059571008
0.28065943612377509
0.46703505340438378
0.28573943790064005
0.46390876072963633
0.27951332505449505
0.49212851978955219
0.28346402984582575
0.46958487514885022
0.25177043802321830
0.47519472410251984
0.29952613296723996
0.46630030387011673
0.28156078103056442
0.43932241379972159
0.27946736901934133
0.46905342618675927
0.27233553514724473
0.44795274612995106
0.27496391661022945
0.47501411407270111
0.28603563151041778
0.48467047092058912
0.25888949686631313
0.46750543427029556
0.27950714981948566
0.49431132082380463
0.27761909259813738
0.48435103747691277
0.25890394361459412
0.49177446978021672
0.27656793768404736
0.48544055865201657
0.27591771354867467
0.52963585522255074
0.28354355217168670
0.47055717225286414
0.28243539067377899
0.49016562536442154
0.28744805002907420
0.46239237935585631
0.30563767001683545
0.48149667327219109
0.30532530667451441
0.48261130907197058
0.25431385694310593
0.46931227086847666
0.26618544671299893
0.48465770668932695
0.28363969739860617
0.45002667160207765
0.27386888142583421
0.46597755517567790
0.28600264343846193
0.48320695581791895
0.28137977528523261
0.48939861951846053
0.27725094291207791
0.43021333248975935
0.28055655222088610
0.47672976799869543
0.26013550700223032
0.46476028073195097
0.27585848127715912
0.48411451083469553
0.25606482778409995
0.45929567881565297
0.27260676430886349
0.48617463763717900
0.30105325321122178
0.48406464466767529
0.28496698848942287
0.51166668243170410
0.28456229356900742
0.48974158588420114
0.26154975856936202
0.43288585828362269
0.24034015830456865
0.46899307088035858
0.26976872792969814
0.47814892324922448
0.30187501148116669
0.48433521872595875
0.29975368802707980
0.46788320494258956
0.27672320319073807
0.46844651147844796
0.28260039036710383
0.43289849846985073
0.27941849992086343
0.46403460303183530
0.27359162683690952
0.48601448376461037
0.25664465720454865
0.47442011370178278
0.28325213598414622
0.47353123806770658
0.28969337367725589
0.47564507797129868
0.28552716902042691
0.46519230097614522
0.28843441521993579
0.46351783895054255
0.27367555977762387
0.47518643230752255
0.25968403629648801
0.46391515307290865
0.27067056505650966
0.47375918275472478
0.26947623020963046
0.47033648886696294
0.27788681695854078
0.49039683408674045
0.26566584767903462
0.46874911690476045
0.27801445273232861
0.48619032446814325
0.29968107402655364
0.48474020079383678
0.28293209027977928
0.47429487353759159
0.28151947785598186
0.45712007330561233
0.28613660283227244
0.49589067563724565
0.27585234194851704
0.46276414438876490
0.27709347411578111
0.46651744208275903
0.29810681000684136
0.46513124694948682
0.28104030563818200
0.50995292133301917
0.27332970909879101
0.48315565907127084
0.28633742605153850
0.47952504827099030
0.26461796792223713
0.48050305835909413
0.26836702431033921
0.48427479543274399
0.27048901089702876
0.42421022765015926
0.27739120889968399
0.48177991281960231
0.26775511090365434
0.47372688875665719
0.26337462079170265
0.50908564688302704
0.28214785387967450
0.46919178938561945
0.26313324658922937
0.48667366787019040
0.27731624211815903
0.47183476313036260
0.26612096179037015
0.45840998133140809
0.27699831482161513
0.47346738237299485
0.25121454351868211
0.52007932501408605
0.28003728167911207
0.48510927931368064
0.25908180886592930
0.42508845835094422
0.27479530667890434
0.48396078555245403
0.25369647292506381
0.47375442758955683
0.26132845742493954
0.47179601517004049
0.28747612062155659
0.44587401236558266
0.28104462233969701
0.46083444439382765
0.25819369172402418
0.46665479603121179
0.27975921944056703
0.47498157147341236
0.26409345387692429
0.46028962992529437
0.27587266042374331
0.47880105554388852
0.28330822577240461
0.41639303077068479
0.27802326051678450
0.48426742962334635
0.25171022771244356
0.47921457915619575
0.25253869645042004
0.46282441153720949
0.27837406049906449
0.46134680552306651
0.26643418387347345
0.48326768904085954
0.29495884300082564
0.47092569582229304
0.27708777878615898
0.48040933485795340
0.25729070303383439
0.47553531088886397
0.26249267500022766
0.47743316037107736
0.26196489594869521
0.47644767497310264
0.26402673830127515
0.48344620766268531
0.28290943040597488
0.45304567678990265
0.28873928450233471
0.48705369529610704
0.28730039918624961
0.49465648322926814
0.30124167746626496
0.46709069130715697
0.26770329066452925
0.48086443111097815
0.28775605612167487
0.46567606008921641
0.25301526148622244
0.52309031967036779
0.27520557646717403
0.46409699816859873
0.25962449052653797
0.51372153024343969
0.28097640443219130
0.42974935782013612
0.27770415071188082
0.47268342745405062
0.27435527492219508
0.47595692745155727
0.30167746893832814
0.47559951347822416
0.27022008888091764
0.43265972284833615
0.28219368766865766
0.47198738060032763
0.27643012449724114
0.48998683211457722
0.25393460531832984
0.52918173722054740
0.27250950985250377
0.46939011063239094
0.26338553421269895
0.47008631481920576
0.26656418179648483
0.49090142741053511
0.25953386641387943
0.46544201199050200
0.27370784470382770
0.48093265044449979
0.25770553929419976
0.45796597604708478
0.29557553225140265
0.47027046910819259
0.27105481401787129
0.45938031048089722
0.27337532639517598
0.46893379133393087
0.27844987174260755
0.46830534468793983
0.28396509850013230
0.49022192017094868
0.25748734158002751
0.46407871589552768
0.25800957060365176
0.46363389561978324
0.26438565569483968
0.49351276579059539
0.29846286501011537
0.51961863879224301
0.27125597080412778
0.43956027965599098
0.28154032965113940
0.49258347295157368
0.25667287585021581
0.48285699660021453
0.25839608957679810
0.46608604245921886
0.27266896334237856
0.46202473401730282
0.26429622046328716
0.48597320857348952
0.30127914530897482
0.42139802788473035
0.27444273050883955
0.48481538004307645
0.26156284924536610
0.47905209950048777
0.25685956927034137
0.49176878094462240
0.30402170675105761
0.45163362774989491
0.28524772174951996
0.47548800551735398
0.26039879810872296
0.49683407420765696
0.28893874781461965
0.47082800946558029
0.29890492731048213
0.49057559562092518
0.25674209153749966
0.47865067409414019
0.29218637893861066
0.49265467096763194
0.27707759415501454
0.46792672762733489
0.27910023884143692
0.48217611583202136
0.28060735211002558
0.46910083801278807
0.29088029428383944
0.48828719346548372
0.28025942831884904
0.49453002578959648
0.27252722151276698
0.49966257861223845
0.28952761834928731
0.46257173565177001
0.27660956593015773
0.46052559553615946
0.29599328474823478
0.46791132305104799
0.27327595334543048
0.46986777584023681
0.27572166335100495
0.47816917934715730
0.28673836080246984
0.45980093988503962
0.25940392003696733
0.47176151645643249
0.27556475703501915
0.49155216211324926
0.29926082114726554
0.45883718091663794
0.27595554596799432
0.46685054609343568
0.29277032306422912
0.47694713089294904
0.30204694884230399
0.48745308708768398
0.27469092272164486
0.47566314545935351
0.28436440212098457
0.48534957861724159
0.25897793189434437
0.45163001237971862
0.28388235318512839
0.46730606737161412
0.29403520655428461
0.42960195168177040
0.27892881305116685
0.45722182394694488
0.27392241157814973
0.49891684341766573
0.26191107793700280
0.45004462289159020
0.28299792860891426
0.48665303748730493
0.27888492010181509
0.46953529956626744
0.25498053314720193
0.49612023848736558
0.29799099688364067
0.49310876031963891
0.25750367159424714
0.46930398196370821
0.29295273364335728
0.48767620804396028
0.28340264887552258
0.47430216013744497
0.26797163676836577
0.46839931257712530
0.27293614586532433
0.46786218786242390
0.27927531150721840
0.46524846271738585
0.27700944719230602
0.47902945608640801
0.25774050371727925
0.46791304196448091
0.29313996117272811
0.48641416584609126
0.27886372487036393
0.48192816902977575
0.28264688692678047
0.46587880897286660
0.28015596913643670
0.48933315324004156
0.29775624124198824
0.46245416902090469
0.26870359053251669
0.46368087204042080
0.27668668827146392
0.47212159778376056
0.26291615730901097
0.48736055753457230
0.25233586131682456
0.46808816755871557
0.27585455024435590
0.48829043957291152
0.25644396539418729
0.46358080179918965
0.27156669771017727
0.48728963044525131
0.25731618979219750
0.46148177086898184
0.26166622688453617
0.47956548798553023
0.30388435230893651
0.48683097804540160
0.25036706971880329
0.49433956577572180
0.25582317337226546
0.49483392011706795
0.27813128095121248
0.48668770358278263
0.27653397058562590
0.48855087665217145
0.27289784365987324
0.47003810470259355
0.27907004759530296
0.49717546025357973
0.28907307489485023
0.47563092833725135
0.28137628119267949
0.46073823423826538
0.26102756402044724
0.46080103448719034
0.29554571576775979
0.49085114227528226
0.25513042184005774
0.47733906396783349
0.27131330541752002
0.43149259059787970
0.28086226820510557
