0.88636521651197697
0.57966916449584416
0.79373997252228434
0.37777323250098915
0.64388361678666106
-0.03031995874645935
0.70667198373494622
0.12264119788491995
0.85906963502977496
-0.14608728005501481
1.06749921489007749
-0.11293625475720302
1.11205386485313684
0.20360532042435731
0.98084888544442972
0.25025713139938077
0.90798524390778590
0.40007323532557204
0.71478947793326342
0.62196314597291058
0.23127097463310428
-0.24447067129278693
0.83131655809863947
0.56746565871767030
0.34233104677951898
0.01000714643775753
0.43455356182235494
0.05685635232477423
0.45248272669171030
0.19557038841780983
-0.02500317218673103
0.54774454414231133
0.26126941411605686
0.72284911601378588
0.19590032930889650
0.20159593494033437
-0.08976815501336369
0.21731473932471324
0.16602206362988026
0.22954327004592504
-0.02015956375656706
0.46400022525442891
0.22429384536366742
0.68342939489574672
0.56505357589689786
0.87287971680549103
0.40574874791348792
0.70508237339572877
0.46874135308569254
0.90067069602874605
0.17095772942630022
0.88152178975238282
0.04276495747358348
1.13964291969665177
0.13151182788764024
1.11047674119411965
0.08931001416312342
0.86000289555258624
0.40031175112218165
0.90759238883838078
0.09500586557177032
0.95567358869601060
0.52093367100591415
1.00957726003506543
0.30914768695588180
1.06249620084662344
0.46257988835499109
0.67913663443068240
0.20544219842176734
0.85000638156214503
0.50192269382884513
0.99342865395051683
0.45822586289034217
1.26449562157998741
0.33966205080493189
1.05713568352333809
0.41280761064887467
0.91365028416324678
0.39334104417745624
0.89391141968623955
0.84359463626153020
0.01283069710657295
0.24483984571113038
0.76209324718453930
0.85465306674758645
0.63542623743813109
0.46819144349692310
0.83967233088470850
0.72364462050835854
0.70569043008346877
0.46053414241995533
0.72404019395282748
0.50833670675752418
0.33851080277989926
0.58570914678412511
0.11626916940420499
0.56615768310180892
0.24487802624236035
0.26930839741924195
0.27157879762126858
0.33817252146812132
0.41472150739131008
-0.08873504636703632
0.45233638100948537
0.12431923512513601
0.48598090809088473
0.16017953606984134
0.53857298254425090
0.45482234364779500
0.52096413275602416
0.79803272616023213
0.77495405742470369
0.56374133042343189
0.71149759356398001
0.99665084422502082
0.92925900621292790
0.96892560908399872
0.60403192933947136
0.75472337033321057
0.73861065131003589
0.77657631089939883
0.68722140457898540
0.33237431128966238
0.82987962092116230
0.60504134803126741
0.58019567240432313
0.33118188988553837
0.53892336075444347
0.41403622476271912
0.38876740584900954
0.42468391716548748
0.63310353570270861
0.36967784546889593
0.59870062712616112
0.04762773062965056
0.66624458158762467
0.09392950084404279
0.63107200866815027
0.27934077776438476
0.55934676301717801
0.21489652884279345
0.36539473419951207
-0.17511187300804543
0.29407378128710815
0.07642434107988860
0.38015174577251332
0.46224054570537920
0.53587348391863765
0.26332342455278934
0.38152454219780335
-0.04176474426560223
0.08085053370392661
0.31985521485324775
0.18769175347858466
0.19164914685468537
-0.00506005284814973
0.25441333926921439
0.03398991910208581
0.43584276232181940
0.08671743955243588
0.74061401628944556
0.27002083212780514
0.41373188518026927
0.43056973191320203
0.53683393444172656
0.39112688284239439
0.80150895377417852
0.24805732942167716
0.63347925694557405
0.00301105709669312
0.75219058131976102
0.52055963874570266
0.59005358030859112
-0.21561667817649671
0.30643754743543916
0.50104748050596326
0.37187735852047493
-0.07988919681389657
0.33235185565031056
0.09823846319865945
0.26808967914798298
0.06719940149929593
0.87231416839993903
-0.05066291909278701
0.87280747501220424
0.17866737733736043
0.98454152298818209
0.43273899726493981
0.82264628771513626
0.59972252709167584
0.88016443576342918
0.32877704187523066
0.88524053464516539
0.44820641036531778
0.68702289024570851
0.32575939159860712
0.79525233652475702
0.42557234832731200
0.68108313265411591
0.45339116584180006
