1.06307888135083495
1.36884601732465327
0.32363249304378261
-1.31118054846392651
0.33800295848538470
-1.24090012129751437
0.38615365166670895
1.17967225513801344
0.32891687642455403
1.11959691118790827
-0.60907528295694868
-0.31147728182495638
-0.50150038221673299
-0.34425048666228969
-0.65901054377143797
0.39494178379618128
0.08135218290710908
0.66346029228276271
0.15378104758498590
0.55314426818533091
0.15542658771063239
0.36862990579605781
0.15250924847141220
0.13611122902083347
1.28205615810089069
0.43335865501241777
1.13833505623841225
0.43127071804782513
-0.26970166264836165
0.21170752378376215
0.34345818561710434
-1.04588503752279172
0.33188571460860361
-1.06510837581735007
0.38059160083451665
-0.92234055576536311
0.38600953610923672
-0.89398483575820353
-0.36891087954520962
0.64208022350823635
-0.34252973069112830
0.87106512349948251
-0.50808248771891851
0.33978225515218896
-0.41317120796751616
0.27933191207960711
-0.20443492601871888
0.16351961066314102
1.73312487978345398
0.60222424627033644
1.49358679042980191
0.28317048006320444
1.27684744013649931
1.46114582684892724
1.21648859133796439
1.33797472255472694
1.15493762565345204
1.26209075817188854
1.03304266265060729
1.13514346841131841
0.19530879539530699
1.22524619046840311
-0.46115109008069988
0.80952031285984183
1.73962443446620307
0.73710630489802720
1.70689186706324025
0.72719674541942336
-0.09108094356663775
0.14229226729311312
0.16414869343511787
1.44927532617247423
0.37270976387716520
1.38857492320847853
0.59478749840033185
1.23358653212375602
0.72418921239989875
1.13842378078072848
0.89212297161376308
1.01364210938329857
-0.46199788071193104
0.91113804373185314
0.21736619148408598
0.45439402430050779
-0.08843204534574615
1.53520902732577547
0.71804384526179343
-1.15898444387627109
0.42531393676814522
1.34895698470945935
-0.51989141162804953
-0.08106208309141893
-0.39715280346842913
-0.09335104345851203
-0.40975398878328040
0.25146500603703204
-0.39429449709745112
0.29941358241257388
2.21637516572220861
1.30379917204154561
2.13423388592455909
1.28399679252530596
2.08368614189919210
1.27347565579898880
-0.20613681383533844
0.87266742136355546
-0.06461157651475104
0.82693437587298602
0.04709928708642880
0.78463486582594955
0.03014893437789562
0.81633421808047957
-0.14688262017329182
0.94419163841025355
0.97167897156894067
1.55629573569485125
0.88960820867867996
1.43833226862399699
1.90188847285067375
0.29399493561393020
1.90836932651380642
0.28939493376640235
1.75906675825160153
0.33449538097771980
1.70384377193648873
0.34914187617365178
-0.93012129969414159
0.15279318872488984
-0.59410250993073954
-0.45326367661850370
1.07256960314592797
1.30476173337365164
0.92392369430275656
1.23332454713437878
0.62064412492342913
1.37920436832261339
1.94970795874684732
0.66120729948923140
-0.59365797077366778
-0.94416620378831728
-0.35141529384876941
0.86712267559077683
0.90601195698218207
2.06518696392289325
0.82303079774628196
1.98941694524924650
0.81998925271938627
1.95151289299364317
-0.08649547240780193
1.20061071239326811
0.06528232000494828
-0.04988633168440060
0.03925222669921331
0.07365200992311814
0.67098852358712557
0.26523804646579013
0.13738156062682022
0.17394269518581273
0.26682513005144204
0.31972171575687891
0.52389313042719476
0.34231111233270578
-0.34626651584437462
-0.46705021890104242
-0.28269228406848951
-0.43291871922090375
-0.17259255582295924
2.00406557154769338
-0.08486373096642869
1.92408120191877763
-0.07891603290897795
1.83777579644159261
0.03380754801522498
1.70012963322985189
-0.09927538285696248
1.58110268305121116
-0.12209161817018721
1.32317170702271114
-0.12843103540711720
1.52433804558462938
-0.03145118549042926
1.58230537870770838
1.08801572534872393
-0.33789373499061859
1.08125726823530210
1.12770994245278167
1.01158781995392788
1.01119168680419413
0.99210384951757180
1.03283742419579583
0.10568798070820387
1.81051654752965874
0.44397118721758028
1.80849737417014422
0.36940314956472547
1.81154016387612216
0.13528132890882613
1.74548926120202319
-0.13106192769195599
1.71617658714465882
-0.09979670371802021
1.69083871781443040
-0.12154311262391923
1.51614460998438094
-0.12652864341246825
1.46866713224872125
-0.17668232732887740
1.27148262974920168
1.16888548475417209
0.20352233048687601
1.95665759265356010
0.21249724406778969
-0.44346137785762663
0.44819821886599037
-0.36917783093432743
0.64320557632504793
-0.35060655772518778
0.70019927159495132
-0.30786174861797921
0.88604539585507613
-0.29637572428690662
0.93470983565488819
-0.16165024691971450
1.13546907923612372
-0.27836231554479396
-0.79348635433142856
1.49730374758088836
-0.55055669641359306
0.44409199236738922
1.50149867440024098
0.68436723203710548
0.50788874929776839
0.56002279265660493
0.48394656689047721
1.77705119346010965
-0.39738916176483507
-1.14809913259040153
0.95515121911142309
-0.17873952381379915
0.28407683039994369
-0.17498034678746430
0.33962719858015405
0.77797278986759977
-0.84206654049532459
0.73290610365605635
-0.60069272115093086
-0.10477218040156339
-0.04338290039982384
-1.20258657965087901
0.77222057371032859
1.46717422894482241
-0.66876171187097966
-0.94645724605913750
0.67210856406526620
-0.73492238585320802
0.61526542717038246
1.63922732518012637
0.07387616273711156
0.86614320732409211
2.13709987636786414
0.79133210289097744
2.03890019191374128
-0.69233944753121435
0.90166123572150725
-0.66486130460428750
0.89008958480649014
0.08739634708933626
-1.16565619403233822
-0.68708478743374879
0.81215463889160977
-0.03600192516618612
0.70512708116757128
-0.83220643552752727
1.20951408340250377
-0.70534789714510093
1.15972908529551799
-0.64349886678111934
1.14567447058818050
0.37880303692184158
0.56594019503975601
2.32907231636514478
1.65597603017783812
2.15530963638147899
1.62438476281174382
2.13828678479319612
1.60730420052507594
1.95836024168947342
1.60055404840373439
1.91183692038686459
1.58850825767274473
1.21270809955989511
0.03373438813866480
1.17478777861314310
0.09372928149337040
0.97052827947145526
0.49409110132830358
0.48828616605193598
0.19588007479852498
0.44517319735423211
0.27306905395683906
2.01675068760186038
0.71569067463082303
1.93060247420138476
0.76730315968348517
1.82962912865357130
0.60516295632050154
0.98208857467806676
1.12103560208330144
0.99135291636705369
1.10250503589011495
-0.19594493358283283
-0.53496541710127965
-0.17309864797159114
-0.52729533086630509
-0.38147950308212508
1.33087275337173572
-0.10715237063258999
0.60419185668692921
-0.43254999566710950
0.48436769989994649
-0.40931777630277494
0.26483043387328808
0.38331307011709331
0.84699723884573186
-0.51630084325970915
-0.10516649370530280
1.60729861442465949
1.64106095678176955
-0.11322869475826834
-0.53237071103293176
-0.22482554927181259
-0.23465742661123312
-0.26827693677241066
0.03833777705564852
1.22531733343910765
-0.83559338766045288
1.29706336567088987
-0.65310991055699774
0.19881179232318594
-0.44092350864844149
0.23493815748955602
-0.27290250802178506
0.31708775029987413
-0.13148087379682710
-0.54267130188537538
-0.36126545409864397
-0.21538604454810778
0.08132787396272967
-0.21116850734129833
0.09131079959096763
0.89738445228351882
0.83681572298424900
0.41996173191904185
-0.80237625043739413
1.73998514413259886
0.14931713963775275
1.41549508895237897
1.60155003068108104
1.33001309861224559
1.47531761686899876
1.04863715703253502
0.47914465543137319
-0.82408182774043892
0.84123466420079773
1.72879747845954546
0.67990988948599684
0.03308171542396791
1.21250912009471334
-0.01719962733010222
1.09660012562984455
0.41593594220680030
-0.92492774560232816
0.47084938751144095
-0.72832842032738943
0.64969576718038535
-0.50209557254305914
0.83239770620612852
-0.24516234616293597
0.64088793207810191
0.90982491391224352
0.53310977612244148
0.89930062257645527
1.52135441791997250
1.43126299269938406
0.41204235196461697
1.61055938328233528
0.98779445771778740
1.10741364507898155
1.01594620507338562
-0.62455708050663850
0.97871269942690009
-0.48451514786304728
1.00732790335097255
-0.35918379749473206
1.00639231354527259
-0.14752986149935537
-0.02737204280809269
1.01381148376201047
1.23999429426569319
0.21458907960793577
1.02744361748497459
0.28537085516570909
0.72458501532963349
2.00866139902611662
0.65858861363966148
1.90199060305138867
0.62111142496200245
1.86156722274168573
1.15046801924551101
0.72740782731738296
1.21842460561492816
0.63582744684017678
-0.10030382679469343
0.71249318684583174
-0.08455787924039485
0.72477492958082257
0.17111137878996030
0.47515058711333169
-0.22409627269226745
1.22083678581638688
0.58551062260720776
0.35830374884708555
0.08910662009709172
-0.08761503789340094
0.01404962575739540
1.23524231378175742
1.91219030190249129
1.59914765397540504
1.78019955043632216
1.51257834031490979
1.71953815999983384
1.49343614824437099
1.54706310452041151
1.42647988240264167
1.34739308929574864
1.36839046178250978
0.70700339513585342
2.42631243166491917
0.63527254031439540
2.40400353719740068
-1.34283246329462380
0.79843554787209081
-1.12947961342888470
0.80803194404139467
0.80910924280393048
0.73997696029964666
0.42606849038002048
1.47922895061825477
0.58316261994246488
1.38771317471010702
0.78445800892514606
1.22317047357605624
1.61432379188515851
1.16401544750144126
0.68629463521823730
-0.24475037983249387
0.66710458830716224
-0.18149500365866053
0.97338226856808507
-0.43560852421723029
0.95626261886171948
-0.45810133123415198
0.84640431329500954
-0.16053063712144428
0.05321842551225749
0.78484588737510397
0.14811782861479317
0.73129666218841849
0.03120814009859064
0.90468160861870228
0.45051494198424763
0.53314402558654816
0.44714354572146003
0.28200155834303975
0.39969638557870352
0.12691561599128948
0.27040241675866267
0.06213081478371624
0.16641261911099858
0.04903553565379277
0.55242548695581251
-0.08235392858104756
1.67075297593587835
0.65325673946552820
1.56379751312419168
0.60527123963039176
1.44081737522244180
0.56248503497094615
-0.21772436938555817
-0.66078829798008321
-0.28202510330458597
-0.75267853247241967
-0.30650539819348599
-0.65047624756055078
-0.24481916937155246
-0.64411805020333268
-0.33114663676073725
-0.33269918524669229
-0.21437194079871702
1.86663051010427905
1.96610478342496986
0.59789080982804055
-0.14240502199047012
1.02462293797888693
-0.38549608180573358
0.48224097061097565
-0.23537180515261769
0.50314672778356362
1.51513256715439004
0.79346135110994243
1.38028121612812993
0.74925350997983131
1.26230428398373262
0.69846326584194518
-0.36657068552719441
1.21869343855530876
0.10251439647582386
1.83034423419029113
1.09021893199989739
1.58972862016930394
-0.85978953895636556
0.68207954877297483
-0.86858460414406768
0.69306461861793489
-0.71908012946773769
0.71931003013433625
-0.70184409323831931
0.71631055574471669
-0.48143145091177897
0.78350050403340432
2.14109857477360732
1.19574430023703049
2.07417098192578919
1.16275592731782207
1.89182629460586171
1.06402251692999417
-0.11076042063178854
1.72682828050941795
1.51603564069756436
-0.64046474653645202
0.07525158688288064
1.39860364004782189
0.11353953742670751
1.21823816382894168
0.11993673488377030
1.08049582017899959
1.48780412737709211
1.05263329472330547
1.38141651869351989
1.02339211830751742
-0.11658651661406588
0.70089434125956951
1.88812868708790238
-0.55553904376837715
1.77066910302630998
-0.54769374130413695
1.49578049572110849
0.55445806511256657
1.35622032709697393
0.71222796517912002
1.18768970611651437
0.89664372569128736
-0.52389004169099240
1.10443740640389043
-0.29930594716950881
-1.11362748828999347
-0.25225526960954531
-0.98426976180336634
-0.04542559142850917
0.32271666849134306
0.32659942044625073
-0.95285012436582583
1.40727062985795959
0.29552753758291000
1.19105512011960291
0.32072839690507776
-0.34005347628818372
0.13488176837583571
-0.90997705767934733
0.25404475296444817
-0.36020889408688583
0.97727938903457356
-0.23661775473640459
0.90636582635691521
0.13179713560444559
-1.23157535934554496
0.09809950284433239
-1.14395214682289303
-0.34736415869079690
0.03764715553406519
-0.14178617868990159
0.12955288505996651
1.65888263166788885
0.13030895254135183
0.11018504453007968
0.13917277499229330
-0.65870732682840638
0.99244645277952093
2.02710210404550040
1.26859062361063590
1.84448300230097861
1.63708920221464815
1.74387584871989265
1.54216025440466198
0.27202566765796193
-0.65158186607922841
1.31023535059916485
0.08245328600423445
1.29560172336076418
-0.08570930782334078
1.28801870275791619
-0.13207682833776216
1.13610598202399560
-0.21967947252191861
0.51045660990969954
0.01464957180231766
-0.39202875282820288
1.63243862316898225
-0.49659525865361975
-0.08407113793325977
-0.30972993757045969
-0.07099216890977068
0.26626273700360592
0.80932781462895131
1.65185654893224898
0.51964526097983099
0.60850949402805332
0.45058666227274513
0.58816326858204770
0.40519786701995486
1.13908156235844538
0.40079621567109452
1.02527935706124840
0.08736289915412432
0.79147675245815996
-0.18187909532297802
0.50487318328484276
-0.33208919340635940
0.28102805198890229
-0.45277050977796923
-0.06755043441921910
-0.32247735014732776
0.08372158539305406
-1.10055582734075452
0.09802670847528359
-1.10939249108288185
0.19352913702599656
-0.98467027838530974
0.28272219481547728
-0.89968241721700160
0.72716159172677863
-0.85519755358638205
0.70766904552487553
-0.61259811616466342
2.15230213534450421
0.69969954121884259
2.02999839471012100
0.70794129331851507
1.82729092705479990
0.70553918869393606
0.89377676373025339
0.70499754361979816
1.78654624713118659
0.06536469234801807
-0.46709115009047580
0.28703218538255082
-0.70099191337498423
0.63436965645161769
-0.51042607851068056
0.65190328850285106
-0.39801539053947010
0.66122602301745281
-0.10555774517632248
0.71492229898889859
0.55596015406470112
2.57666725129720264
0.62921971870918869
2.43996817956102641
-0.46803305818903790
1.01591217494927921
0.64261516758018544
-0.41858107929347843
1.84658602509232561
-0.55603254636467470
1.77687492720169815
-0.50537417312302724
1.59235779666473687
-0.37760724623790531
1.47751564493172083
-0.30077508740776637
1.63689404529660298
0.55105934844957072
1.62670250711559095
0.49855375612818381
0.18831808632649724
-0.85545354341508906
0.12441943376651160
-0.71443711490242423
0.23401869854917340
-0.67780311291351647
0.75317387023895332
2.28413818471406715
0.77500269796245913
2.25410950748589833
-0.80585230680010034
-0.41356646147337561
-0.76857857631806181
-0.38898418189105677
-0.63604272928696792
-0.31806300480049438
-0.46345072065746418
-0.21632935947396309
-0.22988674900498793
-0.08225987927345402
-0.08139822785855937
0.01298949578924795
0.18757773289204221
0.81049522049087797
0.20885666371528994
0.72400148195193059
-1.47472015289609715
1.09593952863751887
0.93966348148685708
0.22850699152425763
0.82894612315530114
0.38206739781424282
0.57538856366289559
0.52438419459174823
0.45988364915516716
0.59795875972469892
1.06954566914179550
-1.42046018168507815
1.07468660244919345
1.30114709365625725
1.04043703757875239
1.27129258730348926
1.64131498103783491
-0.73335209986547389
1.29343819477342792
0.58719638284432141
1.08973200321947483
0.57057292503742618
0.91297778742347080
0.55708663588812102
0.62915941467109615
0.51298351119522634
-0.46765713778177531
-0.10966747660100162
0.02311101112112754
1.21447157875297762
0.14339362778040821
1.10612681598583973
0.04074305335206407
0.99096139300554520
1.58643195860460073
1.49352606268483035
1.49663922164171259
1.34680735849687272
1.92734157524706129
0.31514998785306381
1.35626633209033653
0.07513500035414632
0.82700936588707463
1.59554118576442350
0.78890497445673957
1.45959161253478453
0.84851424537108577
1.23843058699790176
0.94367605618367245
0.94771092133761703
0.85129188542688261
1.07387807762475829
0.31431038421271051
-0.22291924253799142
0.39088417778473961
-0.10388231520199007
-0.25801789544742398
1.10735538115831722
-0.25708075418858045
1.00342184388555999
-0.35771435682760327
0.93400125445087934
1.47753415322816961
1.01034579343828268
1.63374089398353317
1.54721997756939422
0.22580271514233660
-1.53820580350093827
0.28036195801218827
-1.32436073164181645
0.30226027428967028
-1.25796236850727539
0.38632941323351372
-1.03154276106371179
0.90597208676991881
1.17330155154991367
1.78376496814160723
1.27916654766783222
1.73580195442775476
0.94886134053473270
1.48578089542112424
0.82668176978876251
0.67575736976267153
-0.85947139548623341
0.34165439397636505
0.70931697742869793
-1.26318325559996936
1.37411963297805273
0.14958411468095317
-1.25240400235254001
0.15749890060738603
-1.09563001724973086
0.12303297220103981
-1.01206237175337543
0.00125451839254345
-0.75208623832888488
0.85603496011125746
-0.18307460580886012
0.81624526731867930
-0.08740262750341776
0.71500728872141517
0.14901753797154862
0.80533746233564385
-0.05647717186023139
1.91782237549577461
0.33395872043459235
1.90604181116689664
0.38012223635106218
1.72317713366718417
0.34566444101942795
0.91675675843212889
1.08336412360926237
0.22647028121420504
-0.38085312319320408
0.40379481874275025
-0.81422722122027347
0.39969184152604076
-0.78596564613779729
1.06438048747200109
-0.81638283550707869
-0.61556539097599183
0.17980790036638319
1.04924476807666234
-0.31388052279391288
-1.32281319596937141
0.99878648919069601
-1.15219180605679350
0.94233890115639862
-1.08711004503245778
0.91903038513522284
1.54330275675654560
0.21809122866600436
1.36609059393181997
0.95707175747556950
-0.42852931793638066
-0.50030829098799268
2.51878215109863524
1.72383711248162275
2.52540409612150496
1.71955544338072519
0.25993975426505045
1.27970736835782639
0.72116716936157155
1.17580189776111532
1.62845913471582726
0.02750606000886733
-0.41034097937491271
-0.42145911528058333
-0.81426990371574026
1.10734328123139325
0.17415061073698909
1.76072121325705222
0.18111457297016825
1.72745279912788718
0.17749481298004252
1.40628844675855569
0.17440112190848978
1.12202523269059684
0.17089531498782756
0.87551899981413905
1.06197530614790403
-0.24591259697125478
1.90233033780084138
0.36464282126674163
0.37762507363551845
2.03778527087145678
0.33396389629098122
1.87781337687229111
-0.05157802607093515
1.37102769221749332
1.86490896958078367
-0.01699658760614651
1.84807155498155495
0.44233847139967353
-1.08413324275331346
0.82655395883666993
-1.06118775364344686
0.81415120081045467
0.59393856574740389
1.21338761540826479
0.57822994878313427
1.14064947891488133
0.50936159521823865
0.99595047977932916
1.96573127780587265
1.28205155374584656
1.04037181186531824
0.05219824270706311
-0.08387299545216116
1.55333986932674550
0.29529429260358836
1.44344130368128343
0.02748437984273565
0.05562732891372717
-0.06113897775674740
0.08757759869675644
-0.27113795489878295
0.21344211053501300
0.08786104011642205
-1.07950695465509261
0.10519073991017697
-1.08669128861772202
1.38455941346271771
0.70399349160538160
1.38643448643280554
0.70540182518930516
1.22848314706960249
0.63706963864321464
-0.04254176986803312
0.35210440017924588
0.07108406045097757
0.38273714149873023
0.11550710627294465
0.81052011148294600
0.14463282063268412
0.74512077260341802
1.22214146437494176
0.15893331766042826
1.07081154575371817
2.20855802380787081
0.93862313896568372
2.11033445262676711
0.35577957593539355
-0.08477801055449624
0.37693515223374457
0.05533545038588051
0.36646160132811817
0.13386036564998050
0.49319569874801611
-0.05981974905687744
0.64715432929832062
1.60357263712383724
0.75840462483118654
1.62945994311968700
-0.54978917453684450
0.64048287735743004
-0.80236643722227685
0.65287820172242794
1.51985069294631892
1.30774320773239983
1.36868296871658246
1.23979114490461639
1.38417219032403782
1.22599007660679526
1.27487746695873749
1.02078160436125698
0.19733723302262116
0.38888884396375512
0.94890855368888538
-0.68349135689867768
0.87753882143657436
-0.61268579685807789
0.76092184638895155
-0.45748201903595015
2.13677233659477439
-0.17902750975686482
1.93580514522727665
-0.05768578645278054
0.28484417261320077
-0.82781638747956399
0.59444819561805284
0.20566127458894987
0.35959354578859437
0.09645363705057811
0.22447070043289977
0.33261590455405049
0.11442991909827996
0.48477625759561621
0.07768978747305222
0.55431175775537322
-0.94623105628771742
0.25996646010061891
-0.82986275971678092
0.32471848681739379
-0.74037004213076363
0.28299883336461812
-0.60931582249709137
0.44654848190226315
0.26507112954753537
1.63090973838655318
0.30385868336110550
1.49447845189174444
0.29418426578856338
1.38253092511100051
0.34340310568117549
1.24348654740099018
0.79212297569975532
1.44965100198211694
0.84153440524938705
1.41585717617600348
0.57625068305354954
1.30498543358909957
0.07762567193092118
-0.10118067160091510
0.17922401009830877
-0.02836394471119498
0.18886720487209424
-0.00768828702358119
0.30393397118975513
0.09429909549568352
1.80115627888561081
0.98164985282839456
1.73153767141242509
1.15531593801196575
1.67122393957654891
1.02700328086830894
0.46816943519145049
0.79507697950496514
0.41777297280450643
0.78636125716203931
0.14858996375873312
0.56011900988959507
0.15448469913427068
0.53514406556579575
1.33326905001241602
-0.88457647517628790
0.58241032520983715
1.02235138008144388
0.75804481653139588
0.85480285783393428
1.00074594244883230
0.81349477949682414
1.27360548297462284
0.76773180958245213
1.47423018983411258
0.73785859869398107
1.69345560719654031
0.70292988412387325
1.72833633322833080
0.64033727673720087
1.70799990804335189
0.47358214714627633
2.18412011689843899
-0.20923802901405669
2.17292481469897281
-0.18618789181378653
-0.65933861190643073
0.57203372382826945
-0.58812920528318535
0.62328610999785761
-0.30409902282531309
0.09258629146797293
-0.10134714760284234
0.17608973189724725
0.03073420653952599
-0.48812688629307371
1.11156967558790543
0.32615666175063379
1.61507158266116502
0.31212209808067676
0.08158494491808518
1.77320418757115261
0.07952267529862848
1.64156857016739410
-0.05799507784617024
-0.40790532896120790
-0.24470768876995197
-0.06386061222154497
-0.30743017841291093
1.19285140639130183
-0.28689747075211908
1.16732702380710385
0.01782717634289462
0.85591692351488724
0.21820998751494819
0.72157825630466943
0.36530076746875217
0.95160716959147928
0.45742723865211221
1.16955461750254153
-0.67261613424905331
0.16498446301642086
2.13163838948186823
1.66964782399299105
2.12143686700591561
1.65342486776761977
-0.45912360249267187
1.75035691968182916
-0.24142757708921075
1.81408928987920826
0.24780629639161503
2.20386490387195755
0.26024541397520840
2.05325540530533956
0.23959508015451600
1.95697713913152072
0.16550055548615811
1.73260904835613849
0.09967965099835566
1.64748931612974769
1.42380077036595476
-0.42416372724548429
1.31777260033706956
-0.33616720887150309
1.24291124780469620
-0.30978399102390913
1.01235829381624765
-0.23900420057000132
0.78656080942664686
-0.12373101608520565
-0.45886387331789114
2.05905489427528243
-0.40411544134262611
1.92549770276693755
-0.38934701333201766
1.89283577619252141
0.57254975264505548
-0.77433642600391606
1.16589885893958911
-0.13729901493300803
2.28673538279357169
1.39251346664571574
2.23619525669917962
1.38839943192455983
2.17059115937673530
1.39570468341365816
2.09842303924744966
1.31180924867463400
1.99733102223390291
1.28562352004877489
1.90112605124655021
1.15017330170945908
1.81903295662801656
1.11988943670992791
1.73451271740334612
0.98037114499629230
0.61425688395563649
0.72639016198388084
1.28518061088433666
0.20549653012387481
1.16151360852053642
0.26588766129844260
1.09510870772082791
0.23261131655097922
1.09165602964524644
0.45786821642256315
1.07628129231733460
0.57052217354693102
1.03145029876543060
0.77763066031526829
0.77050655839837956
1.71168865324443087
0.73670526134281000
1.70223224367787784
-0.04858336271522076
1.29503362621346452
-0.48858180388046679
-0.80919061290007421
-0.44080573418029351
-0.61779629837221572
0.17110285594120261
1.39224262136892163
0.76116507894400831
0.95585520301861526
1.46761462973987133
1.61125993362142927
-0.28111109490476266
-0.30883028917958433
-0.17748047221944535
-0.26743648424044325
-1.09083991863129959
1.27872212928706186
0.30663799099339961
0.73268347211441476
0.24846177334636782
0.68107740568356523
0.43892740290450144
0.73073468194131053
-1.12819417973607838
0.96568786481954560
-0.39612888276558311
1.38474585500667358
-0.42557434403253802
1.00853125744511019
-0.40693957060464819
0.75923427566502655
-0.38840126127912372
0.43162637528535630
0.91301162901602606
-0.31037498054427010
-0.20163658723191571
-0.50371710860714858
0.69057273997271140
0.36374705197364837
0.54352361766450896
0.37408399673736809
0.26876779323982097
0.36571772223345245
0.21518995353265510
0.47325248321320923
0.05297205364976057
0.65108806780824358
-0.33251455923886669
-0.74229776352714250
-0.24161039075521357
-0.62596633797223100
1.14271947143079311
-1.24270265750987274
1.12090173980198471
-1.20595420068255965
1.18321997307822446
-1.08271442876791402
1.15896685572828528
-1.04604857221149339
1.21999789586098850
-0.89631161238592838
1.41228244107771328
0.04834055999744506
1.28097429767548388
0.24524319188029778
1.36356205277044129
0.34594541230218301
0.56792930288373356
-0.11473832749610184
-0.12862684064550006
-0.36622816783235923
-0.01684940779547421
2.16840646614258459
-0.00616094596198505
2.14422157067624397
0.03934891216863824
1.93358280732218080
0.02770280903903503
0.38058194371884646
0.34448750046860582
1.32000451160542398
0.66382118598927931
1.57237910135890280
0.52963142072806446
1.43068220244177202
1.59230063700423163
1.40755792312736649
1.42591957358894073
1.31361301929633512
0.65220855551947998
-0.39896107547426152
0.61309181259665324
-0.28895794781850842
1.57100766554165339
0.85107785941871794
1.35533019013520040
0.81271727598827559
1.31183791784917170
0.79829582921630460
1.13099369592046273
0.79042082581465278
0.91603157239043387
0.85542131789903797
-0.33757240976594027
0.93411652435283632
1.89973164731943922
0.46517308051909051
0.54404921835309594
-0.54567876070289112
0.51303503366503711
-0.55399307896501926
0.56412505002114022
-0.40868760495836276
0.61679052022068392
-0.31392421998477638
0.95277772895328872
-0.15864453809212464
-0.05144922961584857
0.24699532351245165
1.39004549539128397
-0.20857157704669965
0.75758510804020318
0.40139985302277775
0.70988438725169800
0.42507825821314588
-1.08459517971905317
1.29305304044676173
-1.03042839172757361
1.26926936312092709
-0.54465237827143376
-0.59841050447876376
1.56949726526757027
1.44074160260091255
0.28347418608004799
-1.36106888165464701
-0.05614095437541844
0.29656527687473516
-0.03628327082708896
0.28662473764236535
0.02969622275914671
0.13956228814015717
1.96059089147319332
1.54774701416781602
1.83186698894775346
1.48607599204128316
1.76067471502206208
1.47818578739498152
0.66402887278210543
1.43006609817917640
0.33718834926515895
1.44996221196984987
0.36837410603152654
1.31851461556657523
1.12673682115585350
0.00159356298540146
-0.07100432551790109
-0.27756656829031234
-0.00332137084645998
-0.14976441646154870
0.14541357733432392
-0.00119221737127267
0.45310176135106972
-0.22815906123861346
0.45768166841951918
-0.20761148620739830
0.63600635701553199
1.00066383435834605
0.63149568814988888
1.02522795135456457
1.86327075783095442
0.49138448979479199
1.69294930907635877
0.52941640515536226
0.23991092467145167
-0.46567683978148083
1.39405648330866971
0.22622861169779976
-0.45334419696034800
-0.38187513494051117
-0.42847228180322627
-0.35974092417371079
0.85996332720411195
-0.16686373947295291
0.98676992743950687
0.08918663445371179
1.52009216740628172
-0.67573903859553319
1.53447406753068849
-0.58146993428562332
1.38589990481079028
-0.63471627789311680
1.37078507925721649
-0.64570107016081113
1.26898288920698099
-0.68892264005589166
1.16322654476587095
-0.52588252791958678
1.12106525878094931
-0.50079269021453465
1.01613178481288124
-0.35523501890230358
0.21669781516645339
1.64893169483676671
0.14101524919099268
1.60917780696413382
-0.97833160504824213
0.67171402293813764
-0.56040697394098782
-0.06696037723919970
-0.39577029457560764
-0.42792261246664087
-0.39427433683270602
-0.40279830763769736
1.78918649312412081
0.54029095105074088
1.68442914221150208
0.34858794909132707
1.66666794114334960
0.25309159454003122
1.49700943872981895
0.09124415583397394
1.93603295127902397
-0.19918070744331468
1.83238269193870318
-0.10239164905162626
1.78803711888649741
-0.08073266881274267
1.75366960581350262
0.08290508299869379
1.72032550079353652
0.11553714708537684
-0.49945192633000735
0.57771618094337196
1.75447085273238135
1.28711902105464215
1.67777442507428853
1.25636829254817139
0.66879133311136574
1.23288165958719409
0.65028630494849293
1.08102404200081059
0.62010814120667201
0.84811896812568821
0.19025876278549023
-0.49043041958910882
0.18323062784811303
-0.44211996329270997
0.15342863106336324
-0.27155293329000307
0.11881000717088369
-0.15424385843722815
-0.41665277062677775
0.19751783402459455
1.29122860697511666
1.41761860221349312
1.20251451747635385
1.31221402221588246
1.00181427658055666
0.89614177446551979
-0.22842854197196333
-0.98170101363180029
-0.22453134536080888
-0.78564434345969025
-0.04220844577433282
1.40027088801381394
0.01052014572798019
1.23556531450554674
1.07297633172726559
0.01528268198275248
0.85904660374717312
0.08157175894087265
0.62571672534965073
0.18464301092907126
-0.24273377029883325
-0.08840779904950269
-0.13998439469900203
0.06674449894340705
0.12816058462914992
0.25775832310875690
0.30201390876347489
-1.12671010223791090
0.35376937163146144
-0.99609131610627288
0.79926172877395063
1.63211730739077843
0.70134158718774020
1.50571713078813918
0.61740280935183256
1.37983678835819568
1.95710777895882049
0.18532470427378167
1.81109105717152397
0.25448047692531600
0.96114022082679440
0.36724530868553762
0.95006664821419928
0.63790458636678982
1.06125964409443529
-0.09036114531043415
2.08946899081079795
0.84358725781516020
1.97365071899937372
0.77103402084339268
1.45592192819211341
-0.69784514097382500
1.43948784030647303
-0.65980138314448311
1.41674636870714910
-0.43037172470377927
-0.42155726333499161
-0.49213415787047454
1.55322974533595115
1.42448589086970090
-1.46385702927468397
1.09280193991773111
-1.38822145856198764
1.08170344030121468
-1.33366321566419344
1.01891140810180536
0.05533826549755545
1.87228203949897498
0.11740126301557845
1.66918589964971953
0.22940545082258185
1.33107735551865325
0.41098709792750387
1.58041690449409788
0.92173419450890615
2.16389746602966815
-0.43044345732829281
1.31133319472841037
-0.33324704362829682
1.19180097897233184
0.54647763939287997
0.20383379299484017
1.56974356595530629
0.82560877193189286
-0.12574702946463620
1.05191136501888205
0.24023955684825135
-0.96307553141278612
0.34948061388552659
-0.83028342245169384
0.40203961186392828
-0.78096933064323903
0.55653190983296896
-0.61924221282464753
0.32940499600482143
0.10399251596347367
0.05143508504427469
0.21835109081440601
-0.54912371981059938
-0.47454848181888409
-0.50143244131644771
-0.40536854465189043
-0.40806790370184298
-0.24201291379558898
1.12310763484055709
0.73496048820871163
1.47711172062523088
0.28600235676665764
0.44080164050757481
1.19536830610525735
0.62544130217709215
0.95228065310510046
2.48659066527147488
1.73949759892573952
2.36171345863351156
1.66730264816707630
0.53282103059463781
1.07890896618958787
-0.35768617748684656
0.74606001327825977
-0.35208143100468636
0.75395417796805542
-0.19102280627468848
0.72378120272815660
-0.26175463959975487
1.15157862913355435
-0.14721668018704648
1.08921586601862019
-0.03072991527395418
0.44919986039672755
0.33798821642679744
0.49474366695860456
0.31788034807759791
0.52590924862864263
0.37252207742709220
1.33189133237451962
0.34831476225005886
1.45569092726022498
0.63164546189868553
1.41970279395909982
0.87814846101889887
1.33692987425515941
1.27202456245929874
1.17618645079654227
1.31047389829623362
0.87579537075924396
1.31493969836122604
0.48674361595862964
1.44709075327272640
-0.09059908697870908
1.42593814706674205
-0.07893752570697019
0.19092267430383736
-0.89258140660380847
-0.42468700318420988
0.01345215250177629
-1.29899113804172095
1.36160268655181160
1.44320885340310046
-0.38535805171043025
1.38742345154479696
-0.31525674192534758
-0.28706945264915623
1.66916565599405509
-0.17826490555186739
1.56645662016363141
-0.53088176318674773
1.09811254168887196
0.64237985938332287
0.64639040799563552
0.83858176680178564
0.04520422432264921
0.22328318676844428
-1.00504559389054493
0.05708803663670209
1.35414283129208490
0.57038827194611263
0.83168829075511463
1.09991702682557801
-0.84946844234261110
1.13561751219377305
0.27231834131846921
1.46982974443561787
-0.53443158936240598
1.66671953232391856
0.99596783673268796
0.09723659360544762
0.69363925189741860
0.88360294603208944
0.60148166678663340
0.75319430219036154
0.73316490974049986
1.67515663236017209
0.48911439745717350
1.63370996916896583
0.51860964817014643
1.45399107062499255
0.69689182645190095
1.34143064060572392
0.85940058512220840
1.10316278492160502
1.05687376946057254
1.27930356466386508
0.29168363064171249
-0.23273750292984230
1.00657627448732656
-0.17799952527607224
1.19557952407602763
-0.06130417008635199
1.34227827915841380
-0.05092847955407473
1.27011446462789790
1.86611950122045234
-0.71390509777636801
1.81957453775752453
-0.66314159609967960
1.75094743052471968
-0.62665505927138387
1.00871673417481600
0.16980093959143283
-0.38179598595843756
1.06727358502974257
-0.35983003984841433
1.09277542126246896
0.08492928722356921
1.63138440563223197
-0.66985110269421821
1.03420284849529809
-0.62125921817903806
0.98789594278313686
0.73407731250453945
-0.48096834400006344
0.69742035300323935
-0.46929289146798864
0.74062472409453040
1.39523874062145103
1.37273132909707263
0.96668583022666477
1.38244994475694938
0.04057778213214763
1.29007175322275147
0.07490448874406176
1.01175259863965183
0.11855448847329698
0.84862878691833976
0.16082642103120234
0.54268561519500158
0.22372405272547280
0.18837905067881275
0.43150148106936670
-0.05151346575007175
0.53012651118119969
-0.33179579913578883
0.65185064456602515
1.58324775400162898
-0.55683408126268563
0.83145327600649765
1.05421423993395913
0.85136062232318011
1.05427777804220102
0.50514695811041244
0.76581268903026345
2.08244252898050330
1.29049073124194646
0.39366466187650001
-0.00578286445523132
0.59989216358178765
0.03831104093785787
0.78411575616056606
0.12018380180698675
1.03545485513863533
0.33316282116925433
-1.19865904617108820
0.81862462027681848
-1.04722597213557744
0.80684412636484037
-1.00987342322027351
0.81699142527137603
-0.50405359502408809
0.59073195352467434
-0.06666620862992269
1.29721014950329949
-1.46322264237302568
1.01352157757450367
1.35971575872493000
0.60409792266846030
-0.44003680529653233
0.32748333725677037
0.11506433437924166
-0.52893649429705747
1.44840036877079936
-0.64256507531415141
1.64223969899166300
-0.28148656943911604
1.55553741987261085
-0.16952251371442056
-0.49651626360108947
-0.09096602616211222
1.48579905823680614
-0.01918683619485279
1.45577112746868131
-0.04197341260245917
1.40770527821347091
0.12659594272044139
-0.11806656456212679
-0.02472777642745751
-0.05464293409050115
0.03973727240641597
-0.08888002848336814
1.09134209325305020
-0.93192027466640281
0.36596767570923872
-0.78242483083567926
0.37717872782288442
-0.69670393378082462
0.35658466278089290
0.60613147171265402
2.61854824157612942
0.32770939056490067
-1.06415393716364415
1.76458542498479942
1.13929372183431177
0.22571565612823966
-0.54154844338618147
0.25303645468768871
-0.43607388464897423
0.30843749615977745
-0.22623092681183854
1.06959778810717832
-1.37377444290756379
-0.00951778578886633
0.11627200983167900
0.07682239490468110
0.22938557997839890
1.64931278418875937
0.40359136470697693
-0.75756587250662089
1.21012402766609450
-0.63552044095031990
1.18412727239333448
-0.44067874759725689
1.13296101007630301
-0.25566953926644259
1.13941813039128759
0.03265025612141449
1.15459387763686072
0.02102267736857151
0.70687866660751597
1.17420633937715424
-0.98681483676455994
0.39287620755635300
0.55821473342892203
1.77291987791585726
0.54788640002090705
-0.10528494611613264
1.21604847129059901
1.28614535484603842
0.06173239265204417
1.23027988900781193
0.08202638526389497
0.71019061000110462
-0.57612922356353535
1.05868227595731002
2.01238131558294064
1.04185571141860844
1.97054379906314070
1.07794086683160062
1.70155986018442351
1.72071049889769512
0.62682629150372560
1.56942974989205153
0.60772909587492385
1.41220570759732111
0.66407122168055865
-0.51107047621098101
1.27816739868699281
-0.39673360155334575
1.17603006369092666
-0.03834232098265841
0.61350275071203375
0.13115295020697168
0.65387448539900939
1.86758810539931241
-0.63861238192803449
1.77039179671469382
-0.60311367986982645
1.70266634047007726
-0.52550576013029093
1.56429855517931382
-0.55920185877935413
-0.69144831114570504
-0.69916888964878532
-0.65995466603772668
-0.66623263850075432
1.50059377576832964
0.25527350177188224
1.35753645724705585
0.29963938605272417
1.29531828519216186
0.30847647883510848
1.14666303574768280
0.33451568229786310
0.15355291175469815
0.50307223191381778
-0.52896087957299120
-0.61825937525765695
-0.49019441934011981
-0.50469683816440258
0.66635576897603643
1.17076969457220259
0.98239852717201892
1.46959695471394580
0.92143158264316072
1.23991942542986644
-0.55810793654733115
0.47608869626833278
-0.42208325702110416
0.65259496846509557
-0.31923619109926515
0.76957477566338095
0.68796545902860817
-0.42762635087880807
0.67593681553188401
-0.36402917270242025
0.48971200995254149
-0.14598140789156736
0.39842423022247114
1.47945439425486391
-1.53726085524279243
1.03228253527824210
-1.45328069325753950
1.01763559025655481
-1.38155265443898290
0.95665943419358290
1.43750222679557416
0.22859272017020071
1.42699198729747101
1.62420949280056259
1.34131298363822560
1.49086892294676998
1.32710095502602976
1.47509980992029610
1.38464707198986736
-0.25229267087622442
1.26336436626085580
-0.14293872798452922
0.32068220856011614
0.50743663917834070
0.36157741317495484
0.44293174070375962
0.19728527731883200
0.67843583790851703
1.27480600043214309
-1.05933101095241056
1.23359620276194226
-1.05561303531256701
-0.12565828344562413
1.05785034855198390
-0.79728927545967143
0.22238257174823467
0.58152269363461007
-0.13591995189762268
0.56113519978472914
0.09576795597454475
-0.28563409625355646
-0.91000545830282287
0.13617568755292503
-0.79242250645951728
0.15701163727502915
-0.74634248833580341
0.69969687047872242
0.32716158645321491
1.60504414025636777
1.30008949068981572
1.55529435934462756
1.25933360885758505
1.53794882122762355
1.16234129629778726
1.50532815574502976
1.15199163521554504
0.34592002816418249
-1.59403758366623527
0.31728193572756791
-1.35946092966116416
-0.05049598357439930
1.84353342909862472
-1.23984261311827759
1.40365748192190165
-1.07384497768542886
1.30639394753630955
1.00433645486486567
0.31670218911681874
0.90160492400173520
0.32776641883116125
0.38615306342417777
0.00353365567341590
-0.31168336010660891
1.19009720924237383
-0.11679475893745998
1.09023338937630698
-0.01334301324287637
0.91278572865790841
-0.33545804425397052
0.98517986704568294
-0.49972490933059593
0.16140146620504475
-0.35421149975139055
0.46466258835973406
1.05137899426563086
1.12552623414018149
1.00823108916644477
0.41964775523642683
1.38778100850580266
0.05081343232936987
0.14624557009014966
1.67717693487182529
-0.91212841582657678
0.20400239981187424
-0.85433398152887285
0.21676595476035904
-0.62105049546443469
0.27554767061423202
-0.49556531719010077
0.31282662208745354
-0.26433761871352568
0.37478721570748619
1.78157952745612169
-0.36033326235018898
-0.04427916335419916
0.14603623705473526
1.79566353197678708
0.88438424489155787
1.76795255910923466
0.88605276796898469
1.64454278591062741
0.74962361472518890
0.31760363694599930
-1.31637788443950465
0.23992686453832471
-1.12640173537214250
0.25663305956033639
-1.06274770181927147
1.43193014643414829
-0.65483745951175121
1.47308598846343575
-0.61823431197115264
1.22802318104646746
-0.52077584195108184
1.15125751480112282
-0.39686356425704616
-0.79236656835415564
-0.36380642221261844
-0.51489994725137633
-0.82943795815585664
0.54945982888940192
-0.04827997365413646
0.50316866741685218
0.12308185537396260
-0.11510849997042574
1.73669053931443607
-0.11082566680383113
1.70237451205237056
0.04691144114679525
1.61961631181198884
1.63457181244356686
0.53839648776705862
0.67131462216717697
-1.02908070587785083
0.62707424569492565
-0.97934279645710398
0.01426276769886609
-1.29350241060807369
-0.09913941525127580
0.06764481893416305
0.05444137369754026
0.15773036499016996
1.96909393751872530
0.57078484213886649
0.48623171419298755
0.27631813998921778
0.33186477668724257
1.67988306103979479
