0.43034410421261543
0.62795429718344620
0.42983926916293391
0.61348942545975771
0.40844603642756783
0.61732007345871032
0.43867481411404985
0.61276225605070089
0.43620375321163407
0.62224075798740686
0.44274266619281349
0.62987367551526774
0.38976864440534442
0.57299365215120668
0.42729232007262041
0.60089377728850379
0.41614079549001387
0.62055322414642933
0.42397317541683366
0.67146953115699204
0.42678413117116715
0.59106389887991562
0.39773063012506837
0.56472188111793031
0.43200435566175194
0.59209148092389396
0.43348948164675993
0.60217950215088367
0.41014993261465671
0.59865548603267404
0.44372640666627722
0.61731065856279599
0.46305583985073578
0.60946892284978615
0.42883484628473861
0.61048893252881464
0.43676966180387167
0.62303280025393304
0.43538187554405283
0.59900067777455412
0.43142278187761196
0.66212534942141898
0.42116803915064654
0.59708973696950796
0.41837305044766382
0.59404502697208272
0.45004701245490786
0.61230529885135143
0.44310741779677937
0.61331926240912393
0.44268748648510570
0.61072756767373315
0.42523231560176922
0.62316120375191342
0.45036703588717203
0.64690623785568213
0.44393111835640736
0.59143476949156770
0.47235633522516746
0.64577591354080066
0.44308232560093552
0.62256226782334456
0.43838886780419095
0.60275664655391381
0.42086549776991766
0.61355129773352246
0.44663868204950652
0.61636481838451351
0.43660990808923017
0.62038776568148357
0.43897881018471663
0.59504328049105981
0.43682295245944674
0.60736161981090908
0.44086549297317790
0.60950529332713788
0.45311337674959795
0.60744848162133547
0.44842360672419307
0.61239707380062913
0.42083772665361263
0.59523904805834482
0.44425632137373783
0.61414568616246690
0.42449303918928971
0.62743709314863216
0.45402574692464603
0.61508593219817165
0.49917674985795407
0.60317433256500053
0.51370029765479641
0.62047982029814597
0.43259310088572100
0.59855547138443543
0.44809150291535199
0.60362516858469051
0.44368331680912421
0.61590214868021664
0.44372543803229836
0.61045574057190843
0.45135718827745913
0.58236632483583062
0.44170646061229935
0.62025187223674882
0.41650608856672644
0.60648097533714718
0.45281941393523645
0.61601663874493473
0.42190537493029245
0.58544308988838445
0.45330211983948904
0.61766796986966599
0.42448146300730555
0.59454361248758902
0.43988681743874447
0.62557528752188030
0.45774358544588384
0.62440887899136110
0.43096277916947773
0.59005344384347658
0.45173017447368385
0.61195687786358599
0.49710270113095079
0.60986584228999685
0.45384336513343765
0.60750668009383568
0.44847047342026702
0.60553246876531563
0.45608804042937218
0.63672960326005956
0.43329174609464172
0.61973113781407929
0.45615371559899115
0.61631166952324734
0.44371883095002629
0.61002136530224182
0.45379098448955546
0.63081273659920645
0.44975814814585346
0.61473119631199191
0.45384585473778405
0.62041190187211093
0.43710297246723750
0.60890745343538544
0.45311536948851766
0.61026099053164207
0.44569269172880988
0.60646432378179504
0.41705458128974288
0.58753878681042582
0.44716290818117221
0.62236051574186768
0.45272907183931499
0.63881448066850921
0.45712803316418349
0.60968443070112066
0.44548217750404279
0.62335725769534556
0.43867857793063308
0.60870090592294168
0.45383948459718704
0.59578002565781851
0.44584250296832734
0.63768402539860292
0.43938825488606470
0.60375795286908951
0.45584685717074580
0.60950797461809070
0.40591561052595571
0.60577120119450678
0.45158237281334651
0.60552361883524708
0.43734467153598255
0.60631587765922157
0.45177551246236242
0.60444160092689603
0.43671271723457800
0.59825191971694824
0.42043367464983716
0.61479244711918557
0.43956024389038950
0.61111727639974589
0.44128113311565115
0.61466887818394433
0.45115423185086612
0.60894513611039003
0.48065360638787974
0.59962030421784240
0.44787720489999611
0.61670663816035531
0.43149182552286630
0.63162807962994794
0.45376021318301218
0.60763488385581887
0.44729686070784563
0.60846469795687730
0.43610926053662435
0.62196113547629683
0.44512304117285240
0.62159810647603486
0.44163592582122430
0.61248334606076316
0.43378078950763921
0.62387129182621859
0.43583760069368888
0.61053785037155306
0.39368580683351839
0.56688940102793128
0.41327103071480947
0.61553539657383716
0.41805436501712401
0.59936810795073647
0.38892824980943991
0.57765441178275523
0.43204977591204935
0.61959576105522107
0.44788738161826958
0.62825471681165979
0.44438659587711704
0.62366237249527667
0.42169430095550220
0.62545754832547729
0.45453825361525929
0.61475237065523514
0.40641770562497581
0.59979457783011281
0.44727888165453744
0.60554985775904968
0.43091258885726647
0.61814560176301359
0.42997208092949013
0.61544719252037861
0.43509519315960138
0.61086345743558945
0.46394848413482215
0.64186737377858738
0.43155147375970732
0.61376004675484952
0.41678834417858862
0.57150866347377172
0.42296970831409075
0.60010571265021340
0.43148763389415046
0.62722963855599612
0.43642502800168537
0.61316273923598241
0.42222635339213055
0.60673064191123294
0.44254502571891829
0.62246056123372084
0.41099704537570703
0.60428223222994071
0.42578636168386363
0.62427433589042725
0.43683212709786279
0.62173596591202118
0.43034202739459371
0.62771962665721515
0.42119653649860911
0.60677807880626777
0.40349535523475688
0.61521248406616558
0.42422209342926087
0.62744512991242196
0.40778457620821690
0.62290998373982598
0.41828379455033382
0.61336434310263199
0.42839064504351260
0.61865935647127324
0.36806606147371140
0.57945986330131982
0.40217829125797705
0.62475434518455453
0.42903192867386519
0.64534717374877903
0.41366188938368642
0.62161719304163920
0.41618388717120447
0.62379227029153350
0.40925088473410254
0.63605030244037164
0.41247775061438907
0.63164099983593736
0.35763680034974710
0.64150880423300816
0.41197194555368155
0.61462620959943703
0.42151790443587911
0.63190678284587443
0.40650175933038546
0.65026822960995656
0.40513207775164273
0.62283342839020617
0.39843033556589758
0.62520339174776618
0.40974365719821859
0.62948785917228889
0.39765596755061361
0.64410809571738381
0.41876607766319435
0.63904516580256987
0.41478996999000517
0.62580945222581374
0.41158562169054236
0.62864510435051668
0.43122470768201515
0.63515691742876590
0.40766974254910482
0.63290070618682859
0.43406749865502031
0.63452838642286302
0.40684556110379122
0.63794159041699972
0.43290709753686074
0.64153586210036573
0.42357648206326926
0.66614392609607753
0.41123808817639140
0.63828524842758094
0.45172249772119272
0.64596127004719506
0.40782271833642864
0.64991094494447599
0.42206783280347332
0.65142751087259576
0.42679369928383071
0.64245355982498353
0.42014247420777640
0.65403446059539649
0.39531167235703391
0.64083067715442676
0.41917564192354384
0.64898196542367259
0.43089981609417416
0.66478371826763238
0.42371633804768050
0.65908180658053672
0.43534091073221975
0.64301358976178580
0.41641996617576993
0.64482062328139089
0.42231316875376296
0.66195159299995843
0.37790168700744542
0.64170987548958769
0.42651809410260177
0.67077554474913592
0.40871525167177614
0.62771755040315802
0.41331050828941163
0.66362944745760521
0.43571330075468007
0.65652637126189994
0.39995835606598917
0.67403554638504226
0.44018998695111511
0.66388471522712922
0.43274014110583042
0.66594378561863565
0.39964686590226650
0.65932212913121435
0.41917865523106268
0.67265569105897971
0.41293762880505702
0.67114542386954135
0.42755878642274658
0.67514837517815496
0.45021965063343777
0.65853300807128223
0.43929606305336999
0.66018395873312685
0.44542400421909611
0.67140227596592739
0.43502940342717528
0.67227280525616462
0.42637987382848230
0.65986585400979925
0.42726319364651361
0.68028257496339939
0.42294890241756000
0.67181018391655445
0.44496552646584908
0.65181424392748311
0.42869258731201687
0.67124216954638616
0.40551523296676478
0.66115211984374389
0.44583406661140279
0.69060279080074904
0.43249622678456145
0.67792830472328169
0.44157916906889089
0.70152020575948515
0.44864167673758326
0.65828275795626390
0.44852256050990263
0.64367040824732380
0.44991148508093981
0.63918020141921073
0.39865997110766094
0.70101475216120557
0.45051976869147159
0.65856905907075258
0.42854162316439159
0.69189207388006035
0.43806591273195089
0.66585425449708924
0.45066654002903767
0.67953245358975678
0.45643295326438549
0.68759330180045941
0.44657964237693304
0.68577519325659442
0.45694016395768794
0.68092055501101068
0.46974430562932307
0.66847776806375414
0.46092712215604392
0.67223030964661834
0.44595933836665330
0.66974545727918477
0.45749439110345941
0.71028906976545092
0.47865509998299682
0.73186831666600871
0.45487168088245944
0.68123308208950362
0.44083586293445010
0.67593520037383692
0.45605217187438551
0.66795637025086640
0.44549336349689295
0.67983221010374517
0.45416524597144470
0.66192814970856184
0.46610314986367990
0.65382404397805982
0.45114999643545023
0.68287670566159209
0.45406320382315274
0.68735576432100498
0.47954034927670031
0.67786794823672902
0.44684797363324458
0.65295730538433749
0.46575910491971506
0.65212220377981100
0.45291519204006703
0.69415247374104994
0.48199244892991533
0.68841005856185000
0.47556242853634811
0.66834346205467332
0.46252180533891862
0.69753355249367810
0.48425804412087947
0.67097105660200340
0.48949677315329870
0.66694789001173216
0.47075169734806588
0.69574297758534631
0.46556196240530917
0.65801207987508425
0.47248782819237184
0.66943011394634055
0.44576695068074901
0.69894069759211674
0.46310057958224182
0.67376724979836589
0.46093229249165424
0.67903841228824580
0.48023153623290293
0.66800867335057645
0.45844933982010155
0.64997014704375944
0.47069918371194386
0.69033115129339184
0.46178752168063852
0.64933300301109820
0.48730832454623935
0.67518348483077650
0.47644822062781261
0.67061020687268469
0.48600174418610642
0.66823673866034483
0.50888830821236630
0.70063246540653179
0.46634798920585874
0.70104008677671836
0.48792089697199992
0.66496698875749860
0.48723888722627573
0.66519958620379283
0.48475725999112407
0.68568408705431438
0.46315717337953005
0.69889660662571140
0.49963249611157090
0.67083688008229481
0.46446290504295551
0.66737442051869356
0.50196278729560029
0.69726301632160359
0.49898660709337056
0.67745131608319309
0.51127898184126586
0.71102798166619052
0.49225944988892523
0.66548396984310632
0.47499646689370173
0.67245320906576611
0.48618088245838526
0.66215731400990929
0.50172020437588949
0.73531386621798500
0.49656859690106098
0.67564541517721466
0.48557623637802638
0.66582977551394651
0.49502156967295796
0.65867896432364170
0.46815069536389237
0.64549183536675359
0.48092109177818831
0.71570913064862618
0.51879735954487416
0.70857121795093125
0.50000705525248657
0.67169977273927817
0.49130804558108165
0.68758816057681948
0.47528656071697090
0.69887566598139206
0.49453890475940820
0.68094486773833007
0.49599167956434542
0.68787571590277685
0.48913579320316458
0.68037508247319689
0.50027848476291825
0.67002348949044155
0.51348793232451306
0.66018797021905407
0.48071471614743905
0.65390369394292636
0.49726787115151866
0.66472321283658986
0.49470792168128591
0.68482513651735255
0.48755726853695636
0.67903083563671518
0.49599415069325059
0.69473957467277148
0.47676309045893328
0.65314142796514374
0.51726771689593254
0.69571036929016994
0.52453527781221609
0.69198329143575288
0.48001014378089035
0.69559221246366676
0.48869112728296193
0.68073038297697674
0.47326925966303651
0.67681639670496030
0.50181178584573560
0.64965538411891599
0.49912531520321279
0.67047320069834482
0.48151892459370033
0.67692578448410612
0.50435648893500951
0.68060421492450995
0.50776642169792707
0.65581852469761992
0.54960078658137468
0.72055018833066575
0.50947856970628291
0.65846978309237869
0.51805100075984933
0.67280087537834932
0.49035025311211894
0.70331723721296491
0.52039264809151553
0.67797354238389307
0.47945686823011102
0.67314558900448895
0.49426917014931693
0.66465349144932606
0.48960089238288246
0.64961114974719159
0.50371070226129533
0.66692150257388050
0.48580222626852509
0.66614349602936573
0.48755666416071874
0.66106506669676635
0.50836807881619850
0.67529382759810697
0.49803202126769452
0.67512586457132839
0.48493256359311154
0.66279388841634035
0.49904556564590641
0.65910666323999734
0.52134726398591891
0.69771256786524938
0.51806131374540176
0.68399862446507753
0.50658444830714866
0.66734539564573703
0.49352288896543506
0.67839169223357221
0.49151874462827339
0.65234307038434980
0.50664598462976917
0.68690394148828682
0.50238102260338557
0.65750760897210325
0.48834688005644999
0.68459677240324468
0.50983295587896116
0.70769669605777474
0.52239356574158902
0.66925635976719522
0.50567740694473429
0.66284043683178473
0.48076450702068507
0.64835467935012459
0.48614074178283656
0.66920467136995510
0.48802659100176160
0.66713875543071866
0.50339518953831264
0.66016888401486662
0.50843894255730560
0.67360535966186441
0.49083379806567473
0.65490155179741083
0.49674835297435421
0.67010818176882947
0.47571707070534225
0.68688130511912593
0.48282198228897955
0.66194274926728569
0.49418524757897608
0.66549517583334716
0.49009224789980249
0.66950615825499227
0.50094651774557653
0.66641836368928420
0.49587367646802533
0.66088640991488223
0.50447958636476331
0.65348882663585262
0.49081537333735292
0.69475366536608718
0.48873175763206200
0.69861277878516292
0.49166881780638810
0.68741343077686590
0.49252559810312541
0.66459806912438679
0.48285968831755072
0.68270846365929450
0.47440291675772311
0.67484989566946818
0.51724566239345438
0.69353098284291081
0.53488033437681692
0.70491971334145298
0.52129675982163926
0.72037006794164637
0.50066291322786272
0.68044672082267821
0.50433289181886443
0.67766414986655843
0.47674838232559574
0.65693979522873536
0.48336826459609183
0.65677169161825655
0.48070159634414572
0.70197228681474078
0.48222290171817023
0.67780214450717013
0.48469113014004195
0.69602341741794349
0.49259021215732823
0.72682473090934607
0.49439905803225948
0.68592105180471385
0.49172581738638782
0.69273710228365259
0.49981428286989155
0.69642552630120858
0.48926020177636981
0.65974335046904375
0.48330589068978841
0.68965902796019241
0.48036744902287226
0.65874186817234370
0.48925792099629517
0.69817026389642078
0.50626027860424405
0.68079342988925862
0.48464551319259630
0.68159506599643782
0.48866728878039278
0.71545581870282782
0.49245271255116058
0.67919619106643658
0.47412542047473044
0.68834443634359743
0.49095437600408715
0.72048660231855499
0.49314023545599123
0.69555773616169880
0.49734015464190728
0.71070303272573809
0.48122524550197537
0.70362775797254440
0.50375901785490673
0.68430628078001510
0.49188334065285588
0.72087363336079613
0.45477795586707559
0.70311118931712036
0.48082757936482856
0.69014928996058644
0.47519489127397502
0.69172860992752683
0.49189278305786821
0.69134630446867518
0.46918934139930379
0.68655435922401065
0.46628666314063461
0.69917437474781829
0.47857879371939327
0.67527145872396865
0.46704339249700949
0.68184772191647502
0.46459052112119842
0.68481359321177449
0.47003736284039394
0.68998724275194334
0.45737272637306559
0.70010874301432513
0.48108137635746945
0.69973469710302361
0.48481268367367342
0.68355384305483069
0.46333242244980483
0.67900333889367293
0.46408022238590907
0.66162175326523631
0.47027446763085912
0.70568694272677424
0.48369654760033037
0.69976821061541883
0.46105592924181971
0.67379189205550427
0.46245178428928158
0.70686098289524302
0.45840047114149762
0.67544935957188545
0.45869292790802424
0.70408353769440124
0.46799370271476387
0.70053298953326926
0.46194746132723030
0.66846903454213158
0.44217633179184135
0.70256646733977535
0.46479052476638166
0.68142747297860917
0.47956969093952456
0.69219141925125705
0.46577684407122000
0.70253757101658587
0.47234090316573613
0.68421721802682178
0.44380026019758995
0.70699129689789675
0.45228655600086909
0.68922269875103126
0.45609130917488089
0.69317145405407588
0.44638318990886638
0.68267395129812047
0.42702448766219137
0.73113530699385498
0.45429742857621858
0.69105881098295163
0.46419327344873224
0.68985372968533620
0.46274943579499928
0.71264461568831317
0.44024006379764263
0.72699123392663989
0.44666582589549353
0.69617628568156631
0.47089670907573161
0.67474652507758925
0.42706238146970732
0.71585925529740035
0.44020409816351563
0.67777098330173491
0.45564060406029988
0.69256450798040725
0.45351837881337581
0.69702332933800459
0.48118497310972991
0.64562440709346480
0.44131671743359957
0.69702627786700921
0.43841041065054703
0.69923092151775235
0.44788334662238743
0.66815013035553683
0.45989596332381422
0.69455335145021291
0.42034137277047967
0.70143717918026782
0.43937506454739078
0.69008147884930171
0.40946899156269112
0.69914573802510072
0.44064389596083753
0.68448126562882894
0.43844726754043184
0.74014789328320485
0.44027543255337054
0.68612377575868733
0.43423582332145583
0.72916349104634348
0.43175231998215752
0.68274459033441237
0.43583435789878455
0.69698992308985719
0.43607213067921197
0.68827736283707630
0.44737753915196848
0.69186178615595839
0.41730692125860769
0.68153773678209484
0.43056104921727961
0.68933876072855749
0.42578617769866745
0.70235468975629778
0.43484427466568493
0.68699373846457368
0.42832563201622537
0.69273007335178105
0.42666935969387776
0.68848682078255918
0.42837731765336162
0.70045184583833964
0.41530920975696450
0.68227412398570819
0.42620185130636340
0.68999638405445274
0.42393656356859560
0.68904989132108729
0.40418507211054489
0.67381509141457507
0.42984680482223797
0.66436562530855836
0.42708646404058981
0.68563773665852057
0.42081541923991578
0.67050547872368149
0.40093566774415418
0.67875177247687801
0.43276976565472680
0.66868786653849521
0.43415955038635801
0.66816022529381758
0.40170267169662988
0.68595488653433179
0.40153121787147272
0.64980303893513203
0.41454040119188990
0.68335588265572600
0.39993706865751755
0.66295057661216439
0.41113341532654502
0.69615385424171550
0.38302041712502954
0.68719042966315935
0.40489453884252391
0.67322632348257472
0.40519947686566227
0.72783287283927567
0.41419557268029839
0.68860269656393824
0.40888120493845459
0.69485439828811713
0.39016325084979236
0.65020301165207306
0.40852521553412413
0.66208680219651217
0.42363143583481688
0.66213624576300167
0.39777240413183323
0.65030908168164248
0.43115292292976387
0.70275690777653621
0.41072223724518803
0.67362643011900958
0.41005527925554625
0.65271457291394031
0.40214806911554557
0.68473846951850093
0.42423187355810343
0.67398342122841792
0.43634146149704617
0.63561943632310547
0.40450400555860300
0.67393941568580396
0.39861689927351973
0.66928772359504796
0.40519278918381829
0.67281139656776778
0.41108134141051217
0.64991927969221330
0.40054452091289322
0.67723878442203578
0.40156414131480905
0.68216987840450904
0.39842828092909222
0.64945367908879370
0.41129372678453946
0.66633884748197558
0.41399562101187315
0.67184652508038867
0.41433687495770305
0.68574026219266571
0.41347534198194458
0.67622535774119819
0.39720320561286593
0.65823565505748516
0.39317459535393301
0.68670900004297741
0.38923454326024132
0.65421237335195781
0.41827904759386070
0.64420262743862100
0.40705622367183147
0.64374094681954874
0.40354213178270715
0.68072497504257090
0.43132695748989602
0.66090064424640038
0.40076425808912081
0.65543389714963629
0.41024058488828929
0.65694004421927599
0.42827850405067658
0.65475141002863646
0.38962630770847484
0.64346977177651854
0.38727164744542342
0.65187038773178463
0.41487400736418001
0.67103929683153452
0.41388397406555011
0.63915645636711227
0.44627413112010239
0.66149634150428693
0.38812172522131433
0.68460411481192107
0.40977002595231660
0.65784556670084093
0.41517748598882181
0.67405465834728973
0.40389603961054477
0.67097196054458819
0.43978297355921697
0.66692314585493184
0.39334408570210622
0.66368320724851781
0.39883145069195358
0.66253622464122797
0.42138732128397821
0.65772640284923256
0.40793674251120443
0.65292763621976413
0.38507466041663463
0.68635962488525115
0.38424800775458334
0.71401668551838782
0.38421125169744597
0.67511587659105088
0.39468984729903361
0.63633316528959905
0.41644483154946871
0.65218341124574408
0.38875447203111313
0.66660723784964271
0.39199786369710649
0.68824504967541622
0.42142698475761436
0.64912189675845466
0.42912530332880527
0.68321826789256024
0.43844963882470567
0.67251577737290469
0.43406796189473423
0.66389220708543117
0.43555807971125160
0.66597619410460229
0.44824529995955520
0.66571618091766194
0.41356219960040352
0.66680750191336380
0.41145738951847527
0.69385192108789884
0.42677184101017213
0.66461326630329121
0.41578411997599701
0.66575746444020290
0.43777994229531969
0.66844659177518284
0.42054729080651110
0.64559614876322513
0.44738158461170618
0.64429109572467025
0.44054480129634105
0.66965354430841517
0.42179898637505803
0.66287688411585077
0.41808842595551787
0.64198991349231460
0.39416443438518856
0.66436948022594511
0.42057302028428922
0.67074324026364851
0.45690787988150572
0.66173028279006141
0.43410551943598241
0.68659088321278894
0.45145166918721952
0.66879589010815765
0.42527187663588145
0.68184340857920700
0.43491867545382296
0.67431370612574548
0.41387475306225674
0.71314109514499457
0.40656382327356955
0.65648741604631400
0.41517990314201481
0.69347458257932237
0.45055458840822366
0.66074088724074198
0.43658766420264156
0.72285377683361940
0.45475248123087358
0.65500223470377394
0.46361858799797040
0.67670411683676834
0.45068453239510259
0.66138526351174909
0.42924365562440892
0.67498713235826480
0.44632895907761000
0.66490248378953998
0.43284640558041715
0.66524769028123354
0.42565710123476141
0.64541462543449302
0.43824021163372773
0.68795070450725859
0.46765440355543758
0.63246776143233219
0.45844870284045913
0.67606777593997158
0.45554644409937306
0.64751845080952042
0.46362315527901904
0.65930281626994613
0.48384409028554831
0.66930127492047753
0.46893055567957631
0.68526144115248155
0.43522313168026755
0.68286687273774371
0.46347730514724805
0.66238650217263850
0.46200335888676880
0.64967848216314483
0.48444188498375274
0.64991204228805954
0.45589187216094496
0.65371082881198905
0.45311714658612950
0.64056819652024077
0.45645406255584464
0.69656613575686865
0.46465110920077429
0.66270033808662143
0.46151591165274841
0.65736081130498336
0.47087628298732953
0.67763734821549382
0.43512386127003860
0.68179270749814858
0.48202253054144101
0.65650717419686822
0.47003512348261917
0.64426226086614780
0.47546992902231128
0.67658312342337701
0.46081625506519747
0.64989753647339787
0.48334786598081930
0.67285490435246564
0.46215408932200897
0.64868982663884989
0.46100960413204545
0.63197350825298115
0.48144096753041471
0.69252887413448982
0.50065435008291759
0.65118272447173564
0.46559713858468443
0.66481937388534240
0.45704017320669799
0.65269773027091926
0.49432619162838981
0.66101492582593446
0.51644211964110975
0.66402236101528378
0.51230460831677560
0.67383770837122003
0.45953482131758566
0.63959558208908984
0.47991216161206851
0.65873641089384560
0.49541260227041262
0.66126108420638963
0.50622276436079128
0.64610823691361086
0.49374892536517806
0.65073450925409659
0.48485949252661892
0.67255830765649649
0.47033639374165703
0.63589320069085198
0.46827054670161916
0.65233043660007328
0.51284290049101044
0.66310648620461110
0.50685486441657746
0.64637782028102753
0.52461015382355325
0.64070199200461742
0.49677698286105998
0.64725973562309769
0.54948033514423100
0.66485733259011015
0.45744678938402700
0.65927084406944769
0.49917570226792052
0.66146839749603037
0.50834473720907458
0.65031053846963283
0.48168127719613019
0.65146582989640234
0.50198046352338910
0.65491720211205329
0.50769697085726229
0.65294128721380518
0.54857514737006940
0.66139744692129898
0.48514118901986203
0.64088523379788953
0.46941039845428556
0.65975664245883647
0.50064014361605214
0.64715999427817428
0.48844342200462004
0.65343170803417205
0.49229946701696237
0.61579519985178410
0.49127224111141032
0.65548444726238175
0.50019051513574131
0.64835770750662869
0.49577615280492021
0.64324042745200449
0.52528786248345216
0.64561588295230721
0.52525981828517454
0.62642762191561885
0.49030117533324663
0.64981930396339493
0.48280020648651900
0.63847333178848098
0.49911530353951505
0.65503994964156109
0.50688972880308325
0.64556597760120271
0.46522478345051366
0.64775443947398659
0.54821534550663009
0.63606711927858062
0.47572037840438203
0.63840487751005903
0.49032753961700459
0.63747608845244652
0.47526328441714538
0.64431988020113540
0.47532048904180585
0.62029529958077467
0.51570227598202967
0.63485168715051488
0.49040072138347923
0.65377888811459672
0.54374622024674002
0.64720342307506629
0.51449604428696549
0.64729013655881951
0.50061396935341951
0.63298328584660801
0.50067294427416220
0.63655658391295267
0.49567708944749034
0.62894840079667513
0.48730932153869477
0.62813307807637464
0.48962772117604481
0.62999228860911527
0.50759957356771734
0.63882024284561023
0.48685883284897430
0.63095657053801446
0.49739229692972009
0.64835555153684976
0.47412895372577796
0.64979425901008314
0.50619758671642379
0.62697975146639584
0.45816205296159201
0.63476887769941637
0.51811419946644310
0.63510409728369310
0.48369508618208829
0.64075878962306110
0.51897471337648726
0.63300829787177137
0.50975648051351008
0.62631083746975047
0.51842826316665180
0.62532531421416315
0.50206297288952539
0.63571567231365544
0.51073938435046018
0.62310582470769016
0.50897798070946254
0.63373516917844985
0.56082998190834688
0.61684071972229582
0.51206785240495445
0.63267069199037906
0.49341868120373089
0.61216516688369049
0.53065362736378685
0.62140793774042014
0.52424235392789964
0.63575587849056969
0.51561973052218035
0.62830658697989150
0.50668092683551225
0.64741870430020765
0.49191731329490557
0.64083540700021102
0.49952234001969953
0.62124300938331800
0.50916704920779288
0.65167963257539230
0.49020410356004063
0.63632587883265879
0.51512484820083215
0.60436277506090974
0.53552683260761125
0.62228168362844283
0.54445018996947803
0.59706348340967108
0.48049995514673560
0.64058832596703164
0.48723862400204798
0.62182210813545569
0.52504631341167918
0.61660779129872978
0.50543535869999712
0.61974013986384557
0.50807947765879946
0.63914636164481076
0.50676650004464219
0.63584410024163829
0.51896870479525858
0.62801164476791160
0.53737541535825917
0.60648965946617739
0.49935736568319633
0.63665242348397499
0.51807987988682425
0.61287079384076926
0.52031060074768476
0.63760907227320773
0.51490432311409173
0.62601346907242683
0.48614423140013863
0.62689213813050049
0.52577007698567702
0.61422895583485349
0.49935615135863443
0.63361551867327948
0.51207163572939818
0.63583942867628584
0.52762089079607222
0.63993622598096400
0.55991657401348760
0.62052141203211331
0.52877225089211255
0.63146252280162152
0.49659289146423763
0.62741029605404508
0.47404042384438727
0.63081630865180871
0.48931985771296593
0.60387905616176607
0.52592042569986253
0.61786725334445103
0.53311783186199624
0.60583307425845001
0.54168758704462938
0.61920470742852740
0.51878672884580768
0.61889577894146242
0.50159008650427805
0.61199624932058250
0.51810041777140792
0.60697787831596006
0.51529973312606747
0.63367570767065307
0.48614624716588783
0.62793615372756850
0.50915043957570638
0.64070201885169187
0.52701265875072068
0.60784331456991703
0.50544283893649000
0.60199294317581886
0.51384878894765351
0.61954052006296856
0.51842408307276966
0.60170627942747779
0.50575135527810255
0.61665214322307771
0.49480480515098757
0.62093974682383724
0.52419953121362162
0.59920130194576138
0.51085867018434417
0.61979268439569934
0.51518641385617570
0.60280829149117576
0.51418503047246134
0.61071332204706574
0.51128081056096442
0.60531486787574473
0.51621017732059915
0.61182693526082577
0.51349151404614712
0.62541407557021111
0.49614881014274698
0.61499724369311803
0.53116533129506149
0.62917529035804087
0.47939009342751443
0.62988586814129277
0.48566131913437005
0.62416910862324793
0.54362517490926998
0.56757830726716862
0.45829741882342095
0.63771480769084898
0.51617049390821890
0.62411162592434821
0.52809466581495024
0.59618532659783274
0.50579294256287355
0.62752229443095564
0.54113929119448556
0.60123397200420647
0.51609165536793800
0.61114796700437501
0.55231901790781945
0.59916518153531495
0.51525799835145047
0.61251938788123639
0.49678171336411453
0.62506643490055602
0.49592676493742793
0.62593120212199849
0.49013678049229936
0.61086352052177739
0.48898228910507352
0.61948369663681180
0.54447763671907523
0.58817468263540995
0.50100174925699748
0.61017234435451151
0.49058571983615529
0.63591199114832087
0.49429777293021909
0.62031870437921710
0.50242391664072295
0.61174418881561277
0.49104713822127632
0.61016570201432507
0.49518553430302958
0.60832253837190198
0.50046768258311802
0.61167606555264875
0.47394711641794657
0.62244817651049122
0.49701273836340948
0.60570331145186695
0.55972293845155496
0.60910965514214210
0.49901495470983509
0.62268795871497951
0.54712200438715308
0.57894298180711690
0.47241741610159560
0.60330797992382812
0.50970589409378320
0.61227636682433195
0.49399753897653842
0.61811366882122332
0.54037678714327930
0.59756664479066257
0.52640863767593915
0.56922991228960007
0.50424346578770862
0.55979621115297196
0.47403959216216701
0.62556903943110598
0.50508074147591475
0.61819229893046246
0.48298724222467604
0.61619272706087846
0.49306905718710187
0.58146961885867510
0.49693283684217243
0.61078466149760624
0.47813989937462242
0.59024787492597697
0.46659374436367290
0.61962873611273872
0.51423591887741293
0.60624086507572406
0.50858431794910475
0.55994437979660161
0.49773392716160370
0.59933096895738647
0.50881912231261817
0.59515733178504293
0.48687120529005823
0.61106454447673231
0.50364336349769845
0.60383145934234972
0.52995082255913240
0.57275086193347458
0.50864719598921659
0.59298315328054096
0.49907646930092020
0.60194612071857068
0.50183466212061756
0.59505748574823170
0.48474941351562284
0.62613348793765788
0.49396014570935753
0.59130562459133784
0.50211896438375103
0.56310133328944945
0.47434063345344191
0.60496181976207042
0.49139310111039447
0.60210666605161056
0.48922299137494779
0.61828702386565260
0.47285888985086577
0.61149148936697451
0.49852029945952309
0.61101935656347339
0.51050529765900432
0.55484496280064421
0.50164040267350962
0.55965185597899214
0.46619411090253260
0.60082820580907237
0.49223446386606712
0.58958930172932200
0.47134154198770745
0.60149828901255342
0.48533657895631410
0.56355171950353689
0.43630303616039046
0.60207264312916309
0.48460231552265826
0.58983898807656354
0.49243833243379981
0.54987453768367156
0.46716305091975879
0.56838493092700992
0.48148123773359830
0.60139196369199510
0.44419757189472908
0.59254466337855083
0.47293329102899712
0.57204645173808222
0.47885076297635704
0.59287709847201342
0.46437100920398977
0.57186835836646865
0.49291647322865484
0.58811871901347734
0.51003948297968138
0.56318296600399120
0.46650821525480718
0.56752011576544148
0.47752746188478190
0.56829356035265621
0.49525812622051518
0.59767401834810552
0.46494650937803367
0.57176395397515967
0.51356696676206504
0.54934408364854648
0.49049554471707096
0.56113834241455685
0.49667174340787884
0.56302749083263637
0.47657355972967835
0.56268918226512687
0.48932761621898241
0.58827767600601855
0.52563791905079249
0.55075909137558166
0.48800755559437714
0.56879475158546777
0.48600067463922858
0.60561845281436832
0.48784312737450247
0.59180302738596025
0.49574330887833756
0.56413002698931924
0.49009480879380668
0.58393255018966383
0.44540560973743704
0.63983015209869432
0.46899292902347556
0.61968592765103059
0.46593470181013064
0.59248056552815509
0.51074005343587348
0.57790908820461184
0.49497876910388111
0.57853310351633158
0.48274839023317906
0.54699362555430620
0.48629223074631345
0.59456364747043722
0.48815633110540002
0.62919895834058215
0.44504313764497461
0.55922562792884323
0.47857159046807268
0.54858151991020521
0.49092594348461072
0.60951614885238681
0.46907747908398034
0.55598330465395596
0.45612108686886860
0.56366770946811651
0.48909278367847070
0.59782649813631394
0.46688258354710049
0.57334771988016930
0.49538355390027056
0.59022192327483536
0.48843621874207382
0.60756130058537128
0.43287147601908177
0.58321365387681934
0.48959001479886843
0.59172856084343461
0.46858337300433273
0.59632141161308172
0.47225488540131699
0.59021257891510859
0.45850066832566139
0.59997055849497904
0.41377331502587317
0.62684378966686438
0.46506868700604631
0.55691305205584696
0.45679437909526016
0.55940654288281566
0.44400197669617503
0.58738074440447052
0.42051641235521708
0.58043441142110797
0.46497112227665904
0.56981563148453251
0.47265325712268363
0.56161387865763290
0.47252164010381420
0.54160945391665394
0.49073781564340779
0.56732365229333803
0.47513585707321976
0.52702855017717942
0.53215656560760904
0.57097140579584726
0.47630212373077996
0.60070185595810033
0.44688282207528091
0.58575885253401250
0.48676655127584334
0.60069232957762120
0.48592976823628820
0.54976089239939818
0.49095525362665149
0.58808290018663023
0.48052474191783001
0.59075919427334012
0.48591397100687606
0.58135234449272999
0.49666815574494827
0.58920269342422826
0.44769582724499196
0.62602012664987194
0.47470928919031846
0.60979342675351544
0.43052018101523926
0.59469483797832212
0.48877817556069775
0.56416529747081356
0.47914604647004461
0.58208697913456486
0.48043975415910400
0.55532762061333207
0.45488934466710090
0.60396926426793407
0.47751476205810700
0.59125306099153763
0.44140648103862840
0.58274690420577480
0.46860071553674987
0.59145512697221270
0.47077399896121591
0.58539288313440485
0.47148520890487255
0.57843522339556430
0.44266576969031268
0.57543842595972272
0.43003218670805715
0.57902693363978275
0.46925486105141551
0.56568312400308529
0.45466816935886195
0.58412817350021173
0.42031780155171938
0.61066948905492668
0.45730568635172048
0.59399826208992967
0.44998042478087319
0.59744044884443748
0.47944597471793288
0.58144139779904980
0.44746819202254562
0.56904630004216805
0.49809249531026201
0.56170402701546762
0.46089119287605529
0.59941592423236223
0.46868460553158303
0.57786127700753520
0.49002521143450595
0.54072540563167393
0.45482357658172295
0.59755246051665123
0.44770113740970385
0.58824142674500612
0.45696278301537430
0.60425413726210908
0.48030466388144832
0.54224044694251861
0.45585594413273611
0.56473194793027937
0.46792207767689536
0.59487387353057641
0.42201905796171052
0.59376347372865268
0.48772648948063790
0.54598991169545730
0.47525097065550431
0.57665050584821886
0.44664991917569741
0.59419050378577853
0.47647711212406785
0.59452659911660743
0.48228317436308793
0.57861222785720112
0.47928742940722757
0.56905006366447519
0.45744863518313761
0.57651089978668979
0.49494698123423209
0.58282360579789549
0.45446588466451748
0.59534943511642036
0.47721612672622926
0.58939627045849852
0.45442676903341478
0.57780247320140110
0.48982452893005524
0.60598538026895366
0.48954805681833469
0.58584529667465324
0.50369655825025172
0.58801739820680721
0.39182561367136809
0.56509543959249497
0.47598762871861378
0.58241713178600119
0.47163054691962275
0.61036864971210925
0.47644649054344390
0.55231675563970484
0.45870336026731501
0.57919075238510775
0.46152486225791750
0.56727536694809810
0.48049310520842209
0.58653447784311352
0.46667353554917840
0.59064145359091780
0.44303206357790359
0.57799580649046933
0.47774086888316636
0.59393329603824552
0.45440324889885170
0.60050439031292013
0.45567454589740625
0.59446779850349274
0.46073350377697192
0.56864038063934474
0.48967044213938316
0.61106836798097475
0.44249583888275623
0.60725192550822948
0.45318616351481206
0.59706055211142794
0.46932050051015856
0.60722945003354190
0.44637125512681830
0.62876375398549711
0.49243203574908223
0.59558400203069595
0.46171563356705864
0.59500742407841167
0.47195055185559537
0.56811663930475531
0.42636288157872282
0.58690176454782006
0.46563902889601094
0.60429019795460726
0.46212815683013947
0.60276445967458214
0.45735154530580935
0.60060877476528152
0.48217749074643840
0.59784069280722152
0.45716426738329968
0.54834112298493976
0.47260653366497118
0.59251130935237795
0.45731094117469301
0.59509126906698140
0.44046589301927802
0.59379304973623070
0.46067779482732046
0.56171477867544095
0.44620213447797696
0.55313353682120114
0.48405282667423022
0.58269147931143439
0.48832361616274039
0.55012412393476262
0.48066690168413656
0.54194153008964718
0.44700523600569969
0.59405800429571920
0.45569503739346490
0.63180663115498137
0.47064672559033816
0.58000653550409764
0.47246248359516430
0.56692542622968056
0.43084556742361524
0.59395382964500565
0.45860259002505782
0.58985924735207151
0.45506977101314072
0.62104107801111819
0.48608917703348009
0.57551225213741075
0.46022413163397857
0.59719611707794729
0.47049942894968033
0.60797662812672892
0.45247394816405490
0.61061519640533157
0.48932316583063562
0.59335894543602463
0.45591745345507417
0.60822643124997333
0.43966306054646820
0.60011581440113160
0.45664786687596592
0.59524685366680352
0.45681252681656426
0.59513531552745558
0.45973566498467999
0.59633319876048441
0.44993336122890248
0.61011101530102585
0.45610895509367827
0.61457762513581604
0.42434818105409439
0.58807194352046477
0.47021809044297908
0.64206840520596087
0.45701834498718819
0.60707987982894174
0.45862530580810690
0.59200223035925759
0.44043933835768045
0.60088218010765437
0.46169790789008597
0.55782281955585200
0.44006949117017069
0.60626434144372277
0.45342383899139238
0.59170276863460791
0.45438855735951761
0.57797909077909138
0.42899895665936139
0.58555658918280384
0.42700569749042377
0.59744814260827106
0.44482063621893037
0.61842568177137991
0.44182837330684244
0.61652954636171065
0.46034660948183337
0.60859274001503394
0.44499769336916783
0.60103594372481639
0.45213310592902589
0.60826266174134891
0.44907704410181770
0.60830090023134376
0.44149732612246301
0.61549134394236626
0.43668029599127256
0.61505512996615641
0.42974870834331830
0.59519401718976817
0.45010493640190491
0.61898816679421564
0.44044641368511533
0.60991409154341791
0.43663302973312706
0.62823169712436822
0.44549839190925461
0.60557019399801493
0.45490564365076847
0.60609997928376669
0.44094217988790690
0.60794237592121525
0.44162730725955945
0.62236938873473546
0.43042138320267226
0.59227062767697780
0.42935611250837263
0.62034881040854517
0.44539431935065116
0.61550538197353832
0.44394279723114449
0.61294995169322963
0.45382030353639130
0.60754065492648623
0.42065552524669891
0.60456246659340074
0.41347712545493936
0.58605771410570884
0.42289535263000744
0.60067822564397122
0.42863973347176965
0.60359906053257084
0.46711647471050471
0.63319180739925740
0.42693998209783768
0.59261267189190592
0.42444068732283202
0.62219955171416141
0.43247083418813109
0.59488151671956158
0.43096991802543516
0.58843767028904781
0.42990022873195055
0.62278015063373293
0.43959734349880270
0.62032534439366083
0.43796231147433817
0.59864143125089131
0.42940203512871089
0.58923901585854377
0.42295005635878336
0.58643130871447069
0.44490394428294050
0.59254208165996269
0.40419922572284811
0.62612678302003255
0.46417775504486264
0.62548135941501060
0.41208618444657852
0.62775146447823371
0.41168003801600489
0.60779435801138637
0.43516296588929149
0.60988375160775166
0.42299372215633835
0.61608214865354827
0.44014863369646029
0.61875490027250679
0.40930564583148016
0.62020639619611762
0.43179765808182025
0.63055566736124069
0.45185798227094753
0.61884570497118674
0.43940658055813958
0.62835877175608168
0.44585292668185378
0.61420836816520730
0.41929307105842173
0.60948172226057939
0.43272404162662470
0.61877624583316537
0.43353064448393913
0.61933748670142741
0.43696775271018679
0.62039132946850162
0.43755916676361201
0.61669199214827430
0.41401005102757454
0.61762662938316537
0.43555189310390463
0.60567986884490443
0.40095477764670667
0.62481713386258952
0.41310076941178331
0.59181389772622750
0.44712607509860047
0.63982384282265958
0.43042599605767962
0.61961296494883844
0.47224798025449616
0.64469126815919742
0.42783866813676186
0.58887218067232294
0.41717824686603100
0.62925017093582158
0.40686927705707893
0.59906948104351965
0.43812290617615857
0.62248318544032466
0.43647284707848566
0.60994842617041434
0.42587058382922921
0.63345675338358265
