0.79330623793707311
0.50490936697917210
0.76250247206208099
0.74793997479058283
0.69700145583425199
0.61215467802544121
0.74055584789527651
0.70775664869644461
0.70636172669036734
0.67623061755539027
0.52837380636798326
0.73204970265563452
0.64964636413324184
0.78111416901534692
0.67440189788857918
0.67517321884990478
0.70645768764784611
0.64167546652225560
0.42609396748073292
0.59029811631122098
0.38302816666502532
0.61093349664837748
0.54251889258983554
0.52727750878872126
0.43771629384853117
0.46741300966139582
0.36214429527337288
0.53748451867350733
0.27521790454863143
0.50502626393185002
0.26368877158417559
0.67410920334905522
0.25854138837420254
0.48195807923242562
0.19440289370118116
0.38738001215243140
0.22348642617114026
0.56873622934685797
0.56622129621620276
0.76330727631696171
0.30891062769831712
0.49455671144084012
0.19605183368827944
0.46571996776955188
0.37870440424661678
0.67629142733092862
0.19001754595303846
0.54722534668523404
0.39621896379360122
0.53049849201340815
0.30614309107630056
0.60337336310009404
0.30749564624116987
0.67268858728990766
0.30663326365831345
0.85835144772856542
0.40195296981581985
0.78490557893628754
0.35662157685084900
0.73676687420144271
0.19601919241341004
0.70856311568951513
0.18513371270756168
0.59896162317407853
0.23615613657615747
0.70868275930913593
0.40986989291587372
0.53527576419783540
0.22719821360818199
0.59694198256599840
0.21523740114137682
0.42913069985651542
0.27849911346334888
0.53427365040787900
0.25972509731828614
0.73497904656663327
0.12413577090795738
0.56393169176969171
0.20188193539376137
0.48142413982898064
0.18277664377508723
0.63112793717855298
0.25592617474747120
0.59458057428907429
0.16233104695126294
0.54387822050387213
0.27447929598049492
0.46989343520295235
0.30307937694362053
0.68020919309440064
0.44987518985364949
0.50418902677480759
0.32993729553223927
0.56680213459709561
0.44684918278838237
0.53446259041586142
0.45911629844303253
0.66329336702517927
0.32848190030104774
0.68068178703864968
0.37924109955507712
0.64469533861204265
0.47253019568861476
0.41234275513503027
0.52962579105323004
0.74541328624967118
0.46116581747122798
0.48573006302929367
0.41507120093192518
0.42796391789372212
0.37037931078227188
0.44523571424706304
0.37816790029962383
0.40982484492675025
0.34994802129405683
0.44183826986690705
0.36633548352916634
0.32119399003776300
0.33563477700862315
0.36604261682902750
0.26885406136920786
0.27839343636194419
0.38911011861351669
0.61749931649173184
0.40173886944781217
0.28888462654214264
0.44355824886908907
0.16817429939630110
0.53210657072713952
0.39100880503636326
0.35348829004249738
0.19882064620292569
0.47365624835306969
0.34880705246722310
0.44093123535544032
0.35092698942521589
0.37807409917387969
0.36892961964128096
0.52409487047183001
0.36671890047617223
0.57688032687932633
0.38663878626285508
0.29382749173158201
0.30770757262053450
0.55109377765558210
0.23711784284531556
0.47632010807480180
0.38606932054969728
0.74928248410251741
0.48914433319367001
0.50296549458380202
0.57075204323530582
0.42912740901029661
0.47474898400048465
0.64418377281514416
0.50021852697612645
0.74527477440542489
0.30032363877846985
0.50756317034179022
0.44143288500838379
0.69694769321858929
0.48208442646763083
0.72480318615236028
0.60911249824277713
0.47127192940345136
0.53426757224507038
0.72129278832649268
0.23437405183388810
0.70013922302398901
0.39595508576954713
0.45498784750149179
0.35062291683579883
0.73051277952289495
0.48767630064968936
0.47672902091016839
0.67570888711755772
0.49012277261854570
0.18320067160061215
0.53617357226675466
0.35056383344271175
0.36920696954606474
0.35100520620038134
0.54513069518422175
0.47683254020204052
0.61861513182402350
0.35050911316215133
0.74323170596537114
0.56869132910100983
0.53377406227773394
0.45659568251524607
0.69337139900297351
0.29471434692457144
0.68784449367492739
0.51539284083880876
0.77043425181861602
0.47098723735064574
0.86204096279998044
0.64053489100929395
0.71520741806819277
0.44901977154361983
