-0.75220423930755920
1.13178642238045968
-0.52909568631625559
1.15444471258003589
-0.37881247291267928
1.16576041678509168
-0.07869801414578331
1.28480652508489701
0.12546678455841506
1.35099845970032106
0.39149710321759051
1.43395546704728227
0.48262162563118505
1.35617538694923234
0.74227366531918570
1.35846779554060504
0.81057826696061641
1.28415018008218218
0.91212452091223717
1.19636661765935437
0.94059611984953628
1.27286159119116538
0.87706039836723115
1.20113620549846578
0.78777015246228466
1.12809607565792591
0.74026094637067630
0.99455668348898674
0.72068806722906797
0.80424502911098650
0.71944465712586625
0.67005900293220277
0.71160630186668583
0.33547155184099553
0.74247331079694900
0.24028556449789618
0.79904775437901610
-0.00044127597146215
0.87220983642277583
-0.14899844641703658
0.97188097829638109
-0.41919187140641123
1.01519599691632489
-0.47904193178942023
-0.70915534862948670
1.09500540916082167
-0.61168545807677388
1.04481466926725641
-0.36791552438107139
1.09172238847793968
-0.16970329371936854
1.13195564879724286
0.10619980910934140
1.23428167919657938
0.26667420881590631
1.23543450094826990
0.45994005751831019
1.23139868897546911
0.58547091736646073
1.16839769945628125
0.74506302018791648
1.09864565908706524
0.87937976145384311
1.13398454287216111
0.96003314096376169
1.08025446434388006
0.88286504638208196
1.16667631096549873
0.83386174240521316
1.09762443797548404
0.81054529706765732
0.91287858162991908
0.81252737630181426
0.85661059011913343
0.80873085210395224
0.64989316266788211
0.80732028551752733
0.46669548148021955
0.82982935152455695
0.18744312099895000
0.88867791328419121
0.08632777462433167
0.94796997757117429
-0.19852511549928983
1.01947560770154388
-0.27533102777790763
1.04274357405811768
-0.46738023362564352
-0.80291451907516598
0.96022513028415424
-0.60725955494480388
0.97240354975262200
-0.46853931948258565
0.93254252649584013
-0.21993733454888714
0.98631627424301926
-0.01639262861864633
1.01020173975649619
0.21900278019550096
1.07003342993946271
0.35825131302335711
0.93914420329310877
0.53533036001520284
0.97550111199307832
0.69943267182204105
0.93631214191867140
0.83831105638573822
0.93881448599884143
0.95274406322692451
0.92099562782868361
0.99933120437689660
0.95738961836359282
0.90903881473445880
1.04023742457943236
0.93985862798560826
0.94866343778971163
0.91548492343571175
0.77967220325821751
0.92792702122734971
0.71535149366701611
0.94263656422114972
0.48520563604593930
0.96093998506979605
0.31889256818136386
1.00518825135483092
0.09387381665422942
1.05441005595827719
-0.08639211322250641
1.08571992646666438
-0.27526854465969902
1.12591323624780992
-0.33794135278598419
-0.80401114084320013
0.94787555837753468
-0.72312234679861154
0.82655135775068167
-0.50146977856145081
0.82629565387287951
-0.33938498235563869
0.77195983231120113
-0.10194729766646410
0.79514965064972143
0.11223943647948581
0.76308055259644925
0.31124332286817635
0.70386144793844452
0.51220949796523774
0.70482562468333132
0.63323634697455755
0.69278709880572753
0.80649792475802717
0.76742272379703347
0.93513365215267741
0.67266643315146357
1.04520595531254168
0.80912385828876521
1.10374034651822450
0.83457608619326129
0.98575631314015655
0.91598612497740028
1.05512674088704705
0.84699509895721659
1.02482796767779161
0.65412706594253434
1.04960070399316718
0.56143089625819698
1.06855026416523846
0.36239203768449085
1.12109240791873765
0.22593334638048207
1.15594860702676772
-0.00981200357788488
1.18340401917635685
-0.09583377756396703
1.17529002615699785
-0.25633288387297348
-0.82139286590548455
0.85159718151676089
-0.71561220569377670
0.80316755342430857
-0.59660281963790096
0.62433761600688031
-0.40090467528027313
0.60237683384877982
-0.18870434669469774
0.51073211532161666
0.04207615905027313
0.52658628098238780
0.29506061450068782
0.43520698312637435
0.42160350007916875
0.47607694836655390
0.61019412073293755
0.48558915799339436
0.76086318278214893
0.49645687106119124
0.94294032247857784
0.50092902691638252
1.09964129222612583
0.54191467949518046
1.18027167093643648
0.71775261821448288
1.16927633012026666
0.82860155258463819
1.08619699346436605
0.73985957243533229
1.09024835431671319
0.68795850692992389
1.04730307642240117
0.52583537535159108
1.12674236143621398
0.43742086384086254
1.11529933158044914
0.24620736065799970
1.23560221301484585
0.12252512845456191
1.21650206585474385
-0.03977525736852901
1.21953484043642657
-0.05261163674236612
-0.69519522569747860
0.99144826463028402
-0.63773446804853084
0.77760138736394380
-0.55346782961677299
0.61087670918809422
-0.36651914377984796
0.37661146952536378
-0.19785903150108308
0.33622620194003627
0.04392464932301328
0.27600123139137817
0.21363485894045842
0.26855998315225726
0.42281272531572689
0.27865234200693800
0.55452522573644103
0.24384395527216940
0.74793246173397843
0.25583198284907027
0.93737187990605819
0.24393014733964613
1.15471189270974062
0.37323895695037790
1.25199094468083461
0.54376476094616588
1.25471700666227082
0.72679979794056848
1.20539387310652413
0.72514248900886424
0.97594863991052927
0.60706838952516029
0.94898255153472166
0.55447464567974791
0.91816600570109874
0.41806915638770215
0.99803146359986705
0.31506000083031638
1.01742957974682890
0.22013077386583371
1.21500660251387194
0.10645242126796949
1.19859068533903423
0.04042820675058045
-0.58656862190379844
1.06982041050744225
-0.53213026340601088
0.94791642049087854
-0.49719176720967445
0.66569578688301689
-0.44201437242283287
0.50069135157915634
-0.21097757870711059
0.22848853490456922
-0.05238589999524401
0.18359434533566735
0.24953994269294663
0.11267835138495194
0.35348156358683824
0.09381603478308226
0.58568430231493918
0.08567728291416332
0.75396326632965760
0.07729132124038884
0.97368050406223206
0.11237556323024314
1.14611217652809927
0.18431915901563756
1.26738665657703686
0.44116350865993947
1.25177348852196602
0.61305205968206500
1.07323767613141574
0.66340802820640377
1.01375071016861829
0.64870525703876780
0.82040726893854687
0.51330296840346656
0.85332027846734659
0.44586328577383033
0.83907690337494067
0.27676069320761376
0.95546579953560962
0.27373937081596378
1.05422006165207072
0.22767747949632777
1.20994995274064321
0.22999167545797689
-0.45791816862493434
1.30434838333881387
-0.43053689511739579
1.06670804778565431
-0.40605920455112499
0.88747774543005853
-0.38997746997087518
0.56950950347812301
-0.32280158740656539
0.38690984002351403
-0.15380701390779300
0.19881961473698481
0.03208545078809048
0.10123411541402436
0.29963167101381089
-0.00307892125911170
0.50731770834005419
-0.06579790213067056
0.80820651550720346
-0.04469046008793415
1.01925067195080055
-0.00109755295080924
1.23898406565192043
0.20528862196486508
1.24389498384261832
0.36034837895951310
1.14357219305099500
0.62866673498593884
1.01950513937273901
0.57844369097469750
0.84891378598313605
0.48429264792374288
0.80238940148210014
0.48921302805034622
0.75535932270802675
0.37590557484747888
0.84572712618129475
0.37146871243771951
0.89827080804774473
0.29406822609041589
1.08700959224923732
0.38026076033075734
1.16853087826984670
0.31867092509641254
-0.35995689387905100
1.35663460777814904
-0.32272753020580780
1.27617125910548124
-0.32565482063263207
0.97801255649979280
-0.33391024279821729
0.76548199576988285
-0.33172152991983594
0.46335331009641673
-0.30298482674371302
0.34005741300066272
-0.12040851246248856
0.12125366952397620
0.06987769928708998
0.01126061656531984
0.41749937497269146
-0.09840497794794688
0.69663779750198240
-0.13992434887468536
0.98387663719259932
-0.08491998414688179
1.14179222445712170
0.02016244009523004
1.21377780035721572
0.24309183080375341
1.17922686590366754
0.39750266581637395
0.99818156412051351
0.44383734741442732
0.92033192655601770
0.35423248366619525
0.75366196632803817
0.32617330478369966
0.82191965492927543
0.37031017549195488
0.84194986904275759
0.39790639153367247
0.99265760219715993
0.46708371770020218
1.10369257854756064
0.47291475026302482
1.26160693966399262
0.50136417002257894
-0.25288735966885745
1.47286726360013298
-0.23116369149123198
1.26689010315163197
-0.23648553963312430
1.13319305618805433
-0.26588145266724394
0.82117294648318340
-0.29744142754848585
0.63262740420002039
-0.27618033603945169
0.36005960074769416
-0.21044003348361068
0.20059998984138513
0.09055770212670024
-0.03399652293700509
0.36144326148692341
-0.15760132026703022
0.72640134678787227
-0.23024025481996954
0.87384266057667725
-0.21054657190609150
1.05546808839052009
-0.05227601592619640
1.06567851694705173
0.05208816226125196
1.11283394315333228
0.27335248852726768
1.00929884964348648
0.16648936522254465
0.95710953309338020
0.24845739462300240
0.97474210582270027
0.25745818029996381
0.91026494124948898
0.29774202452574899
1.04092133036653878
0.44116922220492305
1.05922366401511647
0.47192330950834571
1.22455611715951318
0.59814928866249817
1.28098345257666346
0.55646209412680570
-0.16427043468157934
1.38503035948954167
-0.14423653628208200
1.33424335265033545
-0.14938695418335429
1.05011114042920650
-0.17974192755417048
0.83913131889327930
-0.20489031947948827
0.50945718881608848
-0.19111094134715229
0.25799355564654214
-0.06410577767190670
0.01437420697761074
0.12903368114040709
-0.13826512239708480
0.42928601851504888
-0.29332072350991267
0.59639277743880925
-0.32710600666833578
0.82420245208760667
-0.27783751455748151
0.80356080747797576
-0.21278117697548332
0.88603883241619052
-0.07330325153497175
0.88131017633667330
-0.01199286551366223
0.96933405642647852
0.06256128708546219
1.02259833396587196
0.12649642481784643
1.01104763492782612
0.25523842374675887
1.18048020823072997
0.32210316330250960
1.16370679520705633
0.42581402167271881
1.30111934944524377
0.56827213155620415
1.29340178919171911
0.62241420878294362
1.41164865308527365
0.71299854572766719
-0.08796702741329927
1.43569836413918517
-0.05766672355658167
1.25050033528602378
-0.07666655558138494
1.09770895571972882
-0.10329347755664986
0.77122562191659727
-0.12780485436335393
0.48965087471096647
-0.09042314228897116
0.15656571678401998
-0.02090652243339756
-0.03590298657187019
0.17152271273870395
-0.26349547126912298
0.30279714032002347
-0.33102027615020591
0.54793860378624781
-0.39091430019312279
0.56015951853308232
-0.33227108835499863
0.65965827514181474
-0.25265903457859124
0.61258199714648187
-0.21130723494774264
0.69667167513237349
-0.12727168141131856
0.78376699316506326
-0.10663601992715017
0.99176532952599816
-0.02070514937014359
1.12363400937195190
0.09421248710261386
1.28579758352563811
0.33163097429066996
1.39663128668034031
0.41033970301467071
1.38245048508871271
0.54502074967231662
1.48150653835631818
0.71573345520550857
1.45229511639598674
0.74685239373690770
-0.03688244258262924
1.30535318385196475
-0.02386170032281476
1.23377746535125210
-0.04627400527782199
0.97651392998582387
-0.06343497017304139
0.76337445567540263
-0.07776115267034843
0.46965133331850673
-0.06340185447812924
0.24759807693267383
0.00104749067694031
-0.07799857883584949
0.06432573645272459
-0.17691941985942880
0.22486688137204036
-0.30237373264432621
0.28899293269333226
-0.31020085789739005
0.41919440325924717
-0.31321766872512397
0.37766918773196190
-0.25358943506486203
0.48630628133536635
-0.18690434292399769
0.49487653471869963
-0.15404631248238138
0.67693633817127985
-0.08578717197741399
0.84497335966129827
-0.04648813910797346
1.09632180707693827
0.08803335411953669
1.29583859783977062
0.20264703956218647
1.48436872327510105
0.43727997716203404
1.54450413520890573
0.55499178185499687
1.61295232570837621
0.71950089521792338
1.60314956849008206
0.82547968823839135
-0.06853326275500794
1.36467590518969817
-0.05992498742791133
1.12832048796200413
-0.07194480194468354
0.96050365797586190
-0.10782007638426513
0.67043815524072825
-0.12435354583614047
0.52465966229732230
-0.10569607864181917
0.25897441716673208
-0.07241645855612774
0.12969743270929940
0.01000067848925896
-0.06114539192049973
0.01617721153805608
-0.08144828666978177
0.13702170275648923
-0.22231730282517834
0.14255953668550614
-0.20087486781570768
0.30443368704027352
-0.14033612829246364
0.32711760084195024
-0.09624815972573852
0.51205793379345677
0.03055484878707859
0.62764508405075348
0.04579099516082562
0.88473308164405207
0.13670133114190219
1.07406661389103220
0.17645737795202249
1.32433925124262730
0.29592329689864649
1.47295595004753999
0.36170505149913057
1.63313350582712102
0.56241315938976766
1.68531534027468233
0.68997087725884976
1.66885819000246616
0.81662475086247799
-0.17947682079740379
1.26229874934509967
-0.14665589035670171
1.16478858771727367
-0.17450855998442830
0.89907070811166645
-0.18113197029085765
0.77407295188713854
-0.17707231749014188
0.51044885761324188
-0.17901648053868335
0.39068281805385363
-0.10233891916303234
0.22747303148808884
-0.07149579286526080
0.19598816158561580
-0.05028073049230585
0.04269615410480956
-0.07247387938654443
-0.02576013598730434
0.09850374206017065
-0.04447356200621984
0.13533662707475708
-0.00663745670516615
0.29097699289751955
0.10022256497239658
0.39861714424376121
0.15502786851619557
0.60776516087683652
0.27773171941841601
0.81574179730768892
0.31148182395436974
1.08857951115910212
0.41760883630043488
1.30568200045380567
0.44626691774137900
1.53476771460440609
0.55135152983030400
1.65818233338404619
0.56527407649076955
1.82043236374356354
0.72648867917084481
1.91407971332545657
0.75016833339338118
-0.27839746569007118
1.32909554028812571
-0.28406879635034787
1.08718385326094302
-0.27236733456471141
0.97529062385786480
-0.27478725008711330
0.71134625289588527
-0.25378415605576488
0.61258789095045929
-0.18218948745759428
0.44034990352530445
-0.11567615120931057
0.47221723734456478
-0.04581771010816126
0.30187133994837201
-0.06130890320050306
0.27953441541499485
-0.02043748132611856
0.12682999786912244
0.01832223019381324
0.10987160605065972
0.14844597716783736
0.25410071848133625
0.20415955155981338
0.21409358975772080
0.38086991928683406
0.38603385307205984
0.56742519295873206
0.47707779478661438
0.82728150699684211
0.57877288705994001
1.06392111012454205
0.61730331443139819
1.32903480820434927
0.69087867543277470
1.51529454380782869
0.66990365763264914
1.71933898960724729
0.76546616712431970
1.87433155784599936
0.72242898410221212
1.93292264431647975
0.78811267616909264
-0.43206537927380018
1.26509767211863888
-0.39358280836693155
1.16951233073056082
-0.37001402947423340
0.90109185037561101
-0.35348396495365109
0.79957823863184418
-0.27332639519293184
0.63247234827540300
-0.15713289983483050
0.67709612107279282
-0.06431697710162905
0.58105821235868249
-0.01714517161868374
0.56354976260728029
0.08211191184416854
0.39132655442599312
0.01557996186614827
0.27224150261201702
0.12576011624135808
0.35788751220101461
0.14101136994058797
0.40021935135702663
0.27252446879951808
0.54664661256606006
0.40207062596617421
0.62036560657917539
0.61154551110146493
0.75094621209406864
0.83226995670091475
0.79239607143754542
1.09299323260001136
0.88368682133953858
1.31891999462291576
0.85943776405966621
1.51257776824723700
0.87804551650384810
1.72164468000255622
0.80052237545222305
1.85325524862331070
0.82031453107759145
2.05424427195333248
0.74888040711871906
-0.54908824214989493
1.34665451705323869
-0.50847145721505527
1.11994340047260676
-0.46609659849827795
1.02581192216723749
-0.38665682244222610
0.82192601698162526
-0.22244399264304918
0.86680129733791278
-0.09703325072507021
0.76211539422200303
0.02378426949825770
0.75445538245340327
0.19749890986728860
0.61545031916247628
0.23492207646789956
0.51508924254206545
0.27338219724098600
0.46996101745381885
0.20736953081928231
0.46998712354038380
0.22469953719815244
0.61037757738464649
0.29585828568003442
0.72297484104782883
0.44374233206013325
0.86082444660391377
0.60609596595184434
0.93647062041469176
0.85745427168021127
1.02769039462267320
1.08698409797738060
1.06092422618929705
1.31003474356236871
1.08298310036121226
1.55150547524498195
0.94967918195233103
1.67224309020328876
0.92024525073781682
1.87730951915403432
0.83425486813498162
1.96928349156884241
0.88197457559367032
-0.65805047502011005
1.29527910701995808
-0.59652008751084795
1.27589731394654748
-0.48992327331873475
1.07162946378854285
-0.31400546990644346
1.04007775988843987
-0.17748505515737192
0.91950079003166796
0.03381667266572845
0.90919885996395378
0.21648198027789753
0.80218887504815739
0.29117932210219155
0.73696042225951142
0.43706079294228645
0.66418846641587237
0.39728111432092866
0.57635138676208519
0.34698858353634299
0.61655575988361677
0.25145620478188685
0.64621231642122157
0.35834101012692998
0.85761279751286201
0.47930293819830549
1.02308521869066427
0.65119100256224138
1.15182215966646484
0.83680173524404944
1.13216866232994384
1.08001170053728379
1.25756025452862552
1.30830493896067046
1.20616648937871629
1.49167409625382730
1.12166367292396618
1.72958682011438114
0.96450856483000791
1.82588439433162586
0.94257380562211823
2.01182440321693479
0.89844090004001420
-0.70818715723009384
1.38710688174481933
-0.49932845407380044
1.28211847234417364
-0.41489980504229468
1.24011641091133584
-0.12996332965837645
1.15608734722048134
0.01282102110940943
1.07862396223572143
0.25350490549161508
0.95041478273078528
0.32008882169465830
0.93361911381403428
0.49806353891566985
0.87745852518508993
0.51946182598785551
0.74527411384887432
0.57939977596558778
0.71594719126944351
0.48590900903127709
0.71912830296897934
0.48516367911521879
0.84210058804898646
0.42966279692178677
0.91736150380719395
0.58625365676881780
1.16286535548106373
0.63236347129309511
1.19721626374308254
0.84508090463534102
1.29642773628414210
1.05325451616697618
1.29691403429748209
1.27116415576853847
1.38269442571061218
1.49528520817848598
1.20715842228127745
1.63743583517500157
1.12221967846574144
1.85563022123763477
0.99634379046486143
1.93967798829213356
1.01604625712384933
-0.60952166616714309
1.38772281406710674
-0.52319840092048731
1.37208982638261467
-0.28141596710120814
1.31734943011361838
-0.11905321732387167
1.26786058693986936
0.18541558211867631
1.19375123870153654
0.30274009818727926
1.12739835074482775
0.51374760471137593
1.06135008631336247
0.55252858725427867
0.97593331551592988
0.67356627419717596
0.92263070384996337
0.67601337249636773
0.80304597353948581
0.67463175495040628
0.87451044670129030
0.59862223575076612
0.91918140838641549
0.65795160966442690
1.12046688932621241
0.68578012870128602
1.24044636327172242
0.77037023922810410
1.40514846231890678
0.85299507075382752
1.34590735806350859
1.08902435706618217
1.45008952434217209
1.29909847571511250
1.38252353960600538
1.46481887225494822
1.37411901379082702
1.68041464715171762
1.18605979767883585
1.78626134380087653
1.14684501942737471
1.97765773341587447
1.07273505854535545
-0.66644425494425774
1.52332807028695938
-0.46321754038894247
1.44253008614959732
-0.33114360464173964
1.41965242868187147
-0.02950695184457763
1.38452283229298811
0.09483532659326543
1.33969444827313855
0.40550418679181566
1.21248797070804826
0.49385123150298871
1.17970809733624771
0.67186184278298144
1.15253052356125196
0.70308599096878499
0.97578268459838502
0.79176037597690663
0.96249990237901484
0.73127075478486625
0.92858307848751642
0.75281550830782662
1.06799720768728212
0.74743976670629875
1.15078906072393483
0.83394967123303509
1.38048833517797931
0.83919478729576680
1.45908849086969727
1.00163180145795061
1.54783971733251224
1.11033717593891801
1.48361707639787643
1.33093129514077502
1.53718402148798217
1.53103522922510682
1.39849263041671579
1.63775069569859100
1.33967575189820787
1.83585264392417113
1.20268699623023401
1.91688489717226607
1.21138838513635472
