-0.23429444641744424
1.32950990796668900
-0.12817797424642605
1.22573795555052278
-0.07126568435328724
1.13520101814048369
0.06202296127997613
0.97776896663064816
0.19113082098035211
0.79346643016789231
0.40706098047678013
0.52078380397929980
0.46180574359405135
0.46521263299025012
0.62064377008963767
0.36805903251384370
0.71967310601479084
0.29304280224318319
0.88749395882905313
0.23594050644524020
0.99345969149922120
0.26529771246083456
1.18888402929995229
0.43666286984942754
1.24636165120221110
0.56642508192422825
1.21736898689338524
0.83988550343520485
1.11906557543724094
0.98722250496364494
0.91069370765935731
1.12578228832036098
0.73752987674755222
1.17923898387809190
0.51346954391260735
1.10801891630668115
0.34459360895546326
1.00655030371040310
0.16645386564625669
0.82120666142942578
0.08693954794163422
0.63353163898567788
0.05819816801118177
0.36530847504592789
0.05419509689851496
0.16682799127204212
0.07527414264007440
-0.05881902486680111
0.12604491343538846
-0.18672770501865815
0.21754064587078747
-0.43040828778997908
0.25790682388848640
-0.45940892253901833
0.23959628959400986
-0.56152102002206938
0.16873896485965217
-0.49438286045132773
0.14572651099362613
-0.54876169929487983
0.05743274344659383
-0.47360454953484032
0.04939356866915902
-0.49296679478388838
-0.03138116343161237
-0.37978891526563879
-0.01584762974078693
-0.19805154338585609
-0.03647637814146552
-0.08074700089826321
-0.04039324881048013
0.10787963100937463
-0.05285887982292486
0.20231603165833290
-0.08738608972982434
0.39732037611538751
-0.13139173096423171
0.47883768833151891
-0.19150923755650154
0.67282638135355866
-0.24436717276259665
0.70915237241497198
-0.35486594080940687
0.88255873757359038
-0.40048940876664374
0.91238855749574965
-0.53841644681092993
1.02481032855947474
-0.20265176010214489
1.25329250649607915
-0.15919950575705327
1.21883898497608123
-0.05166370511584776
1.04804993924671819
0.01842848575521225
0.96224477552866050
0.16092363195930004
0.75981973659473068
0.30448203035273325
0.59627264804578095
0.46967255303808647
0.43457919669000988
0.60061304209945388
0.33866273840668182
0.76536777970922587
0.23291601608930684
0.84409461418762421
0.20269267791577000
1.09715455344915336
0.29649879402191492
1.21425320112387625
0.40399868736966399
1.29739680268741453
0.66734404155322125
1.27042325790406330
0.76365510835754824
1.11850525013535851
0.94686040265975779
0.94112585668425597
1.06002028007867111
0.69193254571247531
1.11909437876550300
0.52470992309057141
1.07294476243143988
0.32935424296400490
0.93642781780528106
0.25092670882105655
0.80462011308119885
0.17573068719496746
0.58346161605544866
0.15067902836612326
0.38722443975758702
0.14058091071338027
0.13194792509634873
0.17657057521489583
-0.02256682284423496
0.22591366247865041
-0.22744156356520673
0.27775463393476724
-0.28463132611564645
0.30131062721474655
-0.47087873672511638
0.25199036665678509
-0.42420619799367876
0.19728191970623152
-0.48220614329462674
0.10649539899481894
-0.39953888668422349
0.08630504416318643
-0.43145488584602804
-0.00104792698495982
-0.32773226820277351
0.01498448318972969
-0.23382286892508408
0.01090076835619525
-0.11653346477393214
0.01145005846262980
0.07824489514345420
0.00864788202837685
0.22578698220186355
0.00229615117754003
0.43668753681831513
-0.04400876982991483
0.47980290028271100
-0.09909085282820911
0.64693603640292463
-0.13276690997088039
0.66642404625339169
-0.23088894346361441
0.83505315385168954
-0.27105567167593436
0.86017211595132803
-0.42530233831700726
0.96545627611109808
-0.42529648239368378
0.92149620941320398
-0.26634422224019783
1.23050380485886901
-0.19911394555767434
1.11190108653122843
-0.16008131533929121
1.08342051614565027
-0.01788971865293721
0.89319515752626222
0.10109424102529307
0.73002971469735689
0.29597647174364261
0.50094324021747538
0.41558189751340363
0.41175744126854330
0.58874111228969839
0.28264576423492083
0.68621078187789963
0.21544710004432296
0.90065849890705363
0.13911661929583685
1.03228939813456955
0.09231027196896099
1.21951758340868954
0.28438028892754658
1.30537869994059319
0.44106988296031047
1.30381482381933589
0.63820904316874694
1.18993045007537646
0.82045704236217754
0.95658624445152340
1.02862302955077367
0.82214663450381342
1.08677650784816970
0.60483653588605013
1.06938717634672043
0.49968157507262156
0.98529400024397029
0.36940633398634104
0.80713658813405698
0.30909694192384318
0.64517338817161063
0.26657340272977414
0.40485511101596572
0.26944789991702583
0.21970428845046985
0.29769445983897391
0.00989668724357025
0.32588507384892801
-0.13410238787444265
0.35977723960040348
-0.27757174163361015
0.36045038185173295
-0.32751316600739988
0.27233295692808829
-0.41360747435181811
0.16103583885918596
-0.33255672742167941
0.13273820927464941
-0.36618285873719231
0.07299622366848008
-0.26960903363672040
0.04952795358506572
-0.27927284287067944
0.03897899430096202
-0.14635556274661504
0.06430293955198883
0.07679070549185504
0.06304530370632509
0.18009129569300256
0.08623512118057092
0.41131685905183851
0.06568020735798882
0.48849538247449836
0.01830910020010309
0.64304728865823158
-0.04511240504922071
0.63940345732777215
-0.07793503696710047
0.77309411183299948
-0.09381901100432824
0.81818528463432771
-0.26336738160962447
0.91275562491607620
-0.28987228784144353
0.88882215242299389
-0.38935086658514395
0.90347311607322611
-0.32788648572066936
1.24041959538660218
-0.30844061355210767
1.13191998708476138
-0.26829649118271914
1.08186866272753468
-0.10483853190620340
0.88933262675925451
0.01684835085027303
0.74506160746727401
0.18123009699619416
0.55637525003879684
0.35231990200932983
0.41191898897165152
0.64000580864924217
0.22169604127230333
0.74381518665077251
0.16161809662376675
0.95690660033282704
0.10921265815065490
1.10154276365854220
0.12093612121696072
1.29609300551569384
0.16236544566062788
1.34847872217566933
0.35570674933015223
1.38104389918100590
0.46290881532349415
1.27422520721737231
0.73046917406784018
1.11520880857833893
0.91422276392520241
0.88827789442154204
1.06518058825121753
0.77706917339216219
1.07412450361906164
0.63322110911180995
1.01461575008318761
0.54406132089738246
0.85910374296151693
0.45093936786795458
0.65487298012826201
0.45052740189183094
0.48518404188462483
0.42263768431415832
0.29888777085026313
0.43473199630839732
0.12946189773135686
0.42311280510352767
-0.06618181438921668
0.45526782665080368
-0.14568607944766485
0.37713042503461880
-0.31315022485692484
0.26456924691057071
-0.27720721538823934
0.18441798228961001
-0.29513951885675294
0.09083011064903669
-0.19165648006032782
0.08079989980826258
-0.21358473801555070
0.07010658574046777
-0.09079953792148854
0.07873805594757891
-0.03280093940859419
0.12025587837551732
0.21222142841750768
0.11507264940357462
0.28121777216664456
0.13712706211778272
0.43375016863130389
0.16578220819302791
0.63352131082906060
0.07939307418353053
0.64027756775522526
0.07079705034556619
0.75106648240172613
-0.03045789394585480
0.77417722473202588
-0.05343221108807637
0.87172016440862521
-0.09580522818115962
0.87532368902385127
-0.24931624859862112
0.85911469771425175
-0.21072039198387038
0.77769137703142022
-0.41129556478460383
1.01296923607803890
-0.37311406615406090
1.02476635425306828
-0.31543415728038759
0.91467108136518249
-0.24338973523157015
0.86854241802356402
-0.05674942914589121
0.69335796938821381
0.08443636609830486
0.55661355129814172
0.31564462538247962
0.39506501154719936
0.52010743844496365
0.26806987573226015
0.72527013621272818
0.18384628617808224
0.88162895887377724
0.15595253197777692
1.09222959957588395
0.15820735124813162
1.20245199171893691
0.22332536731856784
1.39289429652806440
0.30220842636036799
1.37502033964147086
0.51937729952580236
1.29819242652855560
0.73504797175940750
1.13280184940195117
0.97570155709330875
1.05177009200405558
1.05553814236126930
0.89893236315746339
1.09924028249690275
0.79495988413975915
1.05119779604984553
0.65610560468875889
0.92890879922607161
0.62254488404490482
0.77993179922860456
0.59814861743219527
0.57552353932689726
0.59013668651804518
0.43589890248099206
0.53166784817002455
0.17710956361950414
0.51204727676498130
0.02773202332266540
0.48702196952544258
-0.14602184257067208
0.37251177446732536
-0.17021424787898098
0.26279583757250391
-0.23280280345276255
0.12747488979176899
-0.12625525376456773
0.10204632092724100
-0.14201990773725578
0.05525339904999148
-0.01004460715203263
0.06020134925764756
0.01407050683099866
0.09102509470129945
0.16458747485296266
0.14751687048591489
0.26712615065454509
0.19468997911104804
0.46750220686535893
0.24152736778678549
0.60285802972959668
0.23249019590940218
0.65431859209487486
0.22636800087142331
0.77457346538679051
0.12342450220761714
0.77869878367209966
0.04612838616100161
0.87301992795074346
0.02664159073277247
0.92622564772445148
-0.02833693887728550
0.85226975478458589
-0.06864323889267381
0.78639143656229749
-0.14604464201502559
0.74485506771261556
-0.44556831146925974
0.84919400563061975
-0.41025337170561527
0.77135176391479576
-0.34916467707825144
0.74197211449476430
-0.25800232857096594
0.67219993416301405
-0.12037605258586789
0.60759479796679472
0.07291325230569343
0.48131778013530557
0.20545049887763212
0.41231489095346496
0.48100974406123226
0.28934343374648203
0.63464591487872335
0.24948167370855834
0.84025522866445135
0.22921167228540579
1.00192636874471375
0.23720077592459485
1.16279032004881921
0.27887818400237402
1.24255731151873783
0.38076130129386127
1.36342234779475824
0.47725870213672933
1.29225830630677474
0.69975312808986589
1.21648577028596239
0.85914720037824488
1.07853317663220971
1.06455795136033715
1.03450828518659077
1.11973125412489516
0.83116581030929271
1.11562719033801039
0.81400164512146589
0.94801077438405601
0.75592170769930689
0.84968901402115471
0.70497246169186811
0.66020542301675633
0.68320786204125727
0.51961833282647296
0.63829079422573387
0.26877754111568697
0.58904099905760232
0.11497644004290782
0.45402940756664451
-0.06864741982081365
0.37413205548279771
-0.11228614080353386
0.19177460821154496
-0.10586952924460956
0.10345203736662717
-0.03739354810108083
0.01527495484991640
0.10139979401697116
0.02685575904401513
0.09540048283902876
0.03772148142073616
0.23263927950639118
0.08084051921782504
0.32968718343031989
0.16940578314751126
0.52644236475800521
0.21843723406983687
0.56264563373884768
0.26015448790770218
0.66836158227093589
0.35228542491389392
0.83873394580248262
0.29393203981382027
0.84312656782755602
0.27038059346774984
0.90384181816170561
0.21845932996615983
0.96739743723189520
0.07074267942017011
0.89644906914108424
0.10847031559613686
0.82754004673079851
0.00876643776087743
0.75210415202697800
0.10057543477778626
0.65927408131346876
-0.45217561889174801
0.59765244454544120
-0.40874856845914476
0.56118223022895564
-0.33163830011550210
0.48230865582879190
-0.26000121930050796
0.50519872998803095
-0.10470665784475064
0.45113700445834642
0.00749876021738262
0.43123192862851523
0.24322969283363183
0.37845154438047107
0.38145400501872095
0.34635937157197855
0.55499388912350212
0.32113493678699534
0.70663422589500613
0.32022894935650748
0.91970013548207652
0.32431502662739897
1.03151217300094045
0.38573599773769740
1.17002527574599635
0.45043651194714374
1.18866007351741643
0.60694974098215038
1.19094246572326568
0.75222240787818262
1.09318874493619478
0.99152303084786220
1.08195027966682811
1.07267996724822123
0.97035224403245335
1.25529274390258272
0.92527365268104766
1.14906521564363229
0.84592827173529728
1.11425143022599737
0.79568702373188793
0.93429706731372697
0.76619157359003676
0.77361876591147105
0.71287142000603865
0.57872111053979602
0.67603937562222016
0.41222585175396226
0.57770557308365789
0.19237658287371212
0.47026382488754032
0.06549324369560308
0.29120688019264518
-0.03495405359372687
0.24042248317228349
-0.06335369196544663
0.05148847552729909
0.10544337148800870
-0.01192796448879223
0.20331871264384094
-0.03560071517687704
0.33000188897535992
-0.00011185310748679
0.38063148368801536
0.06158896699087418
0.52841445571838030
0.14413747189494841
0.63895523084460004
0.24921124491494256
0.80053099459982968
0.32563612647381585
0.91999157710685875
0.38851754087451129
0.91668137209074330
0.41288819412209921
0.99722919686244116
0.29983501492370768
0.99011993399953435
0.28171301891407718
0.96832424071986212
0.28158685634973324
0.90619910545939342
0.21549599996667604
0.80281896409015852
0.28228258147738111
0.69742194815533431
0.25662927545220826
0.63299780951496687
-0.44019238006514466
0.42703390252084117
-0.36944468751237747
0.30690177002271990
-0.31233480304965522
0.31750130508763130
-0.22611130708840049
0.27568342073687468
-0.17966436483958625
0.41028870307271798
0.01998359460645255
0.39944763934564470
0.12997476212420475
0.40622008132583404
0.30805435476445581
0.39522758565197336
0.43075896476794767
0.40031722910793288
0.62110612488010319
0.39382119392808929
0.76668446603466234
0.40190032275017618
0.93499671710095589
0.47513959723823168
0.99845004072160970
0.57301363383487680
1.05836248685488754
0.69695940993858163
0.98559889620311558
0.85548473915904355
0.97943013233634135
1.08536778797976874
0.97387108574009584
1.15377596577949815
0.90747291847226297
1.32178960737770379
0.84722468158322428
1.29098257983151288
0.79800306978421276
1.11356004892467353
0.76871754761008937
1.03508388547635999
0.72922827508785593
0.84629630563536640
0.68457922681429029
0.65714829705110300
0.61749555778074783
0.44710229451302841
0.53441078303988010
0.31933281453831458
0.39952030591884202
0.17188453368527126
0.29055171369499772
0.16153606689494515
0.07586295385607107
0.13376803389186828
-0.00309749720860932
0.20240433620152343
-0.12160819931130677
0.38777251003990809
-0.08754910357044939
0.44722218527141827
-0.06260232576629748
0.62641677632415926
0.01914131698031196
0.65762496379699331
0.12862328529725678
0.83533125105738937
0.21349711447532080
0.87030379069644859
0.33648749242340403
0.95926061390980366
0.42767917773471742
1.08172434798960704
0.41602179779907478
1.05237217881796585
0.39171373761250183
1.05413098112520998
0.40432405538433014
1.01017945403055731
0.36458637394729992
0.90646151042374468
0.46394266751804047
0.77165845191159110
0.48927681715221683
0.68857289054128445
0.54150462647752740
0.59347960383044851
-0.37840225020918428
0.18459888091219789
-0.33412730997159212
0.16102093530868294
-0.23219865307537244
0.06814914848837123
-0.19531836875087538
0.20248686375474362
-0.10918418051959689
0.27126742073974830
-0.03051705156962861
0.35395278905290861
0.17270504843631196
0.37681877747172854
0.22692334428817640
0.39923136528275821
0.36289957384052485
0.43322077713487395
0.46123758333833603
0.45486787466064588
0.66042090040497525
0.46129035707951815
0.75449302126195117
0.53357088223408167
0.87910757733244438
0.61938813113912272
0.81107878169550207
0.83741337332973265
0.89071421623258584
0.99706441038614235
0.84721766104320917
1.09616503506898555
0.82485819626039247
1.27485758325236764
0.81602105530804070
1.29930303341737541
0.83458855452360003
1.27142090753001402
0.72832596601038280
1.22733674874218845
0.68809448039599663
1.00466760320125315
0.65874370080638533
0.86197442260221413
0.57460975330567809
0.58132078589823555
0.52869100088654597
0.50545413800743844
0.42065344313450498
0.34915815710555748
0.31942859781976879
0.29402342563215278
0.17341739837763318
0.17625434679874175
0.04685075443506577
0.22740164995726825
-0.10626583367029192
0.19540511775839073
-0.11583172972724019
0.42169947559887999
-0.16518541401478096
0.54637256955354407
-0.12976868616815246
0.66081183110393138
-0.02561646736949152
0.82360004547856214
0.08426571885420386
0.94071853561073593
0.25544948802653844
1.11206742139259984
0.35590896291214447
1.08563774237499810
0.53075540486177863
1.15444593988302757
0.50428831014089548
1.13412736769734401
0.54927286109786744
1.10284057372696798
0.47458576564075700
0.98316535255724469
0.57540609039955970
0.86122992432281764
0.64906663611683424
0.74805206865068541
0.72915315138637338
0.63365009187060894
0.71257077631338672
0.56930644447180501
-0.30863084018298015
0.03077683480207110
-0.22853018185391111
-0.04226147226398860
-0.17685157434929236
0.00702408886183296
-0.07214070686105357
0.03941448456541920
-0.06000138633555663
0.19743464120941645
0.07135452224395301
0.24316740977935436
0.10760579580862271
0.32448465696617579
0.26377097818544654
0.33945488539898944
0.25795071026091715
0.40600195285504481
0.42348198566281753
0.45541255347044862
0.52731644335677708
0.48051382242062612
0.63641512854384086
0.52133565023297768
0.69280819757576406
0.68573757446690187
0.70669776354627489
0.77039463251546236
0.66703955407577697
0.90897130381288727
0.71497299878612941
1.10706676517008762
0.69853148689220035
1.16833819773701397
0.71711019435798762
1.32641830680103578
0.69288260849676342
1.30530229801096520
0.66516920849523375
1.19889438062674292
0.62642362000556728
1.10015809911532281
0.58008995927811080
0.78961877066133890
0.53590279908729566
0.71540014635738935
0.44525242188306990
0.56577690283002036
0.35544684137414551
0.51315306101220337
0.23696753241195562
0.38489879730342486
0.12241854908183390
0.35656615077153120
-0.00639156819270946
0.23084100185956258
-0.10315627079976715
0.27125583392698061
-0.18539643855309001
0.31226459862383510
-0.20751693781778383
0.53953862307516509
-0.18677411311013081
0.64508514025774200
-0.13416569155481239
0.79784994880282500
0.01861449163307593
0.95172411212976404
0.13569637675929105
1.05463755079569088
0.31661250108960970
1.11591004973464902
0.43806945031464872
1.14290617843784803
0.57942323394067885
1.14826067757374140
0.64211115553289877
1.04720177543606008
0.67198977289816408
0.94049152324702467
0.69651653563332605
0.82322288204832295
0.82009480903851750
0.69053442205344617
0.83319209572816355
0.60644461532602167
0.97362537314668951
0.49976720488103338
-0.14957369919634866
-0.20786555446801769
-0.11312562584119851
-0.19542386768810449
-0.02640430082869253
-0.17472894513726292
0.02857435844430471
-0.06172300430690364
0.13056468024962475
-0.00861957446290415
0.11508821592631613
0.18129538446041435
0.23096562385882990
0.19628418633823225
0.21800001473091399
0.31151835974927455
0.29210809150836592
0.33425350572882984
0.33767933046087317
0.47613011456294141
0.42895895742005652
0.42288168043829716
0.49660697996709746
0.50513017727828236
0.53845095421246281
0.59287981767712672
0.58212365274311106
0.74688834263569948
0.56162562883331946
0.84292720181160419
0.55044610427394502
0.92645895749609042
0.61564599561109723
1.14746035270143087
0.59176883998551111
1.19310202924944009
0.65161640032623880
1.32692758489280083
0.61654382686236198
1.31737528801288217
0.57423856847753019
1.08388308386388177
0.53912325762205426
0.99213270744752291
0.46991896653306614
0.78234263871529486
0.38901450891553863
0.72126813197178397
0.28691899636612656
0.62382038885796132
0.18057953420079215
0.58922443345400710
0.06479474128993781
0.45114483194601296
-0.04013481194042565
0.40268991923848618
-0.14372796769665180
0.29957130739797744
-0.22759110518185294
0.37836167569268669
-0.21276816265420162
0.46443961594062938
-0.22603205521288483
0.65052554392412076
-0.09772764712914225
0.75083803419875639
-0.04180545037694572
0.85315418347202820
0.15544424294038961
0.99601225354114575
0.23758472146174278
1.01701405191208538
0.43525239775532060
1.04230351740057592
0.57866745268155129
1.01802381719331025
0.71657515077978307
0.97671657853011640
0.82375582572544270
0.84265952394085486
0.87413055215612723
0.76460818255789798
0.94208666990922196
0.56005698430669326
1.04419200178525795
0.45827434834203740
1.09174550993638997
0.41981102913655444
-0.07395011464106549
-0.31726780485364225
0.05612589496768761
-0.39045714259844433
0.09325860833214887
-0.28872877021399196
0.19115087175458353
-0.23005018652366099
0.21852097212196647
-0.05645417867991339
0.30891770714840422
-0.00378372627434477
0.31687787630529574
0.10284806956201149
0.37628263355259545
0.06065630482610794
0.33632024081864759
0.22173487103096096
0.33716384206078920
0.30984612270774758
0.36718019865707363
0.38549440255794531
0.32637509202813914
0.30602404354594620
0.43786745197156224
0.50946886499839605
0.47067223416112641
0.61418268243836005
0.40734427898840264
0.68333473866956995
0.49003259704269719
0.88431791747073996
0.51892474545001832
1.02555980044116812
0.54563290968533440
1.18680477724203270
0.54378145196973604
1.23847346408483516
0.56377795840553946
1.27705040698184091
0.54339392323691027
1.23287020361765087
0.47144071423868206
1.01095531411419493
0.41541806463988656
0.95018153980570952
0.31013142266035199
0.78374331911276784
0.22726525354715871
0.82843161249624175
0.12023005178576260
0.69246086680361518
0.02943127820936116
0.65561304712388113
-0.07225262096397733
0.47108122324746710
-0.14745734541990735
0.42458978769066746
-0.16934530017936691
0.38949304698581999
-0.13683318110498094
0.45959386430764299
-0.07751346627531101
0.51613574349186708
-0.10039727304082108
0.66194366097563828
0.02577702868600699
0.77052024078995973
0.12346849985300519
0.85202526155681679
0.30058264606949492
0.89971425832480734
0.42766809241973092
0.92206701349361131
0.63179281950726462
0.88538043130085020
0.79731687281784069
0.80412085057607063
0.90329396964501452
0.76324864058186337
0.99575232918654610
0.58615615992081782
1.02349209428627752
0.46724228835837156
1.03927011471763420
0.25719148772065653
1.14345374032099834
0.25987850052053024
0.08096748301007739
-0.50656842336476093
0.13476800218580776
-0.47941011309748377
0.24746411952883321
-0.46236603899191731
0.28550955308302339
-0.30368543882459298
0.36775285472268338
-0.22911272189781434
0.38130528253100698
-0.08035976443636082
0.47625305836125165
-0.10584170848689040
0.43073720578868524
-0.01862525285548994
0.36508835566330433
0.09138630869411533
0.33147075873373288
0.25443120959848842
0.32051310150480361
0.25195850752859084
0.28822783274676944
0.27406041454486640
0.32184968871625336
0.39019684485686329
0.37870192584641577
0.54193351017606661
0.38663834253615104
0.66281561870679950
0.35108177843422272
0.71469393246827018
0.44750967537883385
0.94420240284322265
0.46871311861901449
1.07181430120152532
0.51164259408395241
1.25054135674679157
0.50061199544569257
1.37182970437268303
0.48850715282404300
1.21543370684807339
0.45500780453755291
1.17514980869502872
0.35725335105979750
1.01126072233832276
0.28131128208417683
0.95576670869497860
0.16680123245723577
0.86741936396546182
0.09217613742101330
0.80704590613230354
-0.01019338865924514
0.65337308411378681
-0.05312457669320972
0.57761078695137402
-0.05581840591964196
0.42725684535987196
-0.10870509256888904
0.40499870189725584
0.03522398511561536
0.40552093264565359
-0.04058799219401529
0.49460027878304164
0.08512897041302901
0.56507040906829364
0.12705111934260016
0.66367904354031027
0.25353640802054717
0.72116515814006810
0.37554736809486372
0.76717074951799991
0.55319041402844293
0.77624821722626580
0.67473306711472969
0.75455046120201164
0.85281528575532783
0.69497776496268426
0.96333261769709355
0.55972755637886196
0.99071245902540217
0.54482913584016912
0.95685461706769481
0.27449637730950965
0.98106823310271729
0.10269985563568902
0.98462116734005933
0.00309621989355889
0.07736502060635350
-0.50374928780120376
0.24334695315550842
-0.57812590373897399
0.30619177626313399
-0.50539660113058826
0.40492532510192397
-0.45766470351448452
0.43706008696741444
-0.29452188120107720
0.51123802557603759
-0.24951135812953545
0.51364229665737482
-0.14711506044357220
0.49925032826641957
-0.12722457717432084
0.33554008645734951
0.07580445650539312
0.32649801908758580
0.07728667815775289
0.28779930416442018
0.15919299604997597
0.24655327326641852
0.14816539992242489
0.27273453148147897
0.31732725588990496
0.26809769131980493
0.39862851470404903
0.28467426415424435
0.55859336037665486
0.33592869376839996
0.74932664603753363
0.33232813803566152
0.84841760491567464
0.40656720512458455
1.05891057833514735
0.43066675695361117
1.17325290076726230
0.49858480878379252
1.38056104035637994
0.48353885496128374
1.36259069026962587
0.41884158619754264
1.20263441628567591
0.37393462157305646
1.15798524498815292
0.26029429209566313
0.99467779476099127
0.20323005640584102
0.94407116669058544
0.11038275404396396
0.75813205758213609
0.05933630293638176
0.65241377963192582
0.05806664236645387
0.47655463880609106
0.04780918863758900
0.43236568725468255
0.12704946701870734
0.36129589702617798
0.12677913545579839
0.38647327360334705
0.18901179788607014
0.44884984526780175
0.26852786896289710
0.51106193852980464
0.34300467541575919
0.55703085998377722
0.38563661405847216
0.62054518233355682
0.55193170090863952
0.64532069339601195
0.65630674699553726
0.64818757695629792
0.83702149750284482
0.57340619909943902
0.93844579300943587
0.50901179149459619
0.96443200726607259
0.39946631586102488
0.97853047284145711
0.24215660805445544
0.90679099795044826
0.06756712063446610
0.83133822226985310
-0.13977853653305125
0.85007809160456838
-0.18228037478306941
0.10693249056722509
-0.46515498453386966
0.19134528147659818
-0.47056548663185438
0.36740121526046515
-0.54773178137731138
0.43408625811630025
-0.47815100285799900
0.54292038076398530
-0.46665867128270300
0.57456046178270381
-0.33803733725880353
0.59066170546099828
-0.27780911920953272
0.50092058520899396
-0.13910845638748684
0.45483314894774873
-0.10390491338200403
0.33684902199702066
-0.00067846761624883
0.27913217723314582
0.02068754631926856
0.21571632524095433
0.13965222681761510
0.20088073481841184
0.17597586580064598
0.21205161490617613
0.34179032714703789
0.30087875300282479
0.51277157294989939
0.21241872090362543
0.63487814587787195
0.26917618915092223
0.85058422345326101
0.29821574281098884
0.98391645751290535
0.38768397668013299
1.21549607956415295
0.35631193308535075
1.32257656143315994
0.40829277985052598
1.31913038110470349
0.42262069289696735
1.31007127120488920
0.34106144125648985
1.12451479604663507
0.29620038573234858
1.03504098750457274
0.20139537757619963
0.81519366131378923
0.20804366813104541
0.69913564026167585
0.10079751434167190
0.54574719270835459
0.11757151848119278
0.45820387521919792
0.30844787361978077
0.33636787526341400
0.33664517047614839
0.31690268700112323
0.40255355325709014
0.35638600371684087
0.39830319523972646
0.42664094694727939
0.49725365390549969
0.42637992291609667
0.43456537600789835
0.50752508763771775
0.63637900966206695
0.49459149417759751
0.71536880077245601
0.53008301337522845
0.81825707863700148
0.46364645446091779
0.92656907990427229
0.41425940998200311
0.98954916203568477
0.33166868663016069
0.96902311157738685
0.17581419249804958
0.88056257715447539
0.03062587600043894
0.76592751242983359
-0.16003829960898469
0.71694426171696868
-0.27827406504354474
0.65919962015070299
-0.38945820825774013
-0.03930071997082153
-0.30153611189496166
0.14326414096523329
-0.37286553214351309
0.28031727460282718
-0.40759740800065486
0.47339931250684603
-0.49778858277592031
0.53748450606196541
-0.45807257636345133
0.63388124458310091
-0.46329843963515899
0.62605732683438808
-0.32309373981204026
0.61564870735411870
-0.29815239399026305
0.48226792738191315
-0.17837797216315393
0.39906621471566128
-0.13824303446990130
0.26039050966801219
-0.01192666683451855
0.20707765971354733
0.03481562855022534
0.14531636527733763
0.19083848163610467
0.13133320426640069
0.25560154588624046
0.14231747547173870
0.48601507057991772
0.14458178819863821
0.59391839189741058
0.20036061227775689
0.86500330716349683
0.23068952027621134
0.97952804267932825
0.31435216236957148
1.19204556499493042
0.32767266909263365
1.23342018523065633
0.42025726770925026
1.35071441418728000
0.35573684404558825
1.23312645104493845
0.30220418417030342
1.02146954439831705
0.26814477930616581
0.91210016819801154
0.29182474797202618
0.65165736357737081
0.22062658300070215
0.53647246156947814
0.17887238610792425
0.35443612195278262
0.35850886283117955
0.32914141828402083
0.44667765248075642
0.29226205825988516
0.59246745052273075
0.27223600722653879
0.50592679500041926
0.33893205182711283
0.60916974229743659
0.36473063723822441
0.64442928094904461
0.36885795369209884
0.73487065268916107
0.38883182829794410
0.79393525313008773
0.40233112181446651
0.86087237185788867
0.34365157628221343
0.91004557360236649
0.31307696496432930
1.04825795218004769
0.25897566565589020
0.97165000944997859
0.13495949838161747
0.92234711459043994
0.06148039954103442
0.78134391673351244
-0.12964836130377400
0.66469561223287332
-0.25903764448674593
0.54952344573662870
-0.41275572183004849
0.55085416692723843
-0.45421294012493868
-0.10954082740225371
-0.20467110866318824
0.00496531813622290
-0.22218358505810948
0.21734613765830929
-0.29704970496733185
0.34691812353195406
-0.34314769500817927
0.54280971840131076
-0.45743113450494266
0.59628774532420348
-0.44100951848469921
0.67047366130428110
-0.44994004127859044
0.61297770111095740
-0.33541879665336460
0.56157972949991286
-0.30689405729078884
0.40119997255929651
-0.18049955995600983
0.33736031451988502
-0.14365732180423929
0.19482200412588174
0.01774594883488260
0.12705364100534108
0.14031986398854773
0.06122457060034558
0.34754187206182297
0.07025191421026528
0.40308410719021548
0.08154317548926014
0.61423437665041858
0.12010163255725201
0.76505059559928645
0.17671079677723128
0.97268331582985568
0.17001802949300110
1.04188207242677033
0.28187728632368858
1.22047255364597529
0.29694158320257513
1.26722602862952316
0.32115550303460411
1.11942636499845682
0.31071726493766566
1.03958924015181320
0.31118087789882065
0.83934094805796489
0.31088701009620534
0.70379489301442910
0.31832259361321291
0.48989777921875755
0.37032524316010895
0.37002648932567933
0.46891985498899591
0.30382136953269306
0.63411301794883612
0.23528287764618608
0.63153465861734870
0.25631343484484870
0.71253125420639596
0.26351098908846815
0.66987247578707720
0.34380383154177119
0.81813781871483604
0.30171336700032586
0.83011193910964720
0.32637525590097982
0.89075564383871486
0.22534474285529532
0.88889915903055439
0.21351657146397690
0.92467070667561069
0.15786659859647409
0.93126789342433824
0.09013461170874727
0.91525406023138289
0.04104726405259927
0.79475878042303816
-0.11051812128117085
0.65942557067227492
-0.22702132813953727
0.48513365528888491
-0.38941737881211863
0.46064799761491154
-0.44591251227357692
0.36455738509087865
-0.54776643950180592
-0.26924783486443149
-0.07226819966021292
-0.08987442127879301
-0.11426962029130383
0.00894166633948325
-0.12759642496297971
0.23797967671581854
-0.23812735382030054
0.39611392254601158
-0.31986880535205636
0.57001590796074431
-0.42472150769569550
0.62109786520730892
-0.43553151069230212
0.67433459142158536
-0.45832945062643432
0.57030046945442359
-0.34527541407173523
0.50399912674283054
-0.30081745180110447
0.33720405635593753
-0.15399081750921179
0.23083972398363145
-0.03081521182846530
0.11797515217868326
0.15806814604284952
0.07210315839048513
0.29855818535939382
0.08623115659977547
0.49893394083974962
0.10094357383497710
0.63350882724026958
0.13418037045261619
0.84525664728911432
0.15138976806982549
0.92444870757135200
0.21241403993741770
1.12373404204249439
0.20719839188862904
1.18091794253278626
0.34446600394680310
1.31560142572159311
0.34652359688423001
1.25172769504092618
0.38054239100784099
1.05570433329508395
0.41899811290261413
0.89559701205860598
0.42120467808443196
0.65991456430834605
0.46661406643855341
0.52305436581017173
0.49534868421697953
0.36368068305850415
0.63450116810488355
0.27013353832276554
0.63812320640229558
0.19263261481490154
0.73206672371283221
0.12508012212783451
0.75160127607388516
0.26506336692258725
0.70955089540722205
0.24220807471824096
0.80092418183219916
0.26592125770462782
0.77740700166082422
0.18765067115305517
0.84617511839413428
0.18991228826090495
0.76182153751863257
0.02657308629123496
0.76182434922938758
0.01915021431069121
0.77733564923771159
-0.00628879237609264
0.73468412209550582
-0.12974667326342418
0.68743701824006753
-0.18298772109879485
0.48258569209900903
-0.34549793733375783
0.42059652857822166
-0.40469947023096314
0.28197494799305772
-0.51602787157826568
0.26859455551577460
-0.56017036308355284
-0.24848173066830434
-0.00758427680960139
-0.20997409311385060
0.01530994847664660
-0.00457296677187780
-0.05176891723565426
0.10487544908499077
-0.09539868960237079
0.32473469107087582
-0.23493872139906929
0.44332909215325161
-0.30331758439074169
0.60631458587919762
-0.43201572822432172
0.63630665000554076
-0.43828836773758717
0.64280439445022342
-0.44599935192393270
0.51513573191907447
-0.30357630115847761
0.43626945346386981
-0.21481402991925330
0.28555909661744694
-0.01872733334997694
0.20520848320028801
0.13676181678830912
0.12685433839006013
0.35249292120510967
0.17901457201424942
0.54433499781654815
0.18231961078035930
0.71054049698681532
0.24764929032184435
0.92916779758994761
0.22076743523488318
1.02525965938980890
0.25099097222684097
1.12672067638128648
0.32249053340454886
1.30207056604209970
0.32007399740446174
1.33215268872240800
0.40873047492224829
1.25112574778122454
0.45860220388987788
1.15454857151641122
0.51456437194771620
0.94504845734564424
0.58132120132620935
0.79790388494886377
0.61351365781629408
0.58335664484043825
0.66309025613092354
0.42449735594791560
0.63393761798149040
0.29275970088480885
0.68213913547779992
0.20440384724705707
0.68437721598228041
0.18195527382511137
0.63832179324100946
0.23189265466184533
0.72818979393768146
0.25759603207340909
0.68294776371785437
0.19508054863606245
0.76431106067911403
0.17478343237268409
0.68208022245791433
0.07461099033467139
0.69086560088616811
0.02608827494454104
0.58457215843924037
-0.08217039156610048
0.60578471181782434
-0.14386516861048232
0.66701657316026608
-0.18022507272268692
0.53524056426973654
-0.27854457689803969
0.47358848600318637
-0.33450151366744640
0.27858723340828195
-0.44351157935519808
0.20822059165858076
-0.50405936642787108
0.08158179373272613
-0.58381727238645331
-0.31760775639289635
0.10420758303838604
-0.15179491780856308
0.06627607731074879
-0.07416081977245191
0.06323373336413189
0.13694415503438725
-0.04743629779576200
0.26432404231119749
-0.12763770109098108
0.46043414728325244
-0.27734704492968087
0.53936178385452915
-0.34908010010318913
0.66212679840485311
-0.47266449970293084
0.65007603599777597
-0.38975951240682294
0.61982566276157269
-0.34295502596348459
0.51140555146139344
-0.19430205645004139
0.42845780688557727
-0.04700197197111324
0.32410121510366985
0.14892744543603603
0.29214387832530564
0.34140169469150683
0.26727307837663178
0.56066041780050957
0.35254438392038739
0.82913774164577303
0.34340012721632351
0.92782670479887286
0.39384991517104834
1.11796417701429140
0.33230009454403397
1.20943618802956498
0.43823491745126902
1.28760647864782918
0.40565278604967264
1.46072030505057038
0.50732453528099875
1.34734232799149423
0.51805171631828806
1.24167721345632920
0.65520878755823286
1.05866429632252834
0.69055313896698334
0.84821973079090973
0.77139873287301519
0.66748419042791984
0.76298804915380336
0.46530298797625258
0.74681599155392098
0.33857754673278861
0.70437401079126105
0.27279554044113430
0.58378156681589599
0.21188902467448079
0.62426306126166708
0.23852514545138120
0.59190867649734213
0.20705769863379314
0.65850383658406075
0.17983489865947430
0.62188210409133804
0.10003107440589795
0.61215675651505197
0.05989643305371717
0.49317414405662663
-0.05503765472579460
0.48091444769547464
-0.10902062265210988
0.40252672251943927
-0.23335090601094899
0.41802047241102175
-0.25922565096835437
0.47703050156187454
-0.30598181516553830
0.27718553609716962
-0.38577067830862682
0.18905102493968134
-0.44519339657888951
0.02839440538674749
-0.52309858307039558
0.00101730729097645
-0.56211222355083912
-0.27116659291222728
0.14607166352544587
-0.22046739549400945
0.18120558828940389
-0.03552872618528562
0.10711560852084399
0.06408452744407894
0.06890425377474307
0.27324793532745728
-0.09498198883208819
0.34841909418269112
-0.16874301087031451
0.51562376998187653
-0.33010547303312238
0.57499106160702396
-0.35792753481187239
0.68561948520945548
-0.38345845091741748
0.66630562840454854
-0.21470084029071990
0.61442470826647044
-0.17021307287058429
0.56250310487145450
-0.00636964596688140
0.50294899740011900
0.13755636140551622
0.43450324880267371
0.35048506976178190
0.42837757905116736
0.52759124860383788
0.37461215963404693
0.69845448667033572
0.45811238113853298
0.89731739908152996
0.45480109334466573
1.03532952031835501
0.52482299586196668
1.21047115750612622
0.45095059077936095
1.33594730667432615
0.55104296815525433
1.39813450649781368
0.53227121001796740
1.40885665143896710
0.66280150867548682
1.25297387385063330
0.75062388256271828
1.10534782988906244
0.84442664961566238
0.88592151715911793
0.88187026499526699
0.70837393459710296
0.89741984683475740
0.51792460795128337
0.86793418352503593
0.44239998775552075
0.69246684222137322
0.30851955889165089
0.62756893341892528
0.27346592719053270
0.52184034116406031
0.20095224365345160
0.56472765214773490
0.19937611394593860
0.51370867075852766
0.12426814785478879
0.55576032519374752
0.08775586426046295
0.46988380104216010
-0.00058495021874880
0.45479236529736511
-0.02937102258360113
0.32561058045634017
-0.15382265780170312
0.34385011138427263
-0.15760967930693653
0.32341329086845144
-0.27341304247466836
0.24123202301686258
-0.32231498536812492
0.19628451084385318
-0.38094298765157375
0.01904505390104567
-0.46264641363589648
-0.04990065958733436
-0.49356786300988448
-0.17085513001099767
-0.53295156195879401
-0.35179275868290505
0.26090700052631211
-0.19921797731317356
0.21472815026747361
-0.14196896180632348
0.22009346075355299
0.02943950287383820
0.09362194719722607
0.10600416070123438
0.01598561768531430
0.24120909893983400
-0.10323454673342430
0.43495887300513347
-0.25916829159001753
0.54297003619539896
-0.32069549911217149
0.73246763177696217
-0.30844990227095576
0.74789701177796664
-0.25653364817486923
0.71629401633755341
-0.07617253839842192
0.68034006438399486
0.02524352340954228
0.63901136035641459
0.21979327334721177
0.59851961465323189
0.37743071152157565
0.55510985720847572
0.58328453731469743
0.61596368513220812
0.74253041692478849
0.60156000435880552
0.90792195546729326
0.64948381760279705
1.06837174881750618
0.59638820817670812
1.20871890382318270
0.66032787984299979
1.31177475910298247
0.59061673456812080
1.40266530644531828
0.71230629869788564
1.36106966105362637
0.73602439767050143
1.28744111230921465
0.88949061278070363
1.07300124785862483
0.93741949791365331
0.94345562612515343
0.99282259690917474
0.68410592878791610
0.99997273673299181
0.58388379216407793
0.89869344152202724
0.44093027226820936
0.83747285238520131
0.39939931406901807
0.64894055432914577
0.28609965864761228
0.57481750911202179
0.22830191078504869
0.46708347251775151
0.12182962534198356
0.48776270460082782
0.11482445615608883
0.44407428832928419
0.01640336010286599
0.45659623925920312
0.01831745216937995
0.34592875253208177
-0.06126022633733638
0.31399774504022637
-0.06969115863564604
0.23773432147351864
-0.15321884136314023
0.17263327906373621
-0.17456470827213266
0.12201803633579554
-0.28439635267441377
-0.00244785029338131
-0.37081613460709079
-0.09721281232607268
-0.40176871108532175
-0.19435652941597142
-0.44509907806431953
-0.24571725449801582
-0.51603037896563819
-0.35177114656561681
0.26340777309671615
-0.31977521083004395
0.30658881255424025
-0.18650889487823011
0.23608267656796184
-0.06491280105894374
0.14776670221453056
-0.00132093842212562
0.09719348819908191
0.20144897135006937
-0.05648934624338348
0.32823027117645637
-0.17969043317642366
0.51072813753402158
-0.28618880841496963
0.63070186802246697
-0.29762241722086386
0.79456210937151162
-0.20655752278416353
0.81484775888407357
-0.10925056682498537
0.82119355451008824
0.09220406741516804
0.80319903570246975
0.25689997086989663
0.75925826586052902
0.45512496212421849
0.74535446297892216
0.60206316673605575
0.74005257178958195
0.78021762616788126
0.78070673048929617
0.91030500599223851
0.70106216736268723
1.10740670291079724
0.76775441390912447
1.16922838565313336
0.69312637363647922
1.31760348127994709
0.75990014285950702
1.39472906887926729
0.82557440373121627
1.31751647222894208
0.84843743911185010
1.28090722266661539
0.98120223381642346
1.10098605495624002
1.02442376907105870
1.01604131331551328
1.11307777765701132
0.81383069833355459
1.03933685944864207
0.62765851741522016
1.03541448213182474
0.53669693045790234
0.89853719215483574
0.39175268274732461
0.74601827637929286
0.29635007718514755
0.56362809056454799
0.14473048997975357
0.53787246732640381
0.12250457330054439
0.47452159086011902
0.01642329320175968
0.49507743813837335
0.02713357174085915
0.44690187469552706
0.01458206437265458
0.40425507565314661
0.02084094226316396
0.28755218210666489
-0.03500197264885867
0.27945123414272938
-0.01350871865537803
0.17087578057928182
-0.10706565970595269
0.10305457320274743
-0.11558477036540218
-0.01438221904726990
-0.23810452745759378
-0.09217897509601138
-0.26541739580546958
-0.22305998824332149
-0.33017677962434722
-0.26975216751657910
-0.29114695208210528
-0.50249923596091528
0.37015855273595055
-0.36103874081719545
0.31831983926064844
-0.30995893320162665
0.24673045307022751
-0.19336637372666765
0.24713716826368112
-0.02219775412712874
0.11600275563009932
0.06086696686908044
0.03370203508619000
0.27790076705950240
-0.13104087957589142
0.45443912822146276
-0.22605625057787551
0.65688767984492646
-0.24516341651002982
0.81063767737307835
-0.17818713843532935
0.89666270147890215
-0.02196584829300530
0.92779656721027626
0.15474586461872794
0.94458601046048141
0.39502646385890344
0.90357833501749019
0.50335703020178613
0.86616192815764748
0.70641216836166831
0.90981666496463320
0.77281736289472602
0.89507934942373202
0.89743015785931113
0.87188403606175169
0.99027286483169485
0.81032272811816530
1.17305079550043367
0.82913252437988760
1.26480610472322663
0.86345358135608752
1.26781030049744969
0.84094646752721969
1.32610930730348864
0.95133280234841666
1.21922630845386992
0.98898109807555434
1.17066037059451977
1.12036052595097635
0.98047583666234384
1.09599345771491907
0.87891166070847637
1.12344593322127362
0.71283104612954928
1.05508063370465832
0.51727086787153431
0.97272100697914077
0.39869449285263953
0.79972364402719820
0.26412137450214807
0.69370006173173793
0.17191635542328165
0.57565725828145209
0.04774123199607118
0.57159290350159941
0.03189045672213876
0.53039031126811587
0.00916313103640058
0.59167570292975225
0.12495071709659561
0.50986264654705238
0.11930139296201647
0.41399437765456815
0.09492482376060524
0.35726562897702063
0.07984994011353339
0.30258993542120849
0.09154138066388538
0.11264250185395336
-0.02141686908243132
0.00849708307603218
-0.07187679949558370
-0.12667183739404220
-0.13810384910560525
-0.19231328469922751
-0.14288153489588551
-0.30501657139940941
-0.22329060603054271
-0.52997756831324361
0.40576031039257787
-0.40409097619781298
0.36179861164523691
-0.37025568915287188
0.35140299217722398
-0.18997801169362455
0.21991369176720532
-0.11673070197108751
0.14549347802955889
0.07676963188756897
-0.01074076163427575
0.20433087716026602
-0.10670998691099544
0.42438196759897268
-0.19289849205388823
0.60522635632136379
-0.19211146124136197
0.84654176963750971
-0.10369444704563617
0.91671655062644608
-0.01690249787514278
1.02238328588846228
0.22243957736245776
1.04474960204916645
0.37213601020571685
1.03516551576529126
0.58864806910314482
1.02704521646213243
0.65444842602116882
1.00204032465493342
0.76283137957684810
1.05350610246441723
0.78576226652057179
0.95626992504022723
0.94603631096045504
0.95530044448429141
1.03019783226370731
0.94233690850535323
1.15149588445896778
0.89795549206459346
1.25178091880858067
0.96682565572833934
1.21609475909451281
0.96768778296446223
1.24622995506692669
1.08610575147805255
1.11959059498342861
1.09353581857427073
1.04172045448924999
1.15853480451536850
0.86249799021055051
1.10074871573276445
0.63361317352972368
1.09084784687333336
0.55352352927650295
0.95009358776599995
0.36993735896918517
0.86723578277120417
0.29000733702380971
0.71851147018894190
0.10125636032322510
0.70383594974502517
0.08047095535809065
0.63614784266805091
0.01892901139452240
0.68917551159173651
0.10507283238023923
0.65284542095707798
0.15090353273875479
0.70961570287257225
0.26995893281913041
0.51060062856320132
0.20571768583131911
0.49994874697694519
0.25570087226474492
0.35784881805268121
0.18024633162800799
0.21401872971644775
0.11362681448418108
0.07056270747508081
0.06795513414369375
-0.06915220941288341
0.00570576695496001
-0.20839417951903652
-0.07935144178900130
-0.28060737535455466
-0.07707213753609359
-0.49209760559484572
0.37876770051133429
-0.51883023527691829
0.39447454911437252
-0.35844473837971930
0.31135541105696407
-0.29556359666379728
0.25289894315756550
-0.11099683558451062
0.09413214341774265
-0.00770158862608203
0.00330338711784611
0.21007983579651646
-0.13074346995494740
0.36039183075561926
-0.18391370237162422
0.57324234893420511
-0.17652963921722603
0.75174865178651551
-0.11762229395050347
0.96262235384197015
0.02331403470529012
1.04041976318060114
0.13232500853651152
1.12729176353374028
0.36351673975854726
1.14324073358934220
0.47407902832991605
1.12915020150100287
0.58440739208988823
1.15251299376097016
0.59296488475271203
1.09860534237588281
0.76064318155026334
1.08697943688419674
0.82534233892510589
1.01589999029867672
1.01286941138437947
0.98966844877649041
1.14184203848886834
1.04141152370375600
1.11863134283166477
1.01910104130714552
1.17904764233240655
1.11275243992103245
1.12908853649123064
1.10324135905453158
1.13305291268025354
1.17496650534441960
0.98817378945514822
1.11861896530384319
0.78107365280049779
1.13417904212077048
0.72968487339132126
1.07497369411098709
0.50040833538765173
0.99249040856450921
0.51661452665880747
0.88579595586883508
0.31067937406352458
0.84525930257720727
0.26303168097561558
0.78693290665247562
0.13006432645196567
0.80862974844921898
0.14272021909221558
0.80767190185411974
0.17697642991316820
0.82324950517501128
0.26914861263473311
0.72895972903755635
0.31543966948261887
0.65867857548193975
0.35186012125295241
0.50908193150410941
0.32403539974716977
0.46892083655037797
0.33808315925032612
0.28327663071809212
0.20970829771974298
0.22411780579039026
0.17551554167212860
-0.02816585105067232
0.13006074204355084
-0.17560344157897997
0.05003817940560664
-0.29757263341107421
-0.01346677471540289
-0.57522908863741962
0.38362247503499358
-0.44518330987831034
0.32724039143068623
-0.42153911694463214
0.31058090548922840
-0.25903740039798928
0.17161371996051611
-0.21133207976938145
0.12046634124547835
-0.01615680556517260
-0.02837927767462997
0.11549509836728707
-0.11191625564953189
0.32847560117874258
-0.17474246774416924
0.44265356468252343
-0.16449341430140152
0.71649396928252995
-0.10521955169359931
0.89842931161385087
-0.02893454075591310
1.09340925390311305
0.13273894882780024
1.16443370351017550
0.24042157261379066
1.20581227751108000
0.41684445623897126
1.20999694444584249
0.38597069071559037
1.22370360342890949
0.47618212211247729
1.20511948249276846
0.58420280278131631
1.15456704150219625
0.77893174102909835
1.16448606202475147
0.85105822920901741
1.12521970720509290
0.99285908680671642
1.09282701640112401
1.08961176332706566
1.17672423949026261
1.04963649663322012
1.14849336089503073
1.08093143638878075
1.23378532845704680
1.03155061475626164
1.12687782626534894
0.93202933268341048
1.11606291370218247
0.86883787876970409
1.08874643867283538
0.73180301273445880
1.00652432858688679
0.69486526005693838
0.96767102879420774
0.60883102151227175
0.94399858423779748
0.50211782057710486
0.93056935455702816
0.40287014583946140
0.92982815795872076
0.30211203008678911
0.92364082285391103
0.23658580727405110
0.97994562304897381
0.30675997586341330
0.95145140849671750
0.35761335948670814
0.94962056883812307
0.45083307867114120
0.68701874200868829
0.40658873726173372
0.61491727695684351
0.44197057329012085
0.44307599140874948
0.41227129071162777
0.30767582708117669
0.35094446170559057
0.12885648867697325
0.26359297079573685
0.01656329046120461
0.22612669001109248
-0.25798069918407729
0.06155431132411806
-0.23909720983939775
0.11858387850581542
-0.43080115383258943
0.35343777110793950
-0.44862806541045985
0.33256152226013230
-0.29896549037115910
0.23234840513236349
-0.28242666019033696
0.19600976613486784
-0.14324293753707684
0.06909998229507142
-0.08128085246360933
-0.00011393492633334
0.13420928718877081
-0.12103410926209990
0.23820138063156712
-0.14786353599689397
0.44891330703819343
-0.14534564725442739
0.65650891705785541
-0.11447356944647963
0.91987561869100698
-0.03761181046441183
1.04065307972633447
0.02773296914177042
1.16218578368927572
0.17623037989482443
1.15882437112103243
0.19107328024365672
1.18496431714245465
0.22381637517602970
1.22588629479613642
0.27098678123106223
1.24599800080678591
0.51296715577191399
1.26632403311302677
0.60044315880251498
1.22471436686055579
0.82973660882430444
1.18407901146927208
0.97064875854195853
1.22364771148975193
0.95227957458302948
1.16225687034483327
1.00382373197901065
1.21405232453489331
0.96359816946938848
1.13840974607792278
0.93312762145989059
1.16046108199642495
0.93309210049432634
0.98481864051422863
0.88789434242989496
0.91927683708101215
0.87208602754741482
0.87083662227634251
0.81115613732384972
0.86764900810820433
0.73953771349279551
0.93838938067422850
0.56201691632094175
0.94156285018774477
0.59907531103755551
0.99067860430405452
0.44070665433089862
1.04828137241669150
0.40585389183725978
1.03946547447889581
0.33543820756700027
1.10002306918677051
0.47097654466346522
0.95070528184162773
0.50191008637042278
0.84566861323249531
0.52232209503363947
0.70489638164649682
0.53465897710216947
0.55452758863303497
0.47976481326325793
0.33669328121030939
0.41433941256590773
0.18719537047620438
0.35223223956554384
0.02646229817365171
0.27911575966961272
-0.06854707477776137
0.22023604756620335
-0.22028604437196420
0.15216811663222204
-0.41466049954064582
0.39448468182612761
-0.28292162500176932
0.33143454462369554
-0.26419664744664606
0.27870820112681371
-0.10999646402466046
0.16748656478881455
-0.11825633663306928
0.11733503804681947
-0.02551234662238365
0.02536964000846489
-0.02223159606467690
-0.04394986952144717
0.17526953164609052
-0.10646779734687734
0.32730842962613160
-0.11496586611024356
0.67512351337344945
-0.10702101239365350
0.79322173464973522
-0.09708075673601116
0.98415788832168116
-0.02299025961863899
0.98156240449181942
0.05456792423054482
1.11226815183824934
0.14073144045800356
1.09875326351812830
0.07061959943111681
1.18368977908478246
0.26484635054928574
1.24150028844857818
0.40094188133322317
1.30165947651382297
0.62579567799280367
1.28917970594853748
0.66762381998308595
1.26510805494505729
0.83163025693807624
1.17497197399454856
0.87029077510169484
1.17326053210811199
0.86863159311292659
1.06917848953579186
0.85029767978859261
1.14363963508574518
0.88065447758656312
1.02111489138086009
0.87314548924586521
0.95781741186874780
0.89262406736326472
0.83405958113366829
0.88928071915369278
0.67334741346914728
0.94702329383290351
0.76640223703153387
0.81056722854464835
0.83134313579197860
0.74751077456116188
0.91293068181640502
0.69334171199313799
1.00127071859052696
0.59600916383950853
1.10173253703764873
0.43899284059647192
1.15114121496481192
0.47236926400737606
1.08592184584674367
0.48331830909962942
1.07386455479870135
0.58255844174908422
0.90217840877835243
0.59336543446085210
0.85917831962414726
0.62760391829023843
0.62439733278514731
0.54211500971946858
0.46369315548306550
0.46884388398270810
0.19400644495557118
0.34222912997009475
0.15718939469205168
0.31355688475814725
-0.01336076405374946
0.23170347016888571
-0.08911477375016418
0.18480387874500448
-0.30177385932130707
0.45791082023942309
-0.25860341221487637
0.39877079813159483
-0.10139173155019056
0.31049104122918481
-0.06770947652205547
0.24173302835792604
0.08819335973077662
0.15410469542725652
0.05953916785559546
0.07195104644395800
0.13357644927058576
-0.00798227136767423
0.15357888287038296
-0.08148112109025364
0.37424324002822790
-0.12014885366489692
0.55318241129963663
-0.12769747858970040
0.80053445124059508
-0.11103326888918111
0.82234193537835076
-0.03030978156679973
0.84616823521733586
0.06460160777152218
0.83683121577390285
0.13675382803631680
1.00867602050360317
0.14556121570186606
1.09164757562102577
0.25100519372873425
1.20714268949428138
0.48905205113135031
1.27001170030852450
0.58551376430497126
1.29087430829527761
0.71501939626990885
1.12794119792672842
0.75253697134830522
1.16453215329003124
0.77560735441080275
1.00662079444635033
0.76893658479028082
1.02244568128987923
0.78822774493127212
0.99290296795422817
0.82517532748661715
0.92108940770140812
0.84449498799702327
0.75257614739776546
0.86095495754799800
0.63756629620110783
0.94118863287915722
0.60524642009477203
0.92926643895306915
0.60349515147551414
0.92279354484180542
0.74463269583882552
0.81485362994220145
0.78517651036720781
0.82171861242178834
0.97027337783505851
0.66909786903432422
1.05385946680269238
0.62714679179372246
1.18699376138741264
0.52081582187526521
1.23942898481386865
0.60585187898950033
1.06562844068965856
0.65384327553997623
0.97342623179039645
0.68054097848994477
0.82003179821001204
0.63673877802088685
0.77979727684450562
0.59494967417245814
0.59602702541979125
0.49650747928465733
0.45453567679278983
0.40699568961819726
0.21205135192766428
0.27938761260741291
0.12454235129416021
0.22747623882350168
-0.02407870120004088
0.15555466470628646
-0.30338042534521992
0.53117525100781271
-0.14944412416231156
0.48786965887841227
-0.09787269009024654
0.42452493425634913
0.03991176416061573
0.33202736177850661
0.12970930585847895
0.24109230499235629
0.24534878709107558
0.14363952749024908
0.22142770388192828
0.03412229764429513
0.31906125716731754
-0.04448750275264768
0.36225328290531350
-0.11866119345350470
0.57096314913233615
-0.14372076734212053
0.64581349428375534
-0.08786954586890067
0.69491605019830704
0.02009988074559026
0.62798397947036488
0.17614088763277957
0.78878321388899697
0.19351068589224243
0.87263876722908118
0.22895058594351475
1.04951956959252612
0.43737981537073883
1.13829766058253501
0.54518750257789184
1.26635260108555148
0.69103234567682137
1.18110369096628975
0.68562102176678918
1.16186889739583932
0.71736865666051985
0.98933743446968936
0.67036131705477253
0.99305737193318722
0.69098668241325090
0.85116630927675097
0.70761090219392409
0.87230564436321056
0.77311377812043947
0.75458818902767155
0.78686350505797076
0.64892846819358418
0.82336918398340087
0.55786534979067171
0.85888652671894294
0.51420395454442280
0.94104423791509773
0.61164292822591393
0.82002267887609248
0.65761132064015604
0.80787498837135063
0.80964888031558779
0.72477115508779688
0.88324612400420133
0.69871248956341880
1.05460762957756815
0.61329102697912929
1.13970526288845475
0.55058205684146944
1.24859420430166623
0.69589187768477345
1.19107245555785846
0.70659697051224435
1.07946602543414438
0.70818907845649459
1.00215144113662902
0.67084955161470372
0.88762748786907530
0.58279647222946018
0.76372045113197951
0.49503209883129928
0.55801931542010197
0.36964670289380885
0.43689079769812539
0.27163190817960908
0.16639769162157375
0.15599907209144703
0.13880815231834648
0.10751248857675852
-0.20488367422239984
0.62652244307255156
-0.13184294492109835
0.57430698712027917
0.02476990679941862
0.50964259062186823
0.16352176578283822
0.42099715242136571
0.29008296101715325
0.32659855961871553
0.36153657855934490
0.19978693146492810
0.51826381944886346
0.11850918552571831
0.45916294426043108
-0.01513656160220728
0.50591431128649289
-0.08361152091633581
0.50500707313973747
-0.08311368007112260
0.60200084043030155
-0.07034344223341638
0.55401987932583474
0.11430082143674414
0.57526382778447804
0.24455843939895039
0.67693290805331485
0.32501730719284200
0.83811997188705400
0.43285831774108963
0.97462106939921900
0.55321919516426454
1.13217797349724414
0.70691364953894675
1.14863904043116438
0.70167882519579106
1.21239904958819311
0.72857657883633464
1.04975352178035042
0.66124589506185949
0.99234675132183092
0.64756867103711035
0.82855216051715030
0.64210387861183671
0.79838080333446659
0.64967807511685793
0.68975360933432983
0.69089391404702860
0.63978873999542296
0.73063103198185597
0.43706219081090386
0.75354909040427331
0.45485668686717928
0.84841182372293900
0.48686358100341187
0.75777026322857521
0.55637515102317969
0.74756066092170759
0.70517514137974091
0.64854966019349813
0.81478135057609569
0.61624776362499589
0.93133286119061420
0.53783596345374751
1.04000848864165230
0.49249368899824064
1.17808651310475065
0.46319172490766708
1.23153580336049528
0.55921572532340658
1.31956242795477086
0.66749593346027547
1.28482356762655825
0.66638821968652873
1.11625386558836981
0.63179085047997718
1.05065390556930316
0.55434068844092432
0.84168138680209470
0.43274117176021398
0.68952941851545579
0.32773229178235330
0.47241918935709776
0.18427136380319062
0.31651099816179473
0.10678802280837904
0.15415085170331799
0.01610313111045997
-0.11330473361088172
0.71018196206940187
0.01531176797696879
0.66144458554545493
0.16505437063809589
0.58173269390324223
0.40416499959068353
0.52486488382977237
0.43141999077529042
0.41389198145290051
0.54910581821945226
0.30723550614936790
0.60798386650534275
0.16563046460922187
0.65968688672973230
0.10336267218852310
0.55537092465418403
-0.03122963851263646
0.54352532335236647
-0.03544394189855637
0.51952697455492436
0.03525369403341901
0.47877841372053687
0.16144653759683020
0.42541619351500115
0.39536186408252227
0.62995790217316250
0.44067846487285689
0.73629849311025142
0.53213013646191076
0.88168669357794194
0.65643065624604557
0.97355545548586664
0.74680704006035492
1.13281302219940638
0.78842238646781848
1.10038888741044105
0.69781256622087318
1.08138432553004993
0.66959896502200078
0.89852023569551465
0.62174900920038501
0.87384566567820332
0.63529198246379837
0.68341868852544196
0.62873450365093564
0.65640853542158750
0.64401421032726169
0.43324931426835644
0.67438742597777579
0.37224174824431233
0.70756850985105701
0.35842993179574556
0.65895589183236258
0.40613272554737312
0.67504551997898621
0.52732641185499285
0.59378250346308592
0.61490290547809490
0.53594564837985104
0.77986414497460887
0.47078160896895782
0.87975540428572097
0.39903426350305371
1.05613782294300407
0.34185934760365622
1.12045445665649579
0.32137356350485252
1.23471452704030171
0.44895696461314821
1.30068927065996265
0.56515057115524614
1.32219604210497943
0.57743600248312910
1.29624716026040065
0.56984409439953243
1.11821025772186999
0.45505619318430368
0.97265827299859686
0.35748409925411667
0.77226680811337411
0.22372793037940991
0.60096427284676845
0.12363231205095218
0.38885211613955634
0.01641558177034087
0.28883909366558885
-0.05262877048489953
0.05636551157778626
0.78730765212969089
0.13600494007252018
0.73903003449661342
0.31010250328252648
0.66451450724538319
0.45177944290408090
0.59586024101057411
0.60120753778740976
0.52614019030962500
0.64681454546480521
0.38148683524154142
0.70512241283674393
0.27565366681197423
0.69370135273524991
0.14720559044200004
0.62573860908368562
0.10448407253593901
0.47551801024268703
0.13911443870887846
0.46496510240495947
0.11597607205575254
0.34369510283329746
0.29872863741587274
0.38485063481231702
0.39713781062909859
0.44893782454385300
0.52988993975543641
0.61813793449799292
0.61897094311978129
0.70517165779178226
0.67100970000762905
0.86409042709412009
0.78234253424227407
0.98676983605266055
0.79086503390501772
1.08127854717274730
0.75364015924192762
0.96474121951310621
0.60047234016523965
0.91689463434037899
0.59577326347652415
0.76868851308733366
0.61225316945109287
0.68483930063917786
0.61640882795103658
0.46051131738957429
0.64101060393111775
0.43213509502418374
0.65465589737897556
0.27273362259539252
0.64050835360643354
0.28351398481523582
0.64871477442076786
0.38718774488987590
0.51674797482427548
0.40449980263378560
0.52654467451342724
0.54266250532828142
0.44549701569617445
0.65654241705403149
0.36564204424169472
0.77899250571908596
0.27426746247297024
0.81319676316932499
0.20018870827108709
1.00229784631283225
0.18807363975046626
1.09141334571939130
0.20573298341120844
1.30653015029330444
0.43552382444409543
1.30162535960622905
0.46916792256852791
1.31241174917929593
0.40388949444431327
1.24954860571767101
0.38583323478499681
1.04380945498046440
0.25855710782106722
0.86929212230847819
0.14692046393975591
0.60412348269248795
-0.00149480581458730
0.46575793938362231
-0.08763988180658662
0.29628818539849600
-0.16889575929464462
0.20368091350582060
0.83199415586211090
0.34061639290141005
0.79875300554833339
0.41232201454023565
0.72132315024010762
0.57429300734429523
0.65253067275710974
0.63397713097798780
0.54080400793781014
0.72244027028232427
0.47665001598678436
0.75776926220920493
0.30749889654341750
0.75460973077864368
0.21396540000674785
0.64765413020462737
0.18542281770742378
0.55822311323079132
0.19643658388927193
0.45196556062085352
0.26188752608664856
0.34240222904375145
0.35225676216987034
0.30461074169356633
0.52434520995370837
0.34710640741985899
0.58868307745342030
0.46907503605633682
0.68544145112252419
0.57498670976392963
0.77079497091899762
0.80727033578952179
0.81311828809958320
0.91744955846159393
0.82823047504184644
1.05030488889742646
0.73803753142102879
1.03206298425120346
0.68750090826815269
1.01012714766614886
0.59851577609190809
0.82315057493430632
0.60389431049027864
0.70368267210323376
0.61685639357180888
0.45437755448971162
0.66051689536590907
0.36217722676708308
0.68002888298975062
0.23269203847547520
0.68868772125050037
0.23935561689482651
0.59435712402132501
0.29895574992381713
0.50540260167881368
0.37860837262387537
0.41296899024147671
0.43685588583702278
0.37083876315415260
0.57497204352904252
0.25408487077194908
0.57091127253485741
0.22190464933340767
0.75724070618526695
0.12091985682580128
0.88773214782264420
0.08832830048342309
1.13050900949764843
0.15838127361197302
1.26697873483956469
0.25221985542040437
1.39651415448977412
0.31681790050027164
1.37517672004546987
0.36478413783282110
1.24781976309172982
0.24439289979402981
1.15988118128806605
0.19343494621238999
0.92215344784352749
0.06290797537117629
0.76629991615905313
-0.02737068401439017
0.53974621106498999
-0.15715770594222303
0.50963636362908282
-0.21406040361214057
0.35647017019305044
0.86476038168080893
0.44476258119694334
0.78928886951877286
0.51966004030468826
0.73248442656698598
0.63687080046913602
0.58780667570265666
0.66225600151408803
0.63367043639850984
0.76305879682722755
0.39526489135685811
0.75505292017740966
0.36501039817382114
0.74704111420796349
0.27398255995487153
0.67136794290667590
0.31154083043331066
0.53650654546398791
0.32857112122871623
0.43554957945628403
0.38738552372986840
0.30723515536366425
0.52246788214268869
0.25245409024601889
0.59820871608141701
0.22430273005681053
0.68687533702392267
0.24530972494950226
0.71933434091546145
0.49962210285708664
0.82451495340787195
0.67308081471974290
0.85632833656034246
0.88996909962616633
0.86098206417471035
0.92778720982859020
0.85855484340218746
1.02262488547365837
0.71458150986243107
0.93232272257426418
0.71808578184288063
0.90093060977776973
0.66735074080568535
0.69927569047966209
0.68999428211530189
0.58754102139826292
0.71583272891803151
0.33867574226994923
0.74091026705563279
0.27029812270157005
0.72248998485263538
0.23766720957998105
0.62175124806518867
0.34489370180106033
0.41039949944892040
0.35668383940785975
0.37934195831419759
0.43127657866285007
0.25969785761822811
0.50831350989308988
0.19186492256441809
0.61802937325178198
0.11206612390065868
0.68215920954541553
0.08563984080512500
0.91726071996592728
0.04126124854133006
1.08686965839264493
0.07896245343176377
1.30125208523559377
0.17316061215444400
1.30281667224875153
0.20820959341566359
1.36282784726541539
0.17247868233915409
1.32386286112006801
0.18834081139115669
1.14391887954488802
0.06817509607686489
1.03520177870582608
0.00145129063665351
0.80547997999321574
-0.12517330861791984
0.71254109780482955
-0.19128263321343461
0.56282854040030184
-0.31940420312693907
0.53107691912981936
0.83059755554821890
0.49782565591563233
0.81070670115662113
0.63276462999318550
0.65658555895026749
0.58586889629909655
0.65026821826817116
0.60797679850345931
0.54246753305976836
0.66293967164026468
0.54576752820642860
0.70350079261284837
0.42597993170187781
0.68125501971105340
0.40451066104418665
0.63953701249302242
0.36620231378173729
0.55898262785493846
0.41073794261261215
0.40893878121868382
0.57211614806935807
0.26335065336304658
0.64119932386285194
0.14166485031166010
0.72705558592762942
0.15430768823785615
0.69268881750757438
0.28107635312678397
0.81458259988793469
0.38545751362715813
0.86847316405216113
0.68761744688751048
0.92974626030051932
0.79317516692959444
0.94632066775716994
0.93580882875016358
0.88110928409404943
0.91047319906162871
0.85479564677963438
0.93370596663174465
0.76702505940842780
0.81989691056364389
0.78625982175418929
0.74523578560979187
0.79051003835434897
0.55506512600477764
0.82228954838121593
0.43551791165229886
0.84106425857262690
0.30424526953574549
0.79842652895517474
0.29777654040841040
0.70257280040149173
0.31223614014963902
0.57722772834507385
0.38744734319947638
0.41730863423608971
0.44875145699563856
0.30794458177580658
0.56380251896957267
0.18358718338244920
0.65311156247569524
0.12761512260920946
0.79376462858002839
0.08548472847124614
0.88981094394036986
0.07446563913507590
1.07419494736724186
0.06206352332857844
1.14739731015145252
0.07763130390044118
1.32650078199209087
0.10585198922190525
1.32713431166278695
0.15937900747579969
1.25341487478797853
0.05017167763271006
1.20951464216659810
0.01157480950464847
1.01458108374499312
-0.11521585657184849
0.94895362009290751
-0.17000087556595761
0.75651299025610896
-0.29102080272761321
0.74457187803527747
-0.32602503845597808
0.35853197696809991
0.90716750701857307
0.46890058634367043
0.80949511833305343
0.46180370801299508
0.77357656079469561
0.51063779443467461
0.70674185095071718
0.51140230977262746
0.66274113074736563
0.50936042109862445
0.65375066154055228
0.56066472755004382
0.61501938698747849
0.61422067105822986
0.53516320387256011
0.56285872828289030
0.61935013348296242
0.47706266799442137
0.70728708744237834
0.36811233886806594
0.74498372920705758
0.19999572027779330
0.82804090066036085
0.04389080830565167
0.80718530684422996
0.15115477040965689
0.93563944677932864
0.26405667534460930
0.94747481242433429
0.47626652655376545
1.02311977556322176
0.60588458933411593
1.03377006240532521
0.81375619120009790
1.01812051910264589
0.80138868384949158
1.01963557886645795
0.84177502874729948
0.93094827905300970
0.80841587262600234
0.91393819701309287
0.81254417484907149
0.86904958583169445
0.72834083006836559
0.92994174425170018
0.67752903134886888
0.96418055481783793
0.49045931550615923
0.93617332841837286
0.38270414801823061
0.91439095711975882
0.34802189429236458
0.79884100488004062
0.40328651945026578
0.70085117223681093
0.40060252956849629
0.55376162049225375
0.53237341526828830
0.33729820057101134
0.60413745943912356
0.28038610693587207
0.72248048513383545
0.19373322646114755
0.81048694305747881
0.20220297025448308
0.93056085718769099
0.13594021094857098
1.00174612072837022
0.19370008042827089
1.12590234938960232
0.08554560028053435
1.17260479733230327
0.03494494687338792
1.24900024963006717
-0.00087259719621836
1.14641100514126082
-0.08039123689221465
1.11116867364934935
-0.09194261478118823
0.96675638384832296
-0.22503934329067848
0.93492944857481530
-0.25147259754115447
0.78747256237566987
-0.36055124678082789
0.79556755251156863
-0.41402639151081727
0.21480483299489761
0.93140748976433974
0.23049910623178438
0.88294315281282210
0.26833387263878838
0.86287564515925841
0.31784375898282524
0.83891107297570677
0.39042653718512677
0.76565361631307283
0.34184897257418084
0.82224260481926015
0.43850754667416525
0.75111295487160790
0.48539498965900252
0.75692946026954300
0.52120333264457241
0.74635148110114335
0.44393210547645939
0.87568112169257672
0.31983145558664200
0.96225288390177699
0.19911958854752976
1.00749573525378833
0.12135647951710019
1.03919090061595631
0.16958331334904525
1.05646011454520350
0.34044479420291501
1.12974961458226875
0.47127312969328927
1.13790361382027272
0.69890720761176817
1.16812802187086806
0.70411846516299803
1.14040347460802094
0.75925566435141334
1.07048273181623999
0.68871221673281291
1.08175245527671882
0.74613958172197092
0.98058086498701957
0.68662495254653655
1.03887866051239586
0.75428905395171664
1.03185309015788973
0.63328479369275359
1.07332775761101717
0.55835608854862140
1.06931224198793662
0.46110118048448445
0.99273525384288708
0.45779279492624880
0.90512961593085672
0.45052689185900352
0.77865194637402835
0.49978746868641388
0.66681677269280304
0.55203939480993647
0.53944581265894109
0.66252383603627174
0.37988795847708506
0.75905092410576858
0.34981301813480059
0.86423759653569276
0.26925090199843016
0.95082968864598116
0.29101614949725951
1.04526666618073816
0.17009118712479032
1.06984220310779898
0.14880688964064678
1.17643118023436988
-0.00787424400459745
1.11065457214712904
-0.10096187232154669
1.08869237833298182
-0.08903334899692504
0.95649604715101033
-0.17876094567905471
0.95989345029178386
-0.21014978263685211
0.78766995461783984
-0.29308888180555948
0.77714274469021716
-0.33749310536760668
0.65588903046595226
-0.42677387823125179
-0.02847694385734265
0.97322103872038423
0.03032646653420322
0.92802629740803544
0.03138036108064354
0.91291507660652549
0.14890194148997074
0.89258084381466407
0.19097582753423675
0.90100642811128007
0.21124519673381092
0.93273317973764458
0.30077659076300262
0.90977119385083982
0.39092585745058439
0.90367355127384497
0.40208333783763966
1.00298253843346363
0.35751921308709028
1.13666458416869376
0.31679969787924894
1.10074705614428225
0.22628985120351378
1.21534537836652712
0.14863356147711368
1.15756018496487978
0.25996341030787590
1.25856683965445360
0.35061190732285008
1.25439979261909995
0.54266056545499675
1.28295923002383261
0.57468680537439731
1.27566830314021140
0.64494932781709047
1.20110907941834366
0.57556295120969980
1.18873325411736386
0.64950156942530501
1.11637591439124484
0.58672669724903825
1.13140576516647084
0.61165700842607695
1.14468995532596307
0.63483765244323376
1.22853064258892575
0.69711032770132797
1.26413350236397259
0.58293207071288222
1.15777338737241653
0.56052446540385881
1.13006731050143916
0.54356680877181451
1.01487108386994596
0.53614541556859918
0.90521814409276002
0.50484805410591271
0.72325581005055517
0.63144104335161488
0.62276675454020869
0.71180082144754619
0.54811469470112273
0.80849399873093974
0.43508230977288886
0.90284471651014653
0.44971359884880613
0.99017624415618510
0.32423764448429104
1.11234927507310344
0.27384633278960668
1.11749121611770463
0.07015613400074444
1.14478969279956577
-0.04548387660201345
1.11374252769283189
-0.06556670734030562
0.94563308044490313
-0.16877495652815144
0.89303038498558762
-0.18430503092509648
0.76810064565177416
-0.25064545105348823
0.71845874042086599
-0.27938828479653949
0.58575327295788093
-0.35401540804875797
0.60744476978118955
-0.40064859749574633
-0.22359315192960688
0.97070126254270894
-0.23459762470137213
0.95589737868027724
-0.12343356518614144
0.94904836080180899
-0.04815720467248533
0.95123687822584901
0.11597885881082202
0.95513803412984721
0.06617238539688688
1.02332631388076933
0.22749938122258850
1.00209109269481456
0.24375681202858074
1.07993289050495478
0.32744048248934954
1.11350073051423148
0.29806587778117066
1.23621966512786718
0.27136497552761396
1.31260133031778303
0.22970750580966270
1.28794895524827813
0.18861241053295172
1.36034199181975213
0.20327800243384517
1.31390075983888011
0.39789670560748230
1.39503670399558244
0.42072715318203030
1.38359587817315943
0.50096772399556821
1.32893531962510902
0.45108133344533957
1.30013666126446092
0.51142632271035493
1.22653077826766665
0.44982877217319006
1.22838653399358466
0.50061448494956706
1.19701190842712979
0.45257867254458628
1.29712551413658006
0.55133999252270594
1.32218744193686488
0.58615013763036905
1.35063587730109003
0.62323829188127566
1.30208923874201710
0.60773668109338930
1.17530700035416369
0.64288079708032175
1.13190644080256653
0.60468351223100092
0.96785141291620758
0.61611948969399566
0.87840836136212497
0.67719209466640440
0.82946681814395906
0.78037258538651200
0.68126079302036913
0.86228255617583527
0.64689743787726917
0.95574060050367571
0.48509855708707073
1.02545639625306051
0.42952092498556088
1.09698656472594314
0.24819426525371474
1.15007967826498980
0.19039255424083612
1.08113285683403348
-0.00115591568276974
1.03865862425935829
-0.05489499083730327
0.87334431507197197
-0.17179515981760757
0.70216409666967150
-0.22368514819199975
0.64626783705339808
-0.26022090780406715
0.49160161189351648
-0.32344154095002531
0.50840365230582818
-0.35163980675413797
0.40307081559283470
-0.42035524164095278
-0.44649805790675540
0.96100972077805269
-0.32585954271542289
0.95512669512479165
-0.29887311590106647
0.97355015416440405
-0.14986864003148775
0.98393282762833567
-0.09079336016002128
1.01902420873810051
-0.01220954827190408
1.06769110703471282
0.01470712509829505
1.13123563662359250
0.15896299876139022
1.17514635791585431
0.11834097979601776
1.29394492725443344
0.18350590042725429
1.41241838982929813
0.23729003335534615
1.36327836115907908
0.21261683374730750
1.46644874831111682
0.19497955848043186
1.44208711797886990
0.22541164678061137
1.50445246038600433
0.29703865426745857
1.48916318647345847
0.40145514978064845
1.43172758571558423
0.32531996882194453
1.41977806724799693
0.38022552590853276
1.33325898271096221
0.33088969157196579
1.32261665550208019
0.39194112283149818
1.27380150767711964
0.32668143326751192
1.33243269845896983
0.38797985024972037
1.35614481610470072
0.40444862126970904
1.45689811919160572
0.58354167883217078
1.43116726474184452
0.58805629794972947
1.36458599632809463
0.69569710368376292
1.32367485559721731
0.67908764684063716
1.14902221795295612
0.73121885613584325
1.08342251310093118
0.66528489658192580
0.95447187667730460
0.81299419637767889
0.90774378576390968
0.86545008810107704
0.87132538441015783
0.96444877298250298
0.67751524226566018
1.01914803070587334
0.60030145186842088
1.09587685266541235
0.39493847310797264
1.12144658355785665
0.28843786976234587
1.10557429512679573
0.09108852065419713
1.06989114006390151
0.04151536772500342
0.89371236314978397
-0.07466101384502621
0.84344600376761436
-0.11407569429196587
0.67763830134177128
-0.19588931914807439
0.47337120614553541
-0.26844086230139880
0.41379941112568208
-0.31172329453632763
0.30000352956434229
-0.39020208751744256
0.33842438986202217
-0.41808203152922563
-0.48538010707055762
0.96000122137609145
-0.49837145719018838
0.96639153271673683
-0.36617242817186496
0.98696180704844305
-0.32050087650533554
1.01837354428328575
-0.18131411653576590
1.05882580098172907
-0.22500422555080998
1.12526676472363918
-0.11271947798017994
1.19386094758476702
-0.05443923885813007
1.27638147263274648
0.06936648376147819
1.40430809457090389
0.10926858101656808
1.45581468505046585
0.16993103601455398
1.54544882300744990
0.19017795765111753
1.49012477789674547
0.17843596523763605
1.60119005001842307
0.18373764208698826
1.53849837762903041
0.29610100452945498
1.53791659711123518
0.25390642781922335
1.52593432597298562
0.30705217252936406
1.44240748290909138
0.23321032442890333
1.42547667103207854
0.27890957949045209
1.35744479939989193
0.24095098181825514
1.38133568972340881
0.31513138359650139
1.37320916936089743
0.27779307858466268
1.48751019219874281
0.40403090924571705
1.49512162236274881
0.46574888036797552
1.52447157289221935
0.67240824483818185
1.47010153993159820
0.72488590552521703
1.38058545753362383
0.83613729001778203
1.28150269169145714
0.82214684942702543
1.14219379774113294
0.90394976889556999
1.03614792712314774
0.94602119115329397
0.95042642067316918
1.02988849711626451
0.83515292876218461
1.06154343104890936
0.72340902916937777
1.13236918312053914
0.53124977489067060
1.14904123580594342
0.40907157292161389
1.15750320099316872
0.17198300430279440
1.13037966753375252
0.11895872690314147
0.95916196326707703
-0.01578805947680279
0.89666804905191377
-0.03226532571928317
0.69472067430084017
-0.14812510824535230
0.52625634585772596
-0.22913012151483905
0.42370774264333194
-0.27099310972954566
0.24500407283012321
-0.36491202964784053
0.24431475766451843
-0.39111778101949490
0.16720666820272323
-0.47152884358959790
-0.61861995250826141
0.99232092056384769
-0.49172330236659800
1.00251629701684219
-0.50547739075429021
1.01512186986245401
-0.35914767657373564
1.05887653804053072
-0.36698044375545180
1.09814981172886705
-0.26941281174035225
1.16745685394180843
-0.26784972650631894
1.23896430905534616
-0.09817117608519971
1.34987908537649504
-0.04072227394376324
1.42811113178717530
0.07965684457908705
1.59304974357770801
0.12215373707606479
1.55518108264098665
0.15287996071669391
1.64090989111746199
0.16137067180844258
1.59143423389916561
0.15092223589005310
1.69201470149227085
0.18187286289418436
1.65396316051631587
0.23157518550747852
1.53494370961201465
0.19521492660167444
1.52685810328136484
0.24043070362126645
1.44751872679559668
0.17297251456363433
1.45750518313751809
0.25187174000391188
1.41776752283338481
0.21678255271652258
1.48965909225369120
0.29686583877035272
1.50635297575600657
0.31801584076646922
1.58539021881794184
0.52907402471294562
1.53698726649764605
0.65384610374213925
1.50835560046604966
0.88379171738255580
1.42620836715488775
0.89889352792244592
1.32537064772307001
1.03144312002139826
1.17520356437989748
1.02847817593198054
1.05925782556741876
1.13949914705725464
0.88905237489169209
1.14584326694427285
0.79315888250532962
1.20121534885641124
0.59495350596573360
1.20845324663241271
0.48644202566272782
1.22185539429724965
0.27657333991719180
1.19762100217303979
0.20481668349552001
1.06802148017431486
0.03412235242965236
0.99277083610397954
0.01180000507286463
0.78688604896443770
-0.06570586521072559
0.70201971881212843
-0.09849582926429711
0.49729993677835932
-0.21939106088099289
0.42218136866737654
-0.27712176770246882
0.27038394041895952
-0.36949957535160782
0.13604913353932072
-0.45789608413155947
0.17358886197863627
-0.48900187176327198
