0.49419283898837124
0.33451229471947180
0.47414181389349658
0.31271888820122934
0.46097367629545100
0.32940404023884273
0.45275235464543961
0.32337143827135251
0.49799364349664066
0.32267833415431951
0.48111986733819062
0.27321752593796167
0.45699513012679827
0.34121147320166595
0.46563156219916269
0.30424260887190402
0.46247821134205575
0.32755634569258507
0.46348261692386505
0.29738275053612268
0.49689716180259963
0.32442974782107492
0.47364473137543117
0.30907942351542994
0.47845443392402642
0.31247541504251797
0.46183099074809575
0.30022504137632267
0.46439659518639609
0.30755802871903243
0.47408826433466783
0.31183788463636097
0.45079226108824055
0.33957244107290707
0.46663943257137991
0.31107087714171006
0.46397044441529456
0.31099405225356247
0.45498141169858908
0.32908371224971988
0.43344693026011816
0.30989789500886827
0.51143104353945135
0.28989033692401361
0.45487392514966879
0.28573920518481855
0.48440581874190891
0.32648248432599186
0.47749056414569502
0.30371886024932876
0.44616137564651182
0.31955326466151973
0.44875431838653262
0.28003718553820706
0.46675947490701430
0.27308606083434511
0.49363198174409650
0.32926087377908109
0.43553251129857762
0.30473804255412573
0.47610927641988643
0.31083952393897751
0.46816191219783782
0.32141213654595979
0.45726527311369591
0.33031934068086521
0.45588291361657884
0.30935091082497451
0.48946735199095232
0.33728390463720337
0.50559463051541886
0.33046846351060988
0.47194317651425960
0.31055047886275933
0.47226865779269833
0.32230039425159579
0.46261907176770811
0.32255776737743197
0.47530077205496035
0.32609931220157640
0.47225890359861161
0.32593868531691639
0.48434015400810054
0.32661932220365197
0.46215010000651430
0.31196566921554969
0.47692173419454797
0.31640726976499811
0.43805757802254153
0.32755569541446655
0.44700968098962973
0.32737956495779874
0.51264467194383601
0.30586770689950182
0.47134053604078607
0.30093445852750733
0.48961675054201226
0.26854691678098308
0.47142840361850785
0.29814922610777184
0.44872011211474677
0.30857927235314392
0.48998767153587636
0.33162910417815827
0.51611570580168442
0.29592379069482222
0.49637134002014788
0.33108741876591474
0.46527626107938719
0.32970212394910925
0.48676665487252530
0.27047066976349166
0.50475666635363525
0.29750683839933123
0.47222452502393714
0.30793864295641199
0.45054121626331617
0.29360372998296497
0.47873950653213004
0.33570065285589146
0.48004920660292155
0.31826926129444683
0.46341096620113381
0.30928961203613836
0.47176933629307188
0.32011991028264752
0.47355621167776268
0.29789804432741412
0.46958128940769728
0.30743593848686190
0.45539760661013029
0.32790473909965112
0.44684939416650910
0.31634830306369555
0.45760669395850923
0.28690087654067470
0.49437600229817941
0.31802941698876797
0.48727802380726676
0.26427028086791815
0.51261443429038711
0.32122569988805239
0.47536889348641365
0.31531416467704387
0.46184050608895316
0.29918659391817803
0.46938693669393583
0.31187836473250508
0.46262803859583795
0.29247352384229330
0.47350810981003733
0.31076081744297407
0.45224671590753318
0.27827599100240363
0.45966820237745742
0.28664955197989417
0.47054686308415228
0.32826681066254315
0.51521431740991530
0.28851613213619381
0.47146226599986807
0.30937940903776129
0.50522814612056077
0.27127948376923072
0.47725683883997083
0.32828333585201080
0.44124649066490779
0.33001182730292145
0.42392201089609693
0.32202332840708336
0.49641099763226276
0.27355715084415727
0.45699310090596856
0.30827750229508666
0.44134735106329420
0.29874588216576403
0.45375714201546430
0.32438854442792892
0.48372663287120149
0.31644196015708842
0.45624777875972722
0.29483096725171309
0.46137524838942950
0.32487025382047929
0.44586088542881097
0.28640243078450617
0.46792842723498029
0.30473879673689130
0.46422816236544179
0.30389936248391497
0.47399241956875815
0.29606157949442158
0.46606357041691271
0.31127102692832059
0.44783879163503459
0.30377313342458229
0.48065920499109266
0.28933563051496924
0.46633881227213914
0.28604824059367662
0.46347689146106863
0.33088531352315725
0.45742746587647726
0.32864139628736422
0.49316083702755076
0.32719555655192012
0.44795169047064709
0.34150899087527459
0.45075020612469741
0.29837112639670776
0.46497791846068570
0.30126055103596799
0.44642208619663259
0.32678039987041035
0.44937465020830275
0.29601993277295613
0.46959239767285138
0.29716493834927260
0.43786269887481899
0.33821234621137952
0.47055512784572495
0.31071942941845415
0.47889183328899554
0.32878403007307871
0.44829269876327615
0.31023264047762045
0.46069035304585826
0.29020173590847698
0.45017408787148006
0.29804363878259554
0.44502547062411979
0.32044825705303642
0.44263750276365721
0.31264740375715011
0.49136027747238886
0.32840733801950078
0.47221024612063112
0.32493150694485706
0.44977556016392128
0.34075149435712987
0.45080682003043687
0.29912702593685569
0.45782546166462046
0.32233989989988376
0.48613042198198325
0.30008571436234199
0.44038390285307494
0.32114861249730203
0.43212910675112348
0.30484153907333150
0.48064023322762911
0.33399477363820795
0.44926037568462662
0.30989560234037217
0.48068683290547998
0.27347324409286905
0.44762768193959895
0.28680517323437937
0.47180460361879506
0.30414773710694532
0.52758214744895071
0.28385621920877396
0.44269149697683235
0.33229388249052005
0.39826129357499179
0.33410570544652757
0.47848046907927577
0.27202293280148482
0.44299250397039025
0.38401934119383296
0.48221900381376470
0.33176726139545848
0.47486421561520026
0.32205494368251270
0.47047870288763161
0.30671420621992845
0.46385306978056845
0.29567292864673655
0.51677273209242602
0.28203233919138349
0.43471459408262669
0.31926563833880994
0.43731713632537678
0.30112668495796152
0.45261449173296381
0.31514640184706422
0.44859444469250759
0.33030721940908320
0.47509395927417164
0.32323258570288577
0.46993443059642959
0.29997509067238920
0.43548921881480235
0.33713379156671275
0.47494777766496477
0.28398873747893683
0.47148348384537014
0.30421982909436529
0.47240049377541304
0.31660578437758258
0.46379252381509412
0.33408954173328359
0.48276664427820121
0.29124105352934410
0.44488428172262240
0.33200809014514521
0.47120658485401773
0.32133761351099882
0.46241800944349004
0.27648238263771419
0.45018420338474818
0.29247174980818835
0.46589202434465554
0.30315666607222941
0.47039513617962236
0.33588857767903668
0.44050275802590377
0.32335157470433623
0.47219490054831875
0.30997972270877860
0.47114705956385405
0.30716500841203009
0.47748360111435273
0.29846463200272860
0.46286571494277701
0.32895654574571220
0.47636805845010211
0.32737616936396735
0.46174863413779543
0.33130854863500769
0.47085481045430438
0.29497815877595635
0.47844075287747823
0.30138815314817929
0.44954093265874190
0.30901776240240325
0.43425905700333167
0.33160036671497023
0.44830538636590395
0.31772929293973645
0.43434933482937471
0.31992115490975098
0.44709044039359780
0.31386407545815465
0.43733366285806985
0.30757897012684121
0.46702120151690285
0.31940596088287426
0.44210882743148305
0.29735190796823624
0.46885082859185467
0.32783408885547749
0.46412571223200222
0.31991058770320091
0.43545594525465064
0.33467594484737329
0.47319115198098649
0.28712767114172444
0.50925004855035039
0.26977478720061077
0.47283203605714408
0.31063540998676087
0.48294900051609052
0.32978828647019620
0.43130253348816178
0.30488760654129143
0.44865113099825599
0.31698589837034258
0.47503601601626072
0.27377407478128052
0.45088728820728696
0.29173935339772616
0.47719142589257374
0.31556465810195439
0.47156039263737670
0.30765316515870145
0.46708017449048606
0.29046850695373738
0.46907693029699765
0.30035531882738431
0.45843865407746526
0.33096961750095200
0.44188788308214044
0.29776589291709493
0.46549848836449537
0.30167562817717103
0.44761116745767826
0.29671148217921223
0.47004082455697771
0.28713942168183232
0.47687389496250554
0.32022616999168402
0.45589878497213154
0.28874913529740953
0.43201365470614739
0.30194752991119778
0.48624432285415320
0.32922713363729461
0.49399162778616063
0.33219018096309605
0.44017105225374020
0.31431732597586082
0.45808879747783487
0.33891602811127641
0.47371637852066417
0.32840516092698380
0.43400646238802271
0.33641351446348289
0.44809153116598610
0.28480395544124681
0.44875522110107646
0.30007831832052634
0.49131594922007527
0.31724356726940645
0.44421906985733167
0.32592038441865190
0.47315048946296423
0.30618211859432021
0.46518429398361294
0.29798136873809683
0.44601780134686309
0.30918313821413734
0.43476164514585014
0.30367053169162789
0.42253697106935389
0.31982331099355282
0.41513946252880546
0.36040513193325735
0.48209923627805229
0.33083593587054272
0.47318170483530836
0.32646687802301855
0.48900828329983598
0.33349049731903857
0.50368954997993698
0.33253063123771426
0.44488454686690859
0.30367935157912163
0.46027920820349399
0.32778086191995909
0.50958974443117566
0.27651829387716409
0.46500569332826397
0.30876429023076191
0.45755981293303044
0.29886942295814001
0.48496179578157222
0.23408814665586047
0.44861501871336795
0.30431165129630783
0.48802223234348457
0.29994290496640696
0.43024555097318684
0.30946323875322634
0.46731616550546118
0.31081067035810150
0.47171196722691056
0.31407259391314307
0.47756333557409247
0.29800622954766770
0.49955531700037448
0.31768075492081860
0.45245907919315309
0.29870082092364858
0.41082395585350739
0.33016048849660701
0.50667511240552199
0.32934857789753436
0.48013313595937335
0.31757028414809291
0.46035171090401122
0.30506115076151841
0.43140956743515074
0.32062470539680094
0.43494031061476390
0.29469035109684893
0.44815800422391944
0.30329549566503455
0.46950004076467988
0.29570771668719215
0.46829463006578337
0.32111457051796582
0.45067712708020607
0.29498004840552666
0.50095446750263040
0.26510577926553786
0.43239815944534032
0.33369384543093272
0.45637482221694503
0.32652460633914415
0.45313127844192408
0.28387160238256981
0.51146266446172639
0.26985640215704232
0.47062880336362656
0.29251930334312676
0.46956558113606850
0.31030474376610367
0.45039393833471625
0.30875019114193220
0.45175979188791343
0.29837332730053051
0.44748708912871543
0.32918704059404336
0.45340791930048119
0.30266427757593328
0.43497788486172784
0.33002108499518484
0.47797424404733957
0.30943093641244213
0.42732138823876192
0.32821011961594926
0.45822114352741117
0.32794912003080018
0.46972497624852355
0.32589287683226825
0.45949072315072320
0.27619373567569083
0.45270520184002971
0.28599408005686433
0.46453261589004846
0.27090529701155247
0.47216071314944796
0.33325401614327715
0.44389900567134388
0.33318718065421904
0.44398409217313922
0.32963059736228306
0.48959953828193747
0.32416700519298081
0.46599509179311033
0.30757575031856615
0.47747886653916499
0.30172466803478809
0.44682074991019433
0.29902724463788610
0.51922675529641049
0.26538087506753777
0.42876304756140171
0.31046324356786459
0.47356149545789505
0.31314537610634902
0.47492036153405448
0.30201453699754643
0.46182128164405906
0.29676389449941970
0.45407007822746787
0.32458850523648419
0.48402588225455456
0.33051953050986771
0.44515846733791181
0.29670066890292790
0.43815237411686830
0.34003132634483063
0.46922887415322123
0.29502505760563608
0.46644321106210207
0.32400921524059512
0.45698336236843784
0.29224656632895069
0.48915090267745176
0.30503767809588278
0.49347753279610196
0.32445422995025974
0.45790946893613038
0.29392175725606851
0.47518674158948959
0.32484946359124400
0.46143768203444968
0.33316025590898046
0.43675950929996282
0.31342317476951331
0.47268986530356916
0.30912257337560617
0.51416041727772788
0.27988298853874355
0.47229802173265301
0.31534465221898156
0.47321990355730859
0.32716187526268203
0.50126752744620684
0.32258385724252886
0.45277938612196178
0.28157856974723888
0.44670797989557109
0.30463753816123684
0.47928865515733754
0.29466509777571398
0.44736374659985367
0.29759762200706091
0.47225889510538793
0.27630385436231297
0.44729641048173174
0.30832364335927159
0.46890105256585690
0.30280178583765022
0.48029319205178506
0.33110089176313506
0.45587194266749287
0.32667311100590790
0.44772576456820101
0.29325969427851395
0.50712719710449894
0.31356560808362299
0.39041628531277006
0.28973603036836348
0.44737717369618857
0.30805506148813522
0.45476616505324563
0.32104707017805822
0.45489187486230076
0.30505058193207757
0.47664559859089017
0.30834096586870063
0.46010372152785989
0.32797414181791490
0.45267647311405945
0.33522583961876590
0.43763783217147084
0.30103444151329012
0.48192457113235299
0.29866626380629530
0.47866303198912374
0.32164993108375306
0.45991081405492840
0.30848386648529258
0.47389162032644855
0.30486865922295170
0.45769305131872479
0.29462622736715455
0.47338525555410588
0.31625075631886335
0.48932287429879306
0.30573660592688068
0.47467871191124261
0.33330531608176528
0.46288686106045029
0.31049271923367983
0.44822957222728832
0.29679920195414677
0.49864648898725122
0.26957260619723145
0.44338709077855770
0.33140516381773227
0.48200995233194066
0.32241851064942162
0.47292573418135070
0.31728479113352348
0.43352437428671203
0.30989905070266077
0.46038905933486440
0.33018365474539879
0.45077503284690973
0.30271170255662166
0.50053302470527861
0.26106968671368425
0.45377505176445637
0.30078098649807439
0.46382817160347256
0.30941733156191981
0.50266554100920080
0.27188215405666011
0.42517441395574063
0.32663155287149703
0.48659319914685389
0.30183612443812946
0.51782806068748766
0.26151631597334168
0.46935807198911111
0.29754947579586477
0.46769003844445545
0.30524400744046581
0.43858480879699407
0.32848068809338021
0.45886888028802708
0.27912758319598679
0.46245045711324756
0.30847678835191950
0.41956035119263457
0.32819992968484718
0.46440109030545823
0.32709389393735788
0.44992799026652225
0.30062488531499743
0.44231215742893837
0.29511156600479166
0.45500791470555874
0.32285114541474969
0.46326401766798214
0.30911779276007939
0.44762957661652825
0.28223954356209402
0.47103379833157755
0.29748083648787049
0.46245037129309036
0.29963206896750155
0.47437058522592374
0.29923132826271415
0.47600177310401159
0.30433251896918384
0.46663350053557723
0.29902613615465579
0.46221591325827033
0.27697998853320549
0.44485705987191793
0.30723434219529672
0.47311698432940369
0.32476633092353691
0.44861027182101965
0.32809443511166281
0.46716646664300743
0.31351372065961014
0.46513900933073049
0.29917345677667273
0.46538729630408215
0.30238484917423375
0.44974496861112706
0.30053392877139951
0.42701433537400313
0.33090480470226158
0.43990660484539190
0.32089707080469348
0.44562268125814802
0.28654681025783874
0.46611053888782455
0.29267609730476224
0.47272690686570512
0.31815203907609263
0.47236342300009382
0.30573910943388116
0.47841653682706398
0.31543530088499688
0.46890399434417346
0.31887725796724803
0.47661021830574896
0.29862855395355964
0.49614325519009872
0.32847415918441669
0.44825712235779425
0.29176527935301555
0.50888001619692780
0.26806520524654692
0.46814514244754407
0.29716897729617420
0.53345532272060237
0.27005432477221764
0.47362579808026234
0.29775290842488727
0.40608366524505918
0.32704184447641821
0.45580017612608859
0.32720787265714113
0.47474763673212639
0.31180601219583559
0.46195298864930323
0.29160734100549046
0.45212471886072381
0.30021667158940479
0.46422164991644493
0.31118460399691039
0.46711437337105483
0.27556786810672379
0.51368787775372082
0.28820764334906923
0.46148121177647083
0.30711088871806375
0.45660783548934464
0.30526948090111883
0.46217432479544379
0.31132573054576157
0.47090532457452750
0.30518125573981308
0.44582140364815770
0.29654096358108545
0.44908425150961606
0.30901896093886233
0.45285253771667072
0.29157317410073713
0.44552960733558061
0.32136626846110117
0.47499764962032825
0.38314033188170654
0.46320811111414306
0.30788477156056915
0.45474982970663047
0.30547685973977995
0.48495841599506473
0.31297833902710565
0.49574571542938617
0.31813594362830494
0.47196788949701840
0.32402896536991771
0.49526543721810568
0.33456572580466215
0.46584263534796383
0.28484647238724503
0.44154374080602765
0.31720502658635091
0.47714790285431791
0.26630282997843657
0.47104076538859008
0.31533736775669896
0.46352673809737216
0.26731130190112073
0.45001870044202941
0.32545816525997212
0.47245661518622062
0.33627548649488737
0.47423262916570796
0.32146403596847578
0.47381638940846244
0.32463652258547876
0.45089004780359759
0.29394079490109248
0.54086167514515637
0.32483053888993962
0.42058752636510593
0.31839273231620457
0.49388517389324516
0.28470221155976438
0.45478207751930749
0.32091163543516066
0.46176570967592151
0.31173405543875543
0.50616246713712654
0.29235041879602475
0.46522118049708977
0.30757689846190817
0.46982110714776049
0.30690004672968307
0.42718622940852108
0.32049804218812178
0.50375265688901893
0.26235705957468675
0.43697098571892418
0.32741182378932687
0.44443096787956105
0.32779200425627719
0.44506132088983252
0.31138505283877038
0.46316587599969561
0.31101067905561114
0.45721462757381681
0.29250649028801301
0.46617175537293803
0.32333173928798664
0.45808351662522473
0.29839803222406608
0.46943183206016509
0.30181599805666731
0.47049920587347582
0.30312143604707931
0.45992299248559343
0.29028806664494017
0.46798209140159974
0.31882858043624568
0.46501635068505220
0.30959899882722292
0.46785613119618052
0.30795518735018634
0.48337091737073090
0.27405738813064395
0.50770114579094472
0.31009469976152609
0.43548166059966964
0.30516717347853395
0.46185591683846922
0.30908192731202344
0.46139357246289503
0.28650339518014978
0.47396200742074829
0.27700402360317961
0.48141065424733687
0.29560610706281015
0.42815305749526522
0.31197874931292774
0.45502392139947018
0.29554752704017628
0.46419950408681165
0.32469609863767013
0.50978694918755330
0.28684507742119814
0.47061737237082513
0.30188717454231540
0.42449582343989445
0.32857669038744680
0.52743756423559196
0.27517322779629011
0.42278104165013403
0.32530242287624633
0.44438807875790015
0.33315595257070169
0.42542953600549926
0.31562430501226535
0.44786319341061409
0.33045188524982966
0.45190960138040659
0.29247738566295239
0.46904324799424280
0.30446535030203237
0.48658038510619922
0.32270161195911973
0.46850407989990323
0.29298157038198919
0.45971921818475869
0.29027811959040700
0.46147847026166416
0.30540756805510766
0.39665230421486597
0.33089672469640408
0.45248269679880299
0.32370164635477183
0.47967741159387117
0.31261272600564372
0.45786366808980988
0.28637155545869281
0.45232621093114334
0.31627820370308402
0.45372380661385714
0.30373756128448531
0.46845409571722407
0.30347143848103991
0.47035250895256947
0.32758021027083006
0.48873982604844091
0.31626370207546900
0.46616872772501367
0.32747099766676319
0.46067387479725641
0.32607745009526601
0.47682157401705949
0.32286915876791289
0.46346994936654196
0.30950599058190786
0.47486230058303930
0.31930800797081810
0.44856470282160077
0.28857314100254805
0.43855597571041505
0.32281260601180900
0.49884905771537280
0.31830872271162652
0.49434022064940086
0.29564394013203132
0.46722262644844254
0.29781390892382392
0.44752640084178053
0.29372630291990481
0.51757408909038449
0.28837631059213120
0.45062748049189105
0.29158952678214256
0.46712210334053988
0.30297270013134103
0.46395300179895049
0.30848077276634450
0.45011361860812060
0.30052822331117052
0.48492464756640830
0.31304839643174553
0.46449030191538698
0.29177725489497003
0.46643237554735600
0.30868885542940810
0.45669671051102384
0.28036575788420659
0.47204620987342705
0.31312932102870050
0.47458819202239694
0.32692486258726344
0.44551731664186112
0.33255901779299324
0.45381685911397246
0.29463157873408885
0.49130728234777532
0.32457856627083581
0.46591711906857869
0.29961922808033359
0.49915145102031488
0.28500763310773136
0.46793336221472248
0.29182072025078332
0.48757831578919070
0.29997180278450541
0.46787439273552056
0.28560346411679838
0.40067716058019720
0.33231461171860494
0.44434759900571041
0.31641177337309340
0.44679609394717218
0.33708575864370743
0.43303794129427842
0.31991271174649782
0.50872419031388016
0.31737124962514557
0.47852741552365546
0.33845613106193490
0.47335564285314985
0.32339652402855834
0.43811302385091561
0.32585343502356656
0.46460546400034236
0.32135806624363006
0.47435058728202251
0.31648166446726650
0.46716599852292112
0.30172412866279813
0.40808512170992117
0.33052687297466221
0.46314291159446935
0.29955424522449614
0.46856105362132261
0.31016260795237194
0.47275584988340685
0.30417885021573354
0.46483345963119710
0.30780017845391361
0.51938382386476278
0.27360780728206890
0.49468951194939603
0.29154531897106845
0.43208478978070558
0.32557836197605838
0.47989437581593175
0.32155856905265351
0.46187660536989394
0.32225319066458485
0.47733009038479118
0.28330252392837507
0.45942384223571325
0.30362255970006996
0.46819620510975879
0.33084003172833742
0.47142850969334832
0.29323286996420006
0.44921321744566917
0.32020654295967843
0.43499072214350704
0.31511435272509580
0.51072071524227125
0.27195770977473827
0.47247170395373006
0.32121471954402164
0.44339413089700880
0.29540462136732465
0.49693657671324520
0.32253031680990357
0.45154283882046420
0.34062440826745660
0.47263092461004719
0.32208590045984253
0.44483701291808836
0.33857772859694296
0.44510320285639554
0.33081039466433237
0.44259580102388213
0.32893133440179079
0.45380727773495955
0.27587697614253504
0.43514614640403826
0.29890166577065652
0.44161543612441734
0.33039809926359320
0.48955510302008659
0.33436821813139295
0.47383888043529482
0.30595722181009238
0.46014323097807103
0.30906572191407711
0.43892000242038898
0.30025702362623619
0.45029961378000660
0.30127825901996164
0.45162699266663830
0.32903756244261234
0.47540886594817044
0.31365196005395163
0.45052642586912278
0.29219808654731982
0.45361029660226243
0.32386418405355788
0.42834159723773735
0.31417271234253452
0.46217386021433265
0.32410670875128145
0.47783968557531792
0.26512652500461042
0.41365425897089214
0.31840819178862051
0.45549723929805824
0.29220663756665932
0.44604828656653217
0.30572124307612714
0.48493613533238933
0.29694275318023955
0.44158834581523704
0.31589205799539266
0.46282250266149577
0.30979796995668080
0.47120417518580798
0.31028967909732413
0.47835959462929051
0.33677051822862764
0.44580645911266681
0.29374639969774363
0.47938160548648412
0.30912989140887820
0.44427958695524894
0.29996410742967661
0.48954661325767151
0.32111527995428940
0.46258760701559593
0.27353316580504183
0.45929625212064762
0.29003664288334507
0.46962038064976974
0.30847935155530448
0.46304363630719370
0.30749874646480818
0.44096732748618661
0.32028952197712790
0.48823328734500920
0.32722420076752112
0.49299197004844203
0.31852303394923664
0.47049353867835364
0.30621994051470436
0.47218017263276524
0.29827701939641027
0.44846469645143627
0.31049058405344465
0.42691228012355187
0.32473678259989402
0.43909602792412472
0.33492318215076222
0.46184769510531570
0.30912336498404080
0.47480890747767496
0.32490003427942815
0.45660543510167784
0.29178092653063847
0.47109952913474451
0.31351144858290175
0.46766940939109042
0.30120255478651342
0.44104017468982948
0.31054298456619223
0.44618393987122851
0.32923643229091876
0.46522980311136736
0.30799643891873552
0.43934066790563009
0.32424201441426626
0.46077865776026228
0.32607129876670593
0.44625986077732960
0.33452308349674670
0.46811044438404037
0.30419153811201738
0.43986973652776384
0.31162607842932738
0.46403658073586534
0.30664685953577153
0.51201630193629055
0.26482577189845730
0.45747544703777066
0.28403577240222000
0.45464775493997023
0.29391610525285189
0.47222077250039773
0.29859938672652814
0.44989013150417517
0.29552955142589282
0.44744398558354359
0.32528864743568614
0.49350770863571980
0.32417452324961027
0.47465727870718266
0.31934243809400753
0.46730888314565822
0.33220359132922878
0.44885431349954497
0.29420944638854069
0.47975419103191441
0.31607960371449212
0.45041122941280087
0.31659814243112427
0.47620708575092885
0.31690829617271765
0.49051336831483616
0.33032181352742457
0.43914263156561284
0.30531815759863989
0.43121504707580655
0.30694327357572482
0.46181306141517647
0.29516198676941174
0.47996353601401220
0.27056309028670422
0.47038200251371309
0.32895113194767955
0.46263376862685474
0.30680322390806508
0.44650235565430102
0.31691721566258640
0.44919510198037105
0.32579427081070939
0.48335375094563643
0.33433595881080552
0.46498088631210699
0.29587442443300682
0.50898470502630855
0.27251311411607443
0.45397763904189259
0.29648111398477828
0.46304822759420033
0.32427240784697658
0.46653398552209330
0.29735278383028996
0.42837692206845462
0.33048045757151873
0.46274034326054031
0.30985234707767240
0.43109153792762844
0.31964337284011829
0.46027391261856909
0.27650235035945192
0.44616234324399495
0.33849067609542743
0.45718704799997645
0.27661707013306674
0.47500178047763192
0.33433825398994732
0.46254491965484062
0.30155755522467087
0.45490883176718178
0.32048846337388104
0.51471897158211721
0.29486952749456424
0.46905604175760551
0.30013517805839640
0.45364311325379048
0.30202315370039978
0.44629712025532986
0.31746396761093243
0.45900229213523636
0.32919703602063222
0.45686877252069547
0.28488923566150648
0.47042393603277477
0.31049160019786209
0.51682642304711812
0.26858372494071747
0.40178749302738487
0.33166631565968313
0.43824711858834942
0.30220695714637463
0.44108505029377543
0.33620485989663967
0.49148342646849619
0.26970852719165900
0.43442695974650558
0.30264315449240831
0.47780170243647435
0.31207367778580691
0.47199268926298399
0.30977326608441152
0.46933756271369237
0.30006479846242062
0.44665063137756472
0.31513550437340737
0.48442282961722166
0.30289638553397141
0.53730906038097570
0.28138588716622315
0.46270471356007831
0.27872513442870972
0.50957525577433294
0.30447440244662244
0.43716213829484019
0.32893603499875068
0.45444397381833657
0.30548080868495531
0.47017112030306946
0.30057997847822415
0.45300266668429401
0.29857428451890389
0.47454199344602699
0.30781990787939634
0.46727683960357441
0.29436235089220303
0.49373017438563699
0.32182824785182640
0.45361545447554386
0.30103399278652593
0.46555097895183867
0.30809103166425922
0.46539130431577491
0.30192780391698132
0.50474622098980404
0.32694613215270862
0.46499693701713812
0.28011596076322198
0.44860246596324804
0.33395297827000486
0.46402875423186690
0.30853686194192897
0.47201530064197467
0.30613519191621569
0.46735824618930177
0.29889575110164157
0.47280630318840733
0.33081641572129972
0.46489259249804199
0.31023149332683203
0.46824911032148453
0.29109250804900522
0.52049191601803990
0.29157773141013865
0.42198660088443474
0.32023813785975958
0.44608078819834562
0.33591591259853920
0.47467455424157390
0.31915987211282454
0.46703902908391637
0.29887787439882396
0.47193562154403196
0.30223629309587574
0.46566943786501347
0.31178344508743533
0.46528056349196062
0.29164769752703495
0.46071966123261465
0.32869226363350140
0.48618852695062470
0.32634180269305119
0.49346468370631746
0.32345586574175711
0.45052715876144750
0.31710295316038972
0.47056361966385279
0.32721589347818203
0.43519874887580801
0.23786737211369860
0.50888163540789799
0.26747311282082786
0.46685965760221415
0.32276262818801221
0.45634674579516932
0.32766128785092313
0.50024761540087126
0.31542399422191214
0.42504818890179297
0.33891638297182636
0.47998736219989102
0.29147028434827787
0.45908384314635975
0.32160184276185433
0.50991180118516055
0.30903105544280884
0.45088139105032998
0.28511666086804049
0.48940022549168449
0.33321040593170864
0.46522521690006158
0.30687237739714651
0.46379268284332670
0.32848329166957174
0.47615396897827506
0.30904941820293269
0.47702521391368857
0.27057134571189223
0.50282931007693332
0.28839854952479249
0.46891706554613227
0.29108856964790808
0.45535830390889459
0.32726114494087921
0.47300569241286700
0.33075704331320116
0.45085954407433182
0.29219616200438048
0.47648381782941385
0.32588523316298584
0.44927896176108950
0.33766089917067976
0.45226141998607439
0.29966645562772531
0.45379321207397977
0.28742949948363333
0.47783499923520206
0.32360887228960811
0.44702100480836121
0.32254814625855532
0.50607182233323122
0.29424331603333176
0.47969184233866269
0.33856200682220255
0.49302801809009228
0.26575613954458621
0.50111952001487003
0.32868638998033983
0.47191866383379194
0.32670998009438040
0.45564125661748173
0.29539217851335015
0.46732511035909119
0.30702680643341951
0.45674760529247982
0.32554346905016762
0.43581239243673398
0.31327059390631312
0.47366927349064558
0.30546975217978223
0.46803734251816692
0.31054027421522007
0.46829523132480871
0.30544190234264368
0.44629031653557272
0.31455876888648587
0.50591458774599496
0.32287379405019351
0.46500758892539928
0.33094675790835654
0.47371028128441883
0.31048265883737491
0.46043310396108250
0.30777310082048814
0.47834319171104517
0.32887193768802658
0.51423329056092815
0.29633314844680175
0.46979112019624086
0.29991678345766226
0.45949749813559293
0.29991177415211423
0.45876306637615510
0.30057913280485626
0.44911211447682942
0.32201854555962972
0.48135726532650885
0.31041085359772586
0.45830094151521966
0.32769891486997510
0.46566755289410960
0.31054624818537008
0.47270377983034939
0.30468612350987373
0.51226673263501610
0.27905773604066153
0.45306842201334668
0.31400391579761572
0.51443193031693879
0.28771586548334888
0.50386821775124668
0.32581159206855204
0.47372295105071077
0.28001973739808866
0.45340451492667855
0.31771027301324184
0.46744283695113581
0.32704720115763852
0.46215438023207295
0.27612995487446501
0.43342078650367521
0.31283899571958668
0.48170980220122250
0.29989018733417416
0.46923128534996728
0.32390107407708330
0.47496728721452508
0.29278599124886884
0.44795628952409028
0.29869402852726817
0.44514259695237846
0.30546176639005712
0.46941819476777336
0.30051206291743965
0.46313441043249026
0.29202992496314378
0.44856815791996513
0.29266387527630999
0.47809606746785627
0.30888672127483957
0.46354415590862647
0.29260013305734672
0.50603887830374927
0.27304169655401622
0.43496169395199874
0.31432474097770424
0.50947248797651701
0.30204186852458059
0.48126544178380631
0.32547180927311514
0.44598739104661667
0.30949563102741784
0.44807826685060109
0.29736650798498171
0.45570362353964639
0.29979754868371578
0.46057451979768288
0.29874058156620620
0.47391871800379121
0.30447835933430190
0.45057923808889372
0.32367121536646087
0.46562398881995604
0.33106754981132314
0.46661009587483171
0.28915823718817285
0.47385548016893919
0.33090104739076365
0.46990429798791272
0.30678862874557367
0.44084127091618869
0.30671173652668809
0.49881487963743093
0.27806285812292036
0.46905517060057283
0.32883369394044704
0.46867830345101164
0.32436794716250467
0.47396872416053143
0.28938905524167341
0.47068086164435041
0.33323099396122091
0.48650152705530542
0.33016487520228494
0.48614296212667990
0.26753613434471979
0.43623247455486236
0.33804162758838918
0.47271747596762748
0.30889468928568531
0.46199665862259220
0.29556436849214374
0.45728598993242947
0.33685752059253260
0.46791317707143859
0.32974469041385146
0.47160455583786021
0.30062967703455845
0.47486133702934380
0.32054824588985281
0.45131467996013713
0.30181118221161396
0.47013917670491373
0.32476045339332377
0.47773537803547755
0.30985403349456053
0.47979156646791504
0.33016530098702646
0.46984597248915239
0.30809441486265954
0.44829021255080742
0.31244228538930419
0.46955944790397397
0.32460098806113236
0.44244167303618387
0.30235788342693692
0.45408837699542509
0.32085651566245471
0.48206330485924914
0.27382207034338746
0.45236235955717308
0.32433644172517140
0.47294356949242539
0.31767758576728994
0.47273725019780577
0.32822285905636744
0.41572661697845853
0.33113512707839998
0.45472217741540949
0.31972742295821144
0.44489186221540988
0.30481478962563879
0.46893359025218073
0.30780241309691642
0.44869861169094533
0.29934987824494991
0.46445260409346834
0.30255655677359178
0.47350499065485696
0.30796917866088358
0.46028057647531806
0.28845378838787450
0.47889744210257179
0.29222230999440946
0.45016807980870677
0.33911007650525621
0.44420118925978436
0.31568027421676931
0.44597933009319268
0.31642638256505651
0.47517040284441103
0.30594861408990653
0.43082880018994352
0.31629677126893047
0.44314559365106282
0.30745375785719187
0.48193365423617252
0.33417723850508924
0.48196753447257745
0.30868174969246892
0.45471041949182672
0.30759359630593197
0.47131321998077852
0.30811833707738584
0.48633402109939311
0.31290790079905773
0.45770253628167723
0.29294852741150940
0.47342588235187766
0.30361105029529889
0.46981289356095390
0.30407733593108355
0.45480552775706484
0.30508547336563946
0.45856554901146573
0.28834230139372874
0.44242904547271561
0.30069146226749649
0.45546454050788926
0.30638195796915274
0.43137639935556094
0.30173346627654068
0.45969108474552317
0.29669938408063407
0.47002751653894836
0.30067169085265644
0.47523038827587227
0.29019366401804753
0.45119071600035798
0.32185661710183272
0.43026309802790047
0.31847468796105066
0.44618079814703543
0.30665973006987030
0.44811045909140984
0.30230045028212799
0.46423832503149298
0.33684389002662107
0.48762516344341539
0.30669474336505309
0.47331947153174536
0.31288522069977615
0.47255660461687043
0.30751230476937530
0.50162754471459525
0.29623291866420925
0.47228722362420750
0.32389611652965605
0.44505257880680860
0.30943966358738972
0.45188338624440372
0.30186268858581772
0.47614074714985993
0.31245004024696477
0.46962765410970797
0.31320491437652315
0.46268710057919704
0.29856802880614208
0.45336490919280314
0.33029467141687935
0.48559749199257357
0.31895675426306486
0.45650521158427376
0.28990068108540518
0.51371328151431050
0.28438944046979248
0.45508417069842194
0.29141441726626732
0.46463454591367220
0.31146291111441332
0.47284377255814658
0.31353925470474853
0.45200282284857574
0.28903859439879004
0.47793749835556171
0.32234728993809025
0.51096076813892632
0.30971752973603917
0.44634953566549923
0.30482537644325186
0.47153413851889003
0.30913851536171960
0.47471743197612282
0.30698894294491785
0.47575077126033205
0.30935359037555921
0.43767468735878501
0.31285166052729257
0.45037333879300623
0.30172145951567342
0.47004143485552552
0.31508986011449008
0.47520745789958130
0.32934563787450388
0.47186225802267745
0.33060617421408456
0.43715843158933182
0.31445926154446535
0.46003869991768204
0.33398679139679643
0.45811430266533704
0.30103141038601500
0.47054683873113040
0.33921536106651240
0.47828713737407719
0.31499775305222449
0.46480511071020453
0.30373645022650708
0.48247792878507484
0.32530629211281131
0.48048761648606020
0.28936494351633801
0.43583522096589583
0.30692001465750368
0.47517397477187889
0.31550140453010000
0.49098215450743626
0.28452325893726188
0.48924783946792466
0.33140923812916057
0.47728270225326841
0.33499441456009610
0.45715834337254913
0.32781100619149778
0.44964958520764531
0.31932723253130479
0.51845057775254511
0.29808980412674457
0.47281455340432998
0.33309771398501475
0.46504632816606856
0.33835456574483913
0.48188737117844405
0.32233724491823973
0.46699953136337174
0.31060869530054408
0.46701215504294974
0.31509396843928400
0.46214563751100518
0.32885549970511463
0.43490815009222183
0.30538009528726395
0.50566789880217000
0.30205735544625006
0.45533620217394954
0.32921476141277700
0.48799167099244556
0.30917879670150811
0.46809049197883817
0.29365051617221849
0.44491887544149511
0.31904315056103166
0.47672254536873843
0.32467709789911170
0.46587879327288539
0.32862613131471657
0.45771529629324709
0.29329790788128945
0.45197290335207063
0.32562218186683534
0.51617415574742254
0.28302932271466696
0.44699635915416436
0.30791630478228710
0.51084214898256819
0.28203182088134776
0.47185779895142954
0.30343472098071689
0.46646435095813654
0.32632389746289908
0.46631873155352549
0.33078224862794303
0.47763946131692081
0.31339576669538555
0.47242845958106072
0.33375549925029963
0.44917558747060915
0.32423251981629253
0.46940739251762453
0.33080020368726393
0.46946517195044479
0.32760278033359552
0.47001988897594815
0.31231873584769893
0.44692735040231740
0.30772114153012814
0.45061435845515524
0.29668511766112210
0.44199754874492270
0.31644694066462542
0.44236166044787495
0.30756992219984125
0.46743654827280179
0.29864587810936905
0.50377707311507647
0.32005614685965883
0.46308444930584025
0.29582542041995658
0.44126597464524042
0.31465144148432683
0.47536253078207569
0.32254913650806022
0.44301154234735091
0.30189191939884041
0.45348439713452682
0.32799392960453921
0.43505414305048623
0.31686943921615668
0.47853136679927405
0.33728250460854065
0.47317631595939602
0.30934425854373793
0.47825596654962299
0.30661079149668580
0.47299731613623347
0.29976655445085215
0.48242199177773232
0.32670718896390871
0.45913559285200567
0.32690825267441270
0.46079899630160898
0.27887247666873594
0.45188522279686433
0.29149495957100580
0.47330687307211006
0.31984801529483126
0.46797120659263947
0.29784726889012086
0.47737208802149755
0.30307365675100012
0.44622238579757900
0.30889813444686626
0.44867409636148214
0.30048092887602129
0.45494980725824247
0.28166762308725313
0.44598789945319561
0.32585065770025279
0.43726259261800887
0.29766496597874170
0.51322776240946588
0.29691691839661549
0.45761830433456768
0.30096803365174724
0.46775935406876723
0.32773154084246475
0.46791942822941973
0.32040810600918435
0.47961864971910606
0.32612197776252755
0.47119195048746881
0.30703428185586024
0.47478619868060812
0.31971089046078321
0.46905089800524091
0.30616431004324851
0.43530413759169873
0.30981339765722471
0.46134016360845009
0.29203370155416708
0.47734969304106978
0.31083148538081967
0.47018047504696131
0.30514163992210475
0.45565734589509621
0.32629593868549056
0.49709078150744945
0.30591914616826565
0.46418856650644369
0.30998809225055612
0.47244332914202936
0.30848940490510324
0.47112582955669563
0.30531998399491128
0.47590855868555881
0.32348541122720015
0.48923334382904582
0.26623813263280427
0.49153625668194567
0.27021580710942700
0.48053275452753541
0.27311302474358301
0.46356378939701792
0.30113453238272042
0.45551681583944820
0.29433301158286879
0.46833756015820316
0.30417478261419623
0.47269218815741110
0.31232153098282722
0.47982484205543829
0.27135535600001404
0.49554749839939333
0.32809706115915460
0.45047693088821344
0.32629084802276720
0.45893101495326277
0.32453212625609007
0.46926465110938104
0.29820214608772089
0.46606081979243985
0.29477774850897154
0.44804569702581071
0.30535082262597063
0.47290968870683942
0.32585449398610183
0.49713521066845245
0.33662488568725085
0.45631384948613885
0.33775347749977930
0.49840427180475000
0.31892314088612411
0.46345483460289966
0.31183407571409782
0.46232589164095367
0.30088077708475641
0.47673948870796168
0.32805354599200415
0.47668570346295275
0.27055678715609993
0.47497049121039153
0.32957320437822174
0.46403444743640898
0.33016362361314389
0.49911300118957491
0.32856603188448791
0.45620765483399683
0.32898762504195983
0.47108797056065155
0.33369381885659716
0.46763437021963339
0.32895501743345756
0.50597387871109500
0.31921092327351214
0.47811171559881505
0.31564663400250159
0.48867689781370210
0.30105594576031425
0.46482451650002204
0.29478622548630246
0.46900493731421133
0.30594319260136199
0.46894468115967580
0.30634863277274726
0.47980674249184185
0.27212894858895909
0.46180139861835684
0.33314800669406769
0.47658626530225362
0.30455177436022574
0.47201072965794733
0.32458301206311230
0.45576656358657530
0.28488925396034109
0.45364832494331697
0.31855327639403036
0.48266930286593279
0.26817699315529236
0.45211216432626683
0.30663385011870825
0.46945184860122907
0.30736324828360367
0.44629041928542557
0.30520802841811090
0.48564254866710788
0.32484059010497951
0.47123702764069875
0.31257100590442777
0.47642493106151607
0.32769837671542235
0.51329221082511800
0.27957349491927319
0.47266150509520116
0.30604890764521664
0.47373243661411685
0.30638702247419841
0.45236400084339784
0.32616999629687149
0.48480769214583774
0.30330382006038598
0.45002116389370850
0.32894773118707121
0.44894945084191246
0.30282017924414223
0.47104475292947451
0.31142545714023312
0.41920829876542459
0.32905375496175249
0.46306548544724069
0.33502415710645306
0.47082280878689015
0.30647356686117549
0.44506920248906878
0.32310808457343604
