0.31534624336455797
0.44408661672594424
0.34128915289032585
0.38876551093935141
0.37657521016775664
0.44776212356913425
0.46275392364088130
0.39570779615513535
0.34077287269935397
0.40718195009235514
0.32538209415722130
0.47187070422365684
0.30926936978569802
0.38785547674938359
0.39919079057938472
0.46585902034042298
0.30985533321770670
0.41843695120068242
0.34029920848078665
0.46300809623568545
0.38178624626647800
0.40157957939174427
0.22710919520038417
0.34844447308154569
0.28588749806236008
0.45744081567780331
0.26832972862953591
0.49891773145332008
0.32593175017980891
0.52336221789417636
0.20928800474815762
0.57523688985041210
0.25264331106892224
0.57688397284182458
0.32224982638113547
0.53798582187666144
0.28515580917963446
0.51836511419350084
0.28594593922689499
0.54232642661959796
0.35052566681801955
0.46157713162654451
0.30738901401612606
0.49235974412653588
0.37055675392532966
0.59700917954594046
0.35118634548319538
0.48396779173242305
0.31933654084931873
0.56491318339202823
0.39610864979046395
0.52017147587846924
0.28903964309524877
0.47524244927822284
0.33330985009103559
0.47927109375483229
0.41575273409496560
0.61784544161889166
0.27999322568160356
0.55728162790148172
0.39706781481353165
0.53229073866995513
0.36815090721987803
0.47629477360676009
0.28922805828263382
0.54394891996163874
0.30345215256573360
0.50146159242459321
0.39652194153783055
0.58968138489360022
0.43169489842316849
0.62168940597078881
0.31647394056409539
0.47318462978562303
0.35223463667256449
0.50975588322980936
0.35878301365449261
0.39659625642636259
0.30527778292050617
0.44927222823059298
0.47122134651732461
0.47788966289451523
0.23499079531315548
0.45394192014463919
0.37413482700432077
0.41959453951201053
0.29845723487739034
0.45008817673418045
0.29962927539448930
0.47426363109745673
0.52150124825062283
0.38717504042291451
0.34999140843553644
0.46863301904622406
0.32402180630754451
0.42242900025720942
0.38694431540387664
0.50254046175908607
0.41798917921125045
0.49939416971212847
0.46750185197310751
0.43931385886666258
0.36051598004246338
0.42371549472016840
0.41068369582189435
0.49878918676788581
0.36760741720450651
0.46681914210153197
0.61308040390187557
0.53188385855991227
0.35198231840932831
0.38521484946638651
0.46721212049456501
0.46016978205159831
0.44785973438947541
0.41472608005662198
0.53810444646592193
0.32456132304463808
0.47741827074028959
0.36070743641106318
0.41559728795961837
0.35639392386724922
0.52882157355462089
0.34811168861968045
0.47874108212727579
0.36212666015778328
0.50755037210303522
0.26561364267541016
0.43881307378720069
0.29200995750395620
0.43505867449545971
0.32534800496599192
0.37555629359226411
0.34416708159332937
0.54582024009940544
0.28394716675965581
0.49240368249385652
0.33583492136719856
0.61120657662448041
0.32583947231636329
0.54694010469972776
0.36963270126087427
0.45596035256184370
0.42898818110880155
0.52474522516948086
0.36505243459362324
0.60146623956072021
0.40062084186583430
0.47013139970176743
0.44511858544403649
0.44550941857148113
0.35881110319118792
0.45083055870827771
0.35087329183595994
0.42473881927433671
0.36879807004143778
0.48619290468474957
0.41019743648919349
0.35930328855387428
0.57500767456364221
0.50066421830848495
0.38460901721421603
0.39329295629250083
0.39041948041370589
0.48062636178473045
0.33312400261556435
0.44840098011491158
0.44293553426236376
0.49439734277802172
0.49655671589879730
0.41811027934604800
0.44707678208259793
0.34393829465413317
0.44120031611891597
0.45248559195014698
0.36561752418499538
0.52961247937446787
0.42486390427719700
0.46324813021077438
0.45845810746678645
0.58979803649796747
0.46038497481865726
0.32784653831737481
0.41365511675457606
0.47225590418830304
0.41794917778239105
0.43278012448957487
0.33803021459204052
0.46886432934320066
0.26403025268307090
0.60151690805521807
0.28205013499695319
0.42817163295637289
0.31013652591089319
0.42241239687374521
0.30080761332587297
0.50961656843849124
0.32918187409683575
0.40144263056234497
0.32489124750689180
0.38956208917854668
0.31531149776397693
0.47039198509311908
0.37814252297464956
0.43759472893346874
0.37374772418422397
0.49191227999837034
0.30190137718962717
0.37531977901476876
0.44304943650233286
0.41727546276476324
0.33184681768830238
0.42436138227305803
0.34429827194250318
0.42838698360704863
0.45067452084920256
0.41349781272074460
0.52080083335093263
0.50339610303099891
0.47310221889877141
0.31770208930142274
0.48842778667982695
0.46435379264698828
0.46057089545638774
0.33106671944468780
0.66187934236140944
0.50319815742008212
0.63136616950383806
0.46742200830797842
0.50715984114180035
0.49485325686919929
0.56955294507163234
0.42359338808778657
0.59403931053514436
0.58021659024240169
0.58290152819927010
0.44748366825087788
0.68167654197107486
0.62605950705108715
0.79229914557764558
0.53715583267665468
0.60950758328965715
0.62485580565523546
0.65343325857269041
0.59187561920177867
0.62298550402633235
0.64199624454726245
0.62266974423128085
0.58053985523016427
0.64370808486484443
0.70366276613440859
0.57096405749488210
0.56622427008123377
0.63386603178601142
0.58239962669165757
0.57842154719723726
0.64897454015127087
0.60436796156460526
0.64171731299786239
0.54270736461925195
0.46066769037699401
0.62029127008962759
0.56420022773835665
0.53180861214806097
0.47573741880750942
0.49047684567731176
0.46556886524618502
0.49626193398766982
0.51116910507247737
0.58171763233577611
0.42580845032874926
0.51675045557066568
0.41419330097984547
0.61381204359456287
0.51143705485251634
0.69101145579719492
0.43762657539144589
0.48301169184086790
0.45296626590522265
0.75062676351103685
0.47587069444860375
0.76899991660700384
0.51976382958315626
0.66530759975514731
0.54029812310731462
0.63434924584191010
0.58478273478992537
0.73768560153928286
0.47012534600238420
0.64102089456481970
0.53892348286443981
0.71582409006521397
0.51926200819106949
0.67331438892507423
0.58189659986278797
0.65171542860838971
0.59811818351529955
0.64280859253609635
0.60877104689512951
0.60660757084265515
0.56648816433341798
0.61655994647884915
0.65242347034687875
0.55963630340884241
0.55198139245057720
0.56568725664219532
0.60263030585694055
0.54586158364691784
0.56701539115587674
0.52596862594006355
0.68774908895064824
0.55126298175667887
0.64739003884044655
0.57018417695807921
0.62960205441373229
0.49488118572232465
0.35725659436966006
0.42100516101887392
0.50620674735790749
0.46239547303656764
0.56801727614650122
0.45447052556643286
0.51175037340818208
0.52734647660569434
0.49324469794830544
0.48068109141569770
0.50522319620160872
0.55581074958888443
0.50366658822257460
0.41634961121513092
0.43617318136076233
0.55333472403543682
0.38853639964269898
0.57230276948567815
0.43669273041369200
0.68078372501242124
0.54465009678734422
0.41018470873104146
0.45161971303724552
0.47842485562129516
0.38228771387669869
0.57139650941131814
0.47561166245023506
0.68502696935883367
0.39442981988227083
0.65336692383457817
0.34080659221573734
0.66877356470573956
0.50929667906920717
0.70626531742299148
0.39600781838763482
0.65313714584515792
0.45534469567641983
0.62756957687445758
0.43638822823878742
0.72897392623943935
0.51593360660279353
0.60117603931787378
0.52648762480133116
0.64298811066025885
0.48029792557658230
0.63021004964593796
0.47500989896849466
0.54052449805706004
0.45830894173596592
0.59464370586745541
0.49290872326948798
0.63729264599322288
0.55269830473088866
0.55896251278594111
0.45793558233828291
0.49339974088927713
0.55008958040329392
0.49874991341374231
0.58253877089567685
0.52675205499653222
0.57237106951205408
0.58049876193959538
0.59568196795166328
0.52416732613495265
0.53238896063004282
0.53946350465003268
0.67695093694636421
0.46231651930073697
0.55599964072081809
0.39350524234664003
0.59977457944530621
0.53580200691310487
0.60681321113491882
0.47240160164138778
0.53800349724333241
0.66944830565441216
0.56410012795660569
0.61102738293328351
0.52302323250127436
0.62188969108414216
0.59863109484887700
0.64713241227563323
0.52035341647323985
0.65245990717818059
0.57150264782338500
0.60112316029045210
0.50734308398751526
0.70934632394488173
0.38511840096091787
0.42907929097334274
0.44650541471768518
0.70023873964330074
0.47452031274835249
0.69836662181640419
0.43901495323680562
0.64931876718715842
0.46637258925583869
0.66562673922030391
0.42415705200878606
0.50415977564677084
0.45950415539833767
0.71206478483162949
0.48536340810661449
0.58060899225068985
0.48059315154741822
0.55524060555087384
0.52379479428257691
0.71058384052929635
0.53270539024794916
0.72180273865211997
0.56779931191894284
0.62795599981698280
0.57061202252555221
0.59414911814143678
0.46940429435649467
0.61872681060695778
0.46329217231987507
0.53065923044046814
0.55447394320325594
0.69761392072997785
0.52483916523006879
0.60132305021398325
0.52912464321430552
0.64223144383730013
0.46967239149178724
0.54152220949141483
0.46524541656857793
0.61430647235240010
0.42354081274514477
0.63446469193079924
0.49659298783268263
0.54584122269902158
0.34273541607133590
0.44178810145433073
0.34240098241428152
0.57023841791105645
0.34459462034679889
0.54187764774210878
0.32553647767996369
0.54634762848917029
0.38043390910055669
0.58123554427971480
0.29751731434987216
0.51365320366665856
0.36818967335866865
0.54468951533482013
0.46313757393988775
0.47592133247225243
0.42733761582623253
0.60249423546449665
0.42144558906453289
0.55618181421265778
0.39768536089689188
0.57889493077401022
0.48719443807484897
0.54436414457225313
0.50302835456654160
0.58107230985449498
0.48590960209343353
0.67075383166529967
0.53899118447313166
0.60939172837756861
0.53098357612701408
0.68542291281358658
0.53702271691126235
0.62427346089697933
0.61967421992325633
0.65695642687098454
0.58166351325674726
0.62242335467937970
0.43137577544348282
0.58671950776785697
0.60604154315404002
0.56630130152094671
0.57481303250790550
0.63788763949082294
0.58837483714571093
0.52751866097473776
0.58932689343215938
0.61057932140788584
0.65409443850323690
0.52678782611905861
0.68433519200252979
0.49240772726298593
0.64731617992332402
0.56782405113315904
0.69924728151900672
0.50453436678681640
0.61897848647188869
0.39776183749235944
0.70092419342227186
0.40469107018880307
0.61783165391674089
0.44841234008830066
0.63882049285306541
0.43402508553486002
0.55590703989253432
0.49654047372729099
0.54393327854343532
0.44873012729172257
0.58207268967063908
0.47378581053392965
0.58243200893736213
0.35321261288158295
0.49833757023276143
0.30446311425278910
0.55216280293408659
0.41989002253760466
0.37078409898120823
0.34714121902601369
0.43995093500745613
0.30081305946102155
0.46822695754097382
0.42705541389689911
0.42229123720424827
0.37260739508306634
0.43198498415133751
0.36928831101803578
0.41347065923058746
0.41122065980428912
0.35901508408080712
0.35882371287694537
0.39828351563571435
0.51154246441742202
0.43785984106145792
0.44500103956398840
0.41128058407841672
0.42572109065539854
0.35468654356004731
0.46996594700135436
0.52628171813127156
0.50507414366516112
0.49114566136355797
0.47437918981249194
0.46993802245361410
0.49554315815294631
0.33875900413371729
0.53094205215990464
0.54648059882596212
0.49460477974226696
0.57829602147829562
0.47219541745416826
0.58847181262127246
0.61720174102019609
0.59294976241309971
0.46700139816832220
0.57901224887788150
0.40925486382445592
0.52493328641458137
0.47434360385385554
0.66489972805245512
0.39958820113778271
0.60076770847548799
0.40756229154620360
0.61076081203534538
0.43819295413228554
0.66230200425864494
0.44748805363996769
0.53966586353290658
0.47694848926851441
0.51699280633367639
0.50687563984887207
0.65337597418872373
0.41493307001201302
0.50877108711064589
0.50237194630497217
0.62510089317942441
0.46464693645218269
0.67067790300908525
0.50229087381559068
0.62755919340666555
0.53031013646020253
0.69450560306076370
0.43988228882974745
0.62207011828602077
0.56008294340803932
0.68427626050388313
0.49028781223510898
0.68786339574811839
0.44609671935960515
0.69246195111150088
0.57195708514560728
0.71075387303949400
0.49038212209902815
0.68070563804412221
0.53401188873516214
0.62367155137003571
0.59667605081636188
0.67368865644910891
0.50902581127632041
0.54290025150591847
0.51415058826117332
0.62486459346771861
0.50183384536875619
0.67136018138517162
0.46413835758435584
0.69946807449261628
0.50815305880538264
0.49808372638313497
0.49794838473920600
0.64674298796361440
0.56962082622570998
0.60472021169536039
0.49951350331658684
0.47176570548135333
0.44901492158336714
0.62348620059244808
0.58296639411378892
0.56957794217886260
0.41723355075379875
0.52750386370082991
0.41875900875826316
0.52594942919056054
0.29355519790583107
0.55071059228112473
0.37902159989273077
0.39934350649088401
0.42053333442424534
0.54606807851828021
0.40423314504437091
0.45683614081523183
0.31942613546384613
0.46408613184990349
0.35275018550798293
0.47198508395443417
0.43868654190430445
0.43532036242707822
0.28855519438966243
0.55187154968972185
0.31584513129669817
0.55980946379250263
0.34140190172700602
0.48965102012303918
0.36692190386803181
0.57926707468584826
0.35039307155880717
0.50150596672125913
0.34929155327342382
0.57780872491071678
0.42660456007855363
0.58477709203901507
0.35801655630989648
0.55519119831789254
0.48614362476139805
0.52981353646949991
0.39356499388194932
0.58961483011861848
0.26368233948997188
0.52192695061642502
0.41044766777881203
0.52814814387560172
0.45360806340968490
0.59899576885775296
0.43465308425714994
0.67228755755461966
0.45462601830740151
0.57684997101432467
0.33236622295009211
0.50364705551009470
0.50809216252534295
0.56145773750743333
0.42766632903397983
0.45085990321013614
0.50905011959328506
0.48216593827555743
0.39550404132867517
0.49657313499872596
0.45072574066500526
0.54893584678255181
0.47281978446661876
0.44704143189046647
0.53858665569622999
0.50207156936864572
0.55533122959468584
0.54755834767305911
0.55162887584198383
0.56719942744761520
0.53605403332706869
0.61438487712764511
0.60290373344639914
0.53081451153279890
0.54778929707143553
0.37040479353553585
0.60602419501852545
0.50659971243576596
0.50322314313278871
0.66512052497292307
0.47118238865838985
0.51864732462606855
0.60562097812013926
0.66300776204940837
0.50954405707771511
0.66748934449705311
0.64504885952523006
0.55899600828361851
0.64746228132397321
0.57761863690315396
0.55443506604631665
0.62358222393425011
0.51493870125690733
0.61070219750221300
0.57234275889777342
0.70256987318778974
0.62064661906339225
0.55138593448140061
0.62326156535492050
0.56242402865414842
0.53270405416114164
0.45847471018486491
0.57285876620335185
0.59342274701118658
0.58379415691149950
0.55701860704826722
0.51143919400513826
0.56526987165401865
0.56231621310383795
0.53912635265881803
0.58261918122905521
0.60244669654265404
0.50783409311388605
0.58696034341527159
0.58504529970832142
0.53379801317583686
0.40601095214159327
0.53784007382861476
0.48705124395267396
0.49315778311262082
0.59969060730570511
0.61803358740981085
0.51525236757652693
0.52723911893374431
0.43939922416679628
0.49253440412414606
0.61865725409818872
0.52321905129667512
0.46735190845214380
0.57383636782922132
0.45886955618126757
0.44727582718351433
0.55734706197546247
0.34304347491443221
0.39361172074204948
0.43279156097523580
0.41392535467003277
0.39484646494709263
0.32679252613857340
0.38090076705086151
0.34433781359339932
0.43692194362117598
0.34439890340644230
0.47079071237431852
0.26464152949649916
0.42454029173815688
0.39390984036366461
0.40439132313226539
0.30876152415544644
0.40687390675936796
0.39591932577733646
0.36160497859377527
0.29706634486521899
0.45627744684516935
0.47100902125120353
0.40573447933854717
0.32694954062572612
0.45141586532329048
0.34226175288055677
0.51814403593279557
0.43268438236454432
0.47179269822241521
0.29947434710444987
0.46767375778597159
0.41053616314260749
0.57985684838517404
0.35095214645196676
0.47686316370043635
0.46134874325174574
0.56001054862346333
0.36558202997110723
0.60255018778979796
0.34786870690066407
0.70883857233783887
0.45209990631481756
0.66888745551843554
0.43231974360948111
0.62973505883973124
0.45836414585309149
0.64487251816917279
0.34307246787738005
0.53406440431969027
0.53041331457301533
0.60167076925786500
0.37837069056133471
0.67428477456267011
0.39574996467750495
0.45792809310245919
0.48350338553228916
0.56671213442588753
0.43145656902299812
0.54461558286638323
0.36983115337506772
0.55964339197335311
0.35787001430845472
0.52966768733901037
0.36949854527533543
0.56419135584457047
0.33807624212628928
0.37571404861260566
0.51103211550862937
0.49747408260174730
0.44297496643357398
0.50425437414392671
0.38771989344215385
0.46823736856174092
0.28226137571443677
0.67460120132603063
0.31210175932099388
0.47607389511854298
0.47059122138842452
0.58524331700259591
0.32329987356656076
0.59890033401456222
0.40997046135002324
0.59597619907544463
0.33236644143249455
0.65023533059507910
0.28901888723062485
0.63035917207700198
0.38234473413081904
0.50987396951324171
0.45875865103442071
0.62371483219777124
0.32286276977753647
0.62265728411670185
0.44276352952499543
0.58523972476152486
0.41291205917455426
0.61019647769859453
0.45218447573668785
0.58969575465258850
0.34097764432495514
0.61297725794933655
0.47163761687543704
0.53870588509961626
0.56116572142050702
0.51842403873329768
0.39042054959117223
0.52807962957469423
0.56994969528189376
0.46800131807878881
0.53133054624304721
0.58031003381317026
0.54187798631191553
0.44075281206340444
0.49951083690490578
0.45675185411824332
0.53835919485201655
0.58029262758912636
0.56554351898041200
0.53965672406007636
0.55566915786009363
0.54938129543231629
0.62002637225535417
0.62259478305327209
0.61288584791076905
0.66948344321204467
0.57327709582265807
0.55613017037143697
0.47979758574276427
0.60338122472975397
0.47416176645804559
0.59910796526163601
0.54442771561401226
0.46817713402708483
0.52462706837475448
0.58782546354316711
0.62976252349684114
0.63905730459549526
0.63941966337295841
0.57652582597237167
0.53185827172278022
0.56291573451293020
0.53627785602754074
0.47462545124309741
0.56976025009697073
0.60384484945432448
0.49580566314007379
0.55109421924111035
0.56923196740432058
0.59494806564309821
0.57082746714155097
0.59012590811420940
0.63319868718849115
0.56407723693935397
0.54513622481456114
0.50509297160026556
0.44591224645522903
0.61131702573064339
0.63165958253500087
0.49041531568233782
0.55353652844587686
0.59285892768998660
0.62765128010994586
0.63671597798450130
0.47333816937459205
0.61840929226555663
0.51689414901049791
0.59264104046266952
0.52899674367943117
0.53437600506065364
0.40571696203050095
0.66004196228743950
0.46718380661520537
0.65597655233342811
0.43712676544534551
0.54687341841464188
0.54148162787443133
0.60934239096436460
0.42348250883265104
0.56551221431044629
0.46286781271462518
0.57184327158807780
0.41252270601550611
0.56293374268090313
0.43236817584782938
0.50437498298837746
0.40049569368412075
0.52273398557709660
0.36587025442265264
0.48756940509661417
0.41108953597475928
0.46905163848288894
0.35668936222093178
0.49006373435515521
0.32451913764431262
0.39336893866232087
0.36784151873374860
0.44489994233767044
0.33891617542230196
0.35448042378631095
0.44194738212524620
0.46789403027997095
0.38832044488514683
0.45405835166934172
0.34907407126446011
0.40006233482534620
0.43767923072648496
0.44417792807270789
0.42375142153626355
0.47720520245609710
0.46587983704370273
0.35128877905783379
0.40816530853164995
0.45696317108119067
0.57716869397717185
0.38986941322093899
0.44839428759681965
0.39146819472359951
0.48019118714859210
0.37562778399392160
0.38514347334654908
0.43080454942434832
0.44865868994605623
0.28664677083524859
0.54619792020791336
0.34029252025142165
0.47713422090508273
0.46270773857962261
0.42688989642799180
0.43850517430937663
0.46127717824254921
0.30648465918288303
0.45570760282349015
0.49210343988910954
0.63353248241931071
0.32948654161449437
0.45084687563339748
0.37286114082912936
0.37202526868365676
0.38185116023640409
0.50144183349168725
0.60506659980255406
0.55308846954735225
0.37656534840652400
0.31762198500687988
0.50034085345285773
0.39382541704591195
0.41029815432126615
0.36304545434764135
0.45834940550120740
0.45048179318462594
0.48785839760157801
0.44120833359948841
0.54299563304174570
0.36602799579512291
0.49971848709835631
0.35502525845645105
0.57954015909321321
0.42748048611050737
0.56697607109831150
0.37809346388306514
0.49157625736317212
0.42097755143827809
0.62041779578688572
0.39326817027034305
0.51452225938314322
0.39564151517222668
0.55303538862637824
0.38847870214229868
0.61744397053505518
0.46625826104235474
0.53045303589039272
0.50472777029109217
0.56209427203460194
0.43738191605809362
0.45362159455523782
0.56440323555946559
0.51348171067766790
0.50540810165662720
0.58998376477850245
0.34096674571287111
0.51211939801273232
0.41930082203979613
0.53662606615683572
0.52579313527999827
0.49931381320311485
0.29974115425064873
0.42031514536802317
0.52578300711970871
0.47359698994715471
0.43823697505981951
0.46826841857651386
0.28572865818375348
0.36104199544045384
0.35942903101789697
0.55158593053075222
0.40544430745744431
0.46690265297823946
0.37835366035075629
0.41589445245149709
0.35657949636038866
0.51260632061057687
0.30817159866821764
0.53635334959465530
0.36372189574599634
0.51439208620871435
0.39196708342450587
0.54414928038703780
0.40312639330780720
0.53717525201530281
0.54042084964363002
0.58046709065926272
0.40433249350112449
0.51395961807204371
0.41571966020196277
0.65965109088850582
0.44174799419169591
0.60699376740244571
0.46127772254906335
0.68151202824186274
0.46799672105387929
0.58605744139943639
0.58434733116879733
0.64625378088378460
0.42073408630805947
0.64905882279470339
0.46428148146294723
0.65685999404256501
0.48195725776882470
0.57978672737846082
0.50917540685574847
0.65785964442090339
0.53252964838097383
0.57877073935943502
0.50827707614550399
0.40747160107136099
0.53253359540045320
0.53148289116868397
0.58252063917014063
0.57968985516960680
0.60714436803812910
0.56038744308951671
0.56714125117914793
0.47137439109863966
0.55668905790327261
0.54242106656851252
0.57008468592566486
0.59341115053528282
0.54127022192677310
0.57804241051978300
0.59797117671723066
0.65659288107066027
0.64593947938972240
0.59033193324628375
0.63764636639729078
0.55276854200668579
0.62691617590627979
0.61309929493547977
0.64562566629288953
0.58662285551068993
0.49714542040604937
0.57665434378298774
0.60810101825519869
0.58107904348280726
0.60794069443200904
0.52042828270141861
0.58820429753820691
0.41783528503854162
0.56817083280633063
0.68691551626990344
0.61741543925419040
0.58876159518351778
0.50675066362827936
0.49372289704305561
0.61787874461293646
0.40575271068247953
0.61771436411491865
0.58500137263823937
0.57240173479870038
0.53487361189795901
0.47262702154422542
0.44730127435802292
0.58732733136560633
0.51488239080193376
0.57783867732478644
0.53968980498572039
0.59136761289643613
0.52197392493833716
0.49947536514371949
0.39298511123633473
0.55935108407361023
0.51746971774725647
0.61771511144767310
0.49958604030245796
0.56011608021049297
0.47150557717981961
0.52233921119397264
0.52997965377348555
0.54969991579114819
0.41798596698269574
0.41032496054158696
0.41744639383920185
0.45634968029374345
0.39363338738364395
0.52290040481436451
0.46378267718100186
0.50921139539064575
0.45905259255516379
0.54132194142038659
0.53089424242686734
0.60380523110453754
0.42267211015606015
0.55881831239339985
0.54098895498178878
0.59979817244037481
0.52398982284767348
0.64105608145879434
0.36300458949349079
0.61364567814734217
0.42133445169297301
0.61058578756582127
0.56586316668126635
0.56606535298881633
0.45081201833912499
0.59411229332393523
0.47012617127967482
0.63945876092033505
0.47203553780517771
0.58178301434497781
0.43089514670007956
0.51153640584101234
0.50075594626788889
0.49614400716638341
0.42918019516659123
0.54783956419591295
0.31342766555569901
0.51080794961362452
0.38322390863004524
0.49390677898461954
0.44523987077273025
0.44638060900622190
0.50369558570109363
0.52804443721193162
0.39244377868355662
0.48486839426891720
0.34213841485817525
0.50240486751854641
0.29539634494182154
0.49643486230986028
0.32372952407937894
0.57040615466698774
0.25920980995973131
0.60571397693301987
0.41914008134501746
0.56933113305552452
0.38429345965770390
0.58173211988471374
0.34532436319570747
0.49136140340696977
0.34841180505601665
0.47311379722784824
0.40244543150426831
0.55356688912462226
0.25876728046760927
0.57378514110613543
0.40926847248676651
0.42728066401770581
0.32543822821223151
0.48274543106730339
0.37060073459417497
0.50201889300129243
0.28944886135749298
0.53282353374125213
0.29933361408511372
0.51449697420480822
0.30207074530036315
0.51849565417018262
0.36853925295066831
0.52387993850037073
0.36022281571994880
0.59149967173165063
0.36703021221601906
0.39448558033893760
0.33898033547698786
0.51604671836715665
0.42163721882170252
0.43894987547241693
0.31550975686243182
0.63539937226404586
0.45397919398983466
0.62749423178404495
0.30162380438840752
0.59367503349434769
0.37011445101957174
0.54632731040051974
0.32989476182238664
0.64751099217279173
0.43572255156669970
0.48172775061951933
0.45103259046161104
0.63056736647044842
0.32426689873917525
0.61296190733096212
0.38092487466760333
0.54285331818271709
0.33772218827851042
0.54770016735922633
0.34596855600111009
0.56475519611171987
0.23836757881053977
0.64363034780015860
0.40340779140899213
0.57504194982967838
0.35914577269316650
0.53852753898524386
0.31980795758947722
0.51795948057612917
0.38298668351052129
0.58940102263928063
0.29028038638138587
0.62658114289542721
0.39001799228530409
0.64002319139495167
0.37083969097359981
0.65199538256991796
0.39859045587262804
0.63862820778378193
0.29699677550018361
0.66626882285196942
0.35605916687752703
0.58419372186187768
0.31793450604145035
0.50123975021427047
0.40132607792393982
0.61760966285856600
0.38160185760690740
0.50884681860734060
0.36768929005167283
0.58303786448479689
0.32718854037278067
0.44119095854099954
0.42560519179672757
0.47816626486587704
0.29437727988575646
0.43895508264626865
0.30945513624934795
0.48716206636224940
0.32522756623498189
0.53575794183304792
0.46566697803231394
0.64234800518715418
0.30114938881201658
0.40272157829946215
0.40328638194502253
0.35774046610552623
0.35824122268072378
0.46043190398940387
0.39847406669732954
0.45001395901274510
0.43811848222287153
0.49176561394418294
0.36601676491665736
0.35799239396195071
0.42416477098801758
0.28141126233479719
0.43220209852976493
0.35708823925261690
0.43497843315236256
0.42974421775388322
0.47777978535796295
0.33403942032916711
0.37470550978625811
0.33340928463064534
0.41193518774053794
0.51837404887190563
0.45378266921862148
0.40671605270387634
0.54617135571159170
0.34608708992237086
0.46586560487019812
0.33105027287670535
0.60788274792125485
0.33579493486567480
0.54305300563187353
0.40809361118950055
0.55725045801115947
0.36313110321288677
0.51201451435268908
0.34753384592648767
0.47144759042391327
0.46587098741825228
0.53710438062487142
0.50285771429915271
0.51233057627348177
0.45296817278322504
0.61992366104466257
0.45109972237102908
0.53732318002726787
0.50657358762142402
0.45912502032516006
0.49626953442168498
0.58749917485907688
0.59831937644348110
0.62350409007551821
0.49173784007994159
0.58408844823117223
0.55058971056622430
0.55712946370670335
0.50735734384350650
0.61729755196213465
0.50716238417106185
0.57656540537392020
0.45392314708273729
0.55131251401300219
0.52570996225313449
0.63932735332118518
0.48327897680542137
0.49003085979933297
0.47298606578941155
0.58408302011316415
0.46225367279872465
0.49832673397189098
0.39790631804029086
0.61905757125646088
0.38516873153174630
0.55671450664186850
0.50342716447481495
0.45658327879061150
0.47920569027005649
0.67941169385861422
0.52765295309775451
0.53580431757576585
0.44017954813033366
0.57667896921222939
0.48571459305860398
0.55642323979784758
0.35585250233394394
0.57127051118687966
0.48903787801658599
0.66359165995774150
0.42301584021205357
0.67075318008876350
0.42937191878149239
0.69761546483245318
0.36550575769106175
0.60753363139192029
0.43919186796413884
0.59415575821509914
0.39497550961875244
0.61915604981705541
0.40169746040599558
0.60040224832270739
0.42216662238890679
0.55098152929180400
0.41886088153979462
0.63986312264930345
0.42032963463490192
0.59762838219135139
0.34362353382017113
0.59149322869445531
0.38524742937606754
0.69222993101473662
0.44420661573912623
0.62606015363012979
0.41988903139116152
0.61124083925162531
0.37180745533339099
0.52876849274201887
0.45749563173476343
0.56299796844695882
0.37903598177699110
0.65442269653903928
0.37962505617067882
0.61644412352369327
0.42227015610599655
0.60263876609246492
0.42289445398281456
0.54958541978274467
0.45197990849911446
0.62295350309885822
0.41648807808319155
0.64860787091750816
0.52935177626965912
0.62258755057127890
0.45850099833997338
0.52325478377989532
0.39032257444150559
0.62348913537115946
0.44271931196749365
0.65388532090391438
0.47124481136990681
0.68288992890954880
0.46906126929452135
0.62094855781011837
0.55928563800529252
0.63911315941537639
0.46936674587385230
0.56758916283368288
0.44200860475121218
0.51381592934008602
0.52294694071655534
0.61751214602164439
0.50364789476942595
0.46225397422025177
0.51216580997074879
0.56655190840083658
0.40624690843448574
0.48840061152768277
0.52232920598917265
0.42973854621000168
0.54846129942093169
0.65497769113879944
0.59338646521777605
0.56486692519460435
0.61598292607076932
0.55185057287290562
0.68039882999906809
0.49318069652711816
0.57863665718635970
0.47555722098959974
0.60896555785922035
0.42297406585818720
0.52802806770810595
0.56157120775236347
0.68703038287834017
0.50625251574471541
0.62200216582560175
0.43591929064843837
0.57266261579798039
0.37338340396522535
0.65844946916053171
0.45578000251646855
0.64578110409457390
0.32468884575989421
0.56221214195561786
0.36366560717314850
0.56972727156293657
0.40769685724623883
0.60626415139071799
0.35232636002954842
0.67143307568420996
0.40312832901869133
0.65620480729545438
0.36610811590641834
0.54535696002779666
0.44813325453727126
0.57286350408135667
0.42993145762545182
0.53046544639476645
0.34070175349966425
0.57164425641328886
0.47451122959311343
0.59471289740200484
0.51720543269481356
0.57111881659129549
0.48574336445386179
0.60778604833253813
0.63282033798057402
0.50577216163335170
0.42875058636317909
0.50537061325647581
0.64332254187097238
0.49356915352349823
0.46261023555025371
0.61865649796354383
0.60610387654612741
0.55319257668769783
0.49540938335742857
0.52475940587952707
0.58397078013031378
0.55913203092773989
0.46640464831314782
0.39896466894155830
0.60795544525967837
0.49552208142312421
0.50367735384135826
0.51841646539159913
0.42496287963730361
0.37498761484581611
0.37665397000433887
0.56087009514621811
0.43359028786123915
0.60070320080893458
0.50592892648780319
0.57875998827265007
0.34146557007113343
0.48341315055324152
0.37241992502048987
0.50210114264578409
0.49026125512086988
0.53201815692915544
0.36724138807619477
0.59922824738939118
0.46199133262137210
0.59510099417085860
0.44918597648093722
0.51244229382684503
0.49046490379006735
0.60733816849731026
0.44120347207831595
0.67113713104202133
0.52584268246108268
0.59193816308168934
0.42518642017693431
0.59951733057167955
0.42808123212936999
0.53222203479740193
0.49021361063297975
0.49236589076797921
0.33128717073086789
0.46621672319656254
0.35631463293734411
0.45754348667851635
0.36584016303850564
0.49598809138777256
0.40690751581327123
0.51199329218128642
0.35489055772129868
0.55607684607269758
0.36737515237794771
0.36958255032701348
0.35738322039339437
0.37955603173305352
0.37995567276191444
0.47938758852043278
0.38110005842617412
0.38599043894325963
0.39417570663417634
0.50541855807073954
0.43842291889307783
0.39601509873861546
0.42464542367683050
0.29950173456539514
0.46256682872823596
0.27467260363020957
0.49056451306852666
0.39761954687880530
0.39200990122437068
0.45406275936303442
0.43423316522438682
0.39717919974260762
0.47122505596866548
0.38128477109553038
0.39086413252237096
0.36693379257622449
0.41952202413153161
0.34880608575577948
0.42095678669770653
0.34247069333779245
0.41298510715360037
0.46997865288160368
0.39305922122938225
0.39157166857207720
0.35354390910185507
0.42372069111956923
0.40147206094063326
0.43714660049740650
0.41752878966631857
0.43947009650826252
0.37412401203582502
0.45018295490991955
0.36717382308653235
0.55499807296829218
0.43986204541932045
0.37535791686647269
0.33849442257146473
0.50299531801894115
0.32395012459297645
0.65930216926631968
0.44628084602363832
0.56527222182634118
0.38810874040225474
0.63052682986608577
0.48917854127094895
0.65154306979600052
0.48811773606274655
0.60900629623506097
0.51444662898885518
0.61409215858105537
0.37485083605431385
0.66574799216161296
0.59708312201012059
0.74274875860011924
0.46956949134560233
0.66813545618623826
0.50388014683190241
0.72171041035797179
0.46565263865784684
0.62215022688454480
0.51722876679329233
0.61057320943338556
0.44721551015071942
0.62382760801593662
0.45788914056306568
0.68289581295254176
0.42440758790320976
0.63228815611375122
0.41926743548443735
0.64127535020992188
0.33415074484832885
0.65122678267889156
0.36321535679416678
0.63130511172879322
0.30251110530758346
0.60221668784225735
0.29729908241702446
0.48544561424024718
0.28989976777356596
0.54357561969073298
0.40326690972892071
0.45518672197131932
0.31618433755332254
0.45800134105758233
0.43677105306490926
0.51697603698365169
0.37293151193342489
0.52553365372076966
0.33152023490696603
0.42614379483143522
0.47135414272025633
0.44541140133081630
0.51303539360898442
0.46553514945798874
0.38554284516042725
0.40423772965085791
0.37974663833769567
0.36531973928516248
0.50354597899276032
0.48875595292904300
0.39493297197162380
0.45563733085948482
0.45171301857126556
0.39055092624585863
0.49675783239158350
0.43314930349361469
0.38710023359245821
0.37713117099039883
0.44205962534179216
0.39719809752759849
0.37316587024671499
0.44596866521948525
0.56700085656479227
0.37005905365529945
0.49132500427851905
0.43730216417885936
0.51185672482945754
0.37797405366967873
0.41606065753549737
0.43922061952090252
0.48832010483119970
0.41954014516043414
0.57916812468834422
0.54348876069137486
0.54274541492943951
0.52686459166640298
0.49556865585802751
0.39815275708757980
0.54701352597491215
0.45636699720847418
0.47271224316158172
0.39717600219899890
0.53893676706591209
0.42083608443291509
0.51195739963327080
0.27815799582528089
0.47807412039176289
0.45790274787275276
0.50053709995185525
0.35849700925216499
0.60421665323238671
0.45635306541766829
0.44802400871544173
0.42561376493795994
0.48392705749142906
0.39421593143837147
0.56018288103995550
0.40538339002564655
0.50291880498356600
0.44472827580871882
0.44933867977269937
0.50756767390224022
0.57506624455662669
0.50047978329941234
0.52690098124850127
0.63537679379324064
0.43731199982871899
0.54360544250788601
0.42953528219070719
0.57842973589786240
0.36853526702197009
0.65591450116434691
0.47294081760194745
0.65106199083524197
0.45762662720339631
0.60237440350137095
0.43643962838993178
0.56027606914333727
0.40303180520313425
0.62098598444072561
0.42437374262044214
0.52560187239338019
0.50425036162836578
0.55560321749824992
0.58225553399717067
0.61394464392954351
0.40251342534984902
0.47210152779683523
0.53806055220513938
0.51490889641921078
0.63575559595488973
0.52014729952722161
0.40961419503555552
0.55720990715887642
0.63621164632006155
0.55009295139390813
0.60281170319279531
0.49607488041199527
0.47863958365554987
0.49330829526298514
0.48310322055579702
0.51823215242793730
0.58731225976389156
0.49859263834369005
0.56559361650004547
0.52507364815598812
0.56059488914461497
0.40994407743127637
0.50391083094214384
0.50947370541625436
0.40679547792177129
0.54047704154199916
0.48824130590595866
0.49029972235634911
0.43149225438574085
0.45334605534911554
0.34285410356658541
0.45292199509290143
0.40323280885856849
0.52060869820817790
0.35067142944506419
0.49225955485458833
0.32578513918580776
0.56088312386108075
0.41476205152877732
0.60785320228324435
0.41807662300975501
0.46422519155393260
0.40330594471579373
0.58924305818101153
0.48281659209600275
0.63338740610998823
0.47566000939144260
0.53084721108487654
0.43482342087360382
0.61078483460958233
0.58788462887026505
0.54942932301866643
0.43280427303062441
0.43341825831021641
0.42962352927981923
0.51864525824276930
0.42655982935944320
0.68240101344842363
0.53170861269007119
0.65589937731518089
0.40919338957563295
0.55802927913114986
0.43487874024823370
0.55916875781544029
0.39957890596332568
0.60789335764181229
0.40738231041562878
0.50364330525605627
0.39929528939434378
0.59920316504816118
0.44713947425009964
0.61579413391291205
0.40521205944347544
0.55274331471588478
0.41075321358269312
0.58240978378065267
0.35084945690172969
0.62289345536290253
0.36515866244810458
0.56063712067713889
0.38792526951153539
0.58698832109352861
0.36376626713408572
0.63377481735113217
0.35470806947002342
0.61743220281528910
0.47631896268820945
0.53513431785325427
0.33191402473875664
0.66306265431524447
0.32962300293844971
0.60808667294740226
0.37143933209639357
0.46931387497259136
0.31109323520537402
0.54406011463796078
0.33882454154815661
0.53806440668379352
0.44077140943596288
0.49860074692003481
0.37393289978300071
0.61192723402596017
0.38329030271053527
0.45632422733112776
0.47843442215793686
0.66615631940272435
0.47936691092708300
0.52091126902244356
0.40403531834842821
0.36303261460150987
0.42803391191785001
0.58139235707235160
0.51399546624663572
0.45167180010182190
0.45891097844567674
0.55715263097613288
0.44167489491589373
0.50885599736255926
0.41743017149591399
0.45270949726536369
0.45271527159358932
0.54723390702434782
0.41005000502775402
0.57574466070452124
0.40122469470123695
0.49524475562259279
0.54998368951834609
0.51386624071675646
0.42647876121467626
0.48236910323135046
0.49579558836342463
0.59919059614243453
0.52872981104381922
0.56068865698612469
0.51596044193196855
0.62159083515921099
0.56050413324256110
0.62908938267297543
0.62874644353264730
0.57048721231595345
0.52207559339174425
0.52779153034462056
0.45278836066362271
0.54906622045431541
0.58827598562282757
0.55547705494600674
0.44894135961862058
0.62445237515066354
0.52285872318074955
0.50666078928319047
0.48515844667867686
0.55388673622195816
0.51185752273820406
0.45865585450023155
0.45028524466450687
0.28344319156423453
0.44074174199161020
0.38734089223351237
0.44232174289555060
0.42022660365808423
0.45543735147540804
0.46586442180861037
0.36909968503078672
0.43995781169741410
0.41860459167587738
0.41660189286394905
0.44373123978826368
0.45602107000072284
0.40814115783901356
0.42688744873247692
0.39604947926097928
0.42641408430707828
0.39410456148616457
0.52069857707227274
0.44131655114397167
0.50245840605233516
0.43354539283533133
0.56364006828925284
0.36884961088282742
0.55079923405327536
0.39979482166404279
0.57752277869780677
0.49190679521800873
0.68141131645085540
0.44491719654497741
0.60135429622573477
0.39330906902136953
0.56316492238565941
0.45190227808981509
0.52781569320097599
0.38914308250706153
0.73581081476371957
0.49736972527624990
0.59643872533639009
0.49279648200111703
0.60973424006418564
0.45680423445270535
0.50194170436236241
0.39298460540893482
0.59229576497225211
0.37924498153020086
0.62964267948991837
0.45516906699876153
0.50021388191366079
0.44807922819039131
0.58087465292052509
0.37893541318954804
0.64971264669832218
0.48796826485846695
0.51126497199029097
0.49200683487580488
0.42582230395771914
0.41252328863250498
0.52368973705000088
0.45604599515132710
0.56814177450813408
0.48192599566074235
0.62892408313916282
0.47593135809926607
0.35304644486880632
0.44172695392896355
0.41773644762878659
0.38605948965861747
0.40362646775736699
0.44717662339593067
0.42190911542497572
0.39234647129915912
0.55714820182040081
0.32611311422861505
0.29683681498739783
0.45805558825985804
0.40389574354210567
0.39764188249237986
0.34407482549398022
0.32557169150081161
0.33381924598702750
0.35732752825322783
0.37106330754103373
0.33529406826181085
0.30184263102187048
