0.54289841751703638
0.46331271241724803
0.53551906750881484
0.43784193994663773
0.57248963302809552
0.50934414500979042
0.54161552117429379
0.41402953819733479
0.60485152776912088
0.50906747755563120
0.57047822986176655
0.51723251477462140
0.60938412029237721
0.34612649895482123
0.53020485425450270
0.46956153349512203
0.53003667797434140
0.45162681780727099
0.57513936632768492
0.44005034000562127
0.62604612786893599
0.53274738825430190
0.57554061227765685
0.46280260926822925
0.56519414049938999
0.45802016045238952
0.58230236808200431
0.40781055976041919
0.52400298230659403
0.43499745500110026
0.58802337330703391
0.45347509415817999
0.46092505578138976
0.51705040370166311
0.56261162541559728
0.36809553498685260
0.48322798467868439
0.48966633984761387
0.56523119963355350
0.44608955282719287
0.50928915836190380
0.43432108901672861
0.47008166695773235
0.43014306641477928
0.53195675475882309
0.41293050159775091
0.46804525772439670
0.36733153044839612
0.42623438724116364
0.43838395948885966
0.45791533670189888
0.43537366576856740
0.45746295632978501
0.41056846932770980
0.39669535207826845
0.43795284392323841
0.40927116235804484
0.40661510354450958
0.45771336872478352
0.44509417613247720
0.40996851137830431
0.48720861840880658
0.46602198885124935
0.46813212504283974
0.34079173188823964
0.50833268609797266
0.41686232433185089
0.54118373619698201
0.44535406760257901
0.46116279143892430
0.39947057271240871
0.51176405871412867
0.36478179705803876
0.47038356191762548
0.44349351883148969
0.53842228288599236
0.43969195336089040
0.46591481086983577
0.40809440459844593
0.48599575053574195
0.42495526227735353
0.51429714191008402
0.35494997136256862
0.53594123996064236
0.35573905292045394
0.55809260416300610
0.39763067118328788
0.52108867785539992
0.43129984841518931
0.61011831516812731
0.44886971052954616
0.63504935070702140
0.44458257768796100
0.64766676022665481
0.41709930195251432
0.53821947160353645
0.45743953188904907
0.56290160188042859
0.46634243291697769
0.53094817187233534
0.41280895961265807
0.58897701282619863
0.40459508927364002
0.58698567572348903
0.44713363995724931
0.51246260978378322
0.39304261986891076
0.60543155122964631
0.43043385807006757
0.54547037422770439
0.47722511559510145
0.62218231401655177
0.43220188574899038
0.59682316317206374
0.47473850962090502
0.55236538370916355
0.39621510187817532
0.56278802586124088
0.48624410932722489
0.58913843846928859
0.40544080293243784
0.51528188398395114
0.43377404301571165
0.61606341007151555
0.45405299060377424
0.61269896582049288
0.42963199833934657
0.63293178804739869
0.47823906835547353
0.56563488397310424
0.51070510071152464
0.55572628050552875
0.49731949459524477
0.60646389548119595
0.52435287826914800
0.63444616626059869
0.48368176878741442
0.60039151908884580
0.48700381460472281
0.57216347499131204
0.46588653210522324
0.62541722058720095
0.54626629210810640
0.62965816669297825
0.46731279131903630
0.62151172328784865
0.48423969989842108
0.55525777562988399
0.48330297778851888
0.57762196987061853
0.50964399207546718
0.53919710638798013
0.54303426774876384
0.62239052448403576
0.47161443662240771
0.55710133942521656
0.54550679806503677
0.54455252810029942
0.52120850469042290
0.53524608273898722
0.55662608765602151
0.60639177015333190
0.51844454199041334
0.61613548061543744
0.54816885367232482
0.60497072036458543
0.51332306741264522
0.63472348394019207
0.49420702689744894
0.60249783165045945
0.55774174734932747
0.61367856401782228
0.54414840454827818
0.55512358368171566
0.62209053926721136
0.58945920548771946
0.56287367666842480
0.58901125784396446
0.54331233070727636
0.60844417855845423
0.53736811341820490
0.64164368253170501
0.57991881181469118
0.56692748164342355
0.51658338308855389
0.57285761052474049
0.50496222961627391
0.54048230070272618
0.57159284167234425
0.58844639441112845
0.51196704536247428
0.52449299587998899
0.57245845536698259
0.58990389286862444
0.58775369075853223
0.38370881264791312
0.49095749343181599
0.64644726488339976
0.54585797202321051
0.57434566862278402
0.57123130021133572
0.59413796354678661
0.60803100618862815
0.55692434679742431
0.51450456918653131
0.61558541020692159
0.56350402667014399
0.67867567955847441
0.56681387747149425
0.51755655159869096
0.55759389085968170
0.62009907466482728
0.58521943782077457
0.58920246400579002
0.46549873159193389
0.48177828329166722
0.58429869872581541
0.54589934360971726
0.55962592311556325
0.58152781716752366
0.51313027563962299
0.53680477374044100
0.56880280998988253
0.52497636694338679
0.56532809416252294
0.52342417307362987
0.60792886075924302
0.51686934341471269
0.60225990291690346
0.48549563190605899
0.52586626919453583
0.38869395771025855
0.53398404659093590
0.53411117741294556
0.54151582443694191
0.55311993029016504
0.59281193707163515
0.47499517554919024
0.63126984044723133
0.35830692085844440
0.53374455776288332
0.47809396507541124
0.55173564461128255
0.49581811967779171
0.60381819879028109
0.46372390622174126
0.55980359406461699
0.47432492787832609
0.59676168694447806
0.45663466567997069
0.57313764219364483
0.49058043810786156
0.49631478890009800
0.50477255526334130
0.51353879447797723
0.47854707217820397
0.58295402717624101
0.44885457721162403
0.47749745658812537
0.44391300228796743
0.50776586517578670
0.46531669347537813
0.44883028888587617
0.46626374504038492
0.56688284661074351
0.44902720261577894
0.49681593192743845
0.46424957011241147
0.51886270463464101
0.35566439572659814
0.49908672861414660
0.47619021242224763
0.52357768177002784
0.44716406522798829
0.44151858093919949
0.41405749418782595
0.50358201594119267
0.40325801029670277
0.51951441938851084
0.44092428201528155
0.47179283005105799
0.44397754707636117
0.50996069651504650
0.40996467172495510
0.60078190272241261
0.50056632811489388
0.42067283660216903
0.49349526153923995
0.48569351241907488
0.47647120014196376
0.46594320762212060
0.44793734385834844
0.49639430900263964
0.49434519865835358
0.55354168614094679
0.42786896723537210
0.53727051567157691
0.47384607589625038
0.50105818312837203
0.44306809601671326
0.56265574984948563
0.42326791804373842
0.51557128550099018
0.55147804717619142
0.52008190411512190
0.47372265586869949
0.54523594251143082
0.51060655537823552
0.46594763047619570
0.43964343305224451
0.54793376004323346
0.49030390439382726
0.48955340754671944
0.44313757618606536
0.48969603116311367
0.48212875755355766
0.44203053097323042
0.48579456522395209
0.49075292518957525
0.49065548671366871
0.38868324609869276
0.47251049060296108
0.35573883870049922
0.53372661626239826
0.42208739973378245
0.53223842187870651
0.43485073277994429
0.48437602972327487
0.40244937830212107
0.51612292924600878
0.46792300604193904
0.50199333113950140
0.39203007167292070
0.53082457668045180
0.34232121436692470
0.52700436740001666
0.37785874177778983
0.61009626870587053
0.41253544457211577
0.57507545933095294
0.36562012734596117
0.53098444596859629
0.39020498303033618
0.57680630511095987
0.37258353086835649
0.59753461003906161
0.37738997123036461
0.54731145969951944
0.43282789602754351
0.48722986795783640
0.42771900682732394
0.57469738740565202
0.45671111515450102
0.62401177888952808
0.37772318766380142
0.56094219503831522
0.45300517600331119
0.60154258967717755
0.50496054172052507
0.53982815207485180
0.51983712892603040
0.55403085466399360
0.48990228095484495
0.55892550497759996
0.44475705074246319
0.56329398410197540
0.48329255972673779
0.61823785843583501
0.50880949182274837
0.58599801961695941
0.48628383976938078
0.60204327739578967
0.51980236571696126
0.59139611330625141
0.54421671803790483
0.64976780719587368
0.48506152806615566
0.54030105178862364
0.55930986853513420
0.50927942973675611
0.52572008429131489
0.58601616088016673
0.55411764555680088
0.67376776846281838
0.53733154451472365
0.59474242043986392
0.56600120546950738
0.59241813073016680
0.54227941894341158
0.65203932794267339
0.52330985358837401
0.60745605781658507
0.54186792633606262
0.61451373317261793
0.53496325701994962
0.61629135933850199
0.49766140381063306
0.53494735112049729
0.52739717239722195
0.51205542317658981
0.49084087296378326
0.63874152586120725
0.55206598567537091
0.57088097603008436
0.52830060845989313
0.56921876405243754
0.56374245860443140
0.66326096520882516
0.55660646172822459
0.56389508887550122
0.53941286665940091
0.60148456387094351
0.50755343210726922
0.57885445249646839
0.46684785107007520
0.45684858165009307
0.52232022476620699
0.51106168688384046
0.53612053743522614
0.61885830107323170
0.59793757542311898
0.59868166507556619
0.60618441209866181
0.54352315824387931
0.56011909160198736
0.67634376885153280
0.54752166427525117
0.57456146462186364
0.57017768648959699
0.59858004160495204
0.59991984269021947
0.54568059061726415
0.49376887084385557
0.57414443496174195
0.55856955928341212
0.58522236847814202
0.53894263335657855
0.57811919237644016
0.56419698252478989
0.56049448120832135
0.57751001233786503
0.56329570184373834
0.45151835995043033
0.46302375796138973
0.53597915957679076
0.45627741749054318
0.58049154901534317
0.51277774974222923
0.55827190757355705
0.48559995824825913
0.58596700854227501
0.52772122574449898
0.51621140060286042
0.47295629622496504
0.52785059154486447
0.55248135208873972
0.52126600637124032
0.47455472578862801
0.58415819666538527
0.44779109723707766
0.53074071480605112
0.49022313106201265
0.54931574679965378
0.50237266862048424
0.52298655937210980
0.45092122536521428
0.58979232205609211
0.39965414930397719
0.52329232793274483
0.40311842354947164
0.54948674229103978
0.43731978254707204
0.53417846653686873
0.43289601131834160
0.54612375288555148
0.37372405759960187
0.49039564148409209
0.46390541588831352
0.47526913898529277
0.43053150531801121
0.46716360498547799
0.40989566129488059
0.53995203965890981
0.42505599063710053
0.49268331087135703
0.41703253849525163
0.59597774938758041
0.42957340007225114
0.52784786276363449
0.44440163016805156
0.48921972088483950
0.48074632381131777
0.53969685643799425
0.55842826613613672
0.49736708833625687
0.45241624273752173
0.43998145316252901
0.44231570270263471
0.46607196502674236
0.55871453700971974
0.49967825552035072
0.53431181010858986
0.52500245269296908
0.48049821702540907
0.46088072784372813
0.52455377138126302
0.54940645054375936
0.62652779171665740
0.42448596937550703
0.56660735066555346
0.48128658319510176
0.39181188162830599
0.50908078612375862
0.54325487273872808
0.55111958454978560
0.56251564853006109
0.52598503821541653
0.56975907271881543
0.49219600643068556
0.57315137306829533
0.41756604218337934
0.59636393405504395
0.52288322216766125
0.60100604455012896
0.47376431678542874
0.48928021580409964
0.57677644107470472
0.53919945942125358
0.51036948575256658
0.52608566135693846
0.50777633547229817
0.54500374819149100
0.49553752545623719
0.51492908727705533
0.55631267309966748
0.49875606632201125
0.55538663275844491
0.58055002489897289
0.59898519581926690
0.49550491523679485
0.59706762175185524
0.54475465119159516
0.57837739431222401
0.49785685242963407
0.59308744992069728
0.54464548342079477
0.50649192738934490
0.52037134267143015
0.59710833836637911
0.55310097073441167
0.54382552932706896
0.50885394740766576
0.63737191252180536
0.57837275540281219
0.55411893539473178
0.57960669348699478
0.57049388186851324
0.50619664383144458
0.57384330901287506
0.50764425769076882
0.65326500747407457
0.46106618025540397
0.54298820543481896
0.45553254485950245
0.51299827370689810
0.48155376775105369
0.62365479323879347
0.45485483633353385
0.66597765216680638
0.46024049089235924
0.58237441958671010
0.48268510854125318
0.64780736479720424
0.46802324965327735
0.53613437690029953
0.48430323781537499
0.56346764702162444
0.44208006962498902
0.52775300007773229
0.43158442164177824
0.53854882185409114
0.41344276129771312
0.57572881308982193
0.46679250685114010
0.54619660149702576
0.42343551225240372
0.61948746737962856
0.45292285487554385
0.56714882613935957
0.43005411240316593
0.57866894628328480
0.42409124671480314
0.55933707126883603
0.39518416403690904
0.55334785583069934
0.34350080120574533
0.59784884347171097
0.47959496804667856
0.53158753353158172
0.41585480619496634
0.61111552214237874
0.42418213447299069
0.58397745977173843
0.41444344637941899
0.53149020839985084
0.41609347182527950
0.53745315701528529
0.34094323914356406
0.56097086353835679
0.38501002452235256
0.53975304293425785
0.40630465764367529
0.55046729286089779
0.37951770773815352
0.57956080459458459
0.35674001083459528
0.61654945591156840
0.34813714276226260
0.52848736795524087
0.41624317084568940
0.53782072823748861
0.35881774872684047
0.51030400213963001
0.38943104894911129
0.57836517962806278
0.44350419612623759
0.48716696672317605
0.43169919355226344
0.58221160572630259
0.39550686393209816
0.51474743054315164
0.40185723728570749
0.55431414115393962
0.43093412122525282
0.56570742289992282
0.40920992552167046
0.57838814591318732
0.39110042371006970
0.48928333364157134
0.40980965518405110
0.50775582120329998
0.36236949000198532
0.56227153047133127
0.39217789015469484
0.56169007115950131
0.35706185607794705
0.45425424277459592
0.37393808803350292
0.58420151926658193
0.49007726745279662
0.56172574657737551
0.36674961731321742
0.52629567956002876
0.40167061812277327
0.51693688709542696
0.36291680447043639
0.56032005815747066
0.45064665822924027
0.51616747123768136
0.38994169755592883
0.51739123813958121
0.38996510614466817
0.45315099651963392
0.36337096331533880
0.46481858929157527
0.39583780223774911
0.52109943964002914
0.38185952718049876
0.43961047608671477
0.42452013198058663
0.49343582029591715
0.38407691494628071
0.51853897884639288
0.35559971035408938
0.50570939453976937
0.31959189861575787
0.44743506117850057
0.46672175066400268
0.45654393211869482
0.50153098942538210
0.48160176576672203
0.45957834967150157
0.49890117351923313
0.42494308970332018
0.44343787865871753
0.41582690846657494
0.52438746145546855
0.39194535492669730
0.41835301219851173
0.40315467633173729
0.55940755747504400
0.36067267272101133
0.47349891015025453
0.43939584979578539
0.53387059022957384
0.42723307595495863
0.48139030261608157
0.48201442562968877
0.52066919515208843
0.43893675159610807
0.50903682664090510
0.42686286944779384
0.55328865883920553
0.41542070090764094
0.53783636684014147
0.46849661685147842
0.45684380386651013
0.53319918662251575
0.54977601704009316
0.64382641154952591
0.55471111684712460
0.45653722042502276
0.56848683385765697
0.46902907210594907
0.49370162729641942
0.49970441407500243
0.58609345212548991
0.47068141466787705
0.60857218187442275
0.48382856082458853
0.56077870784222439
0.47482978753325145
0.57210317292205082
0.53486448133242126
0.57899997852523766
0.51921946542040787
0.54519816569905277
0.49725793850492411
0.55507030310121663
0.45149208866499463
0.55188295602649717
0.53797059235097533
0.57169142931145078
0.49911923493603749
0.50639874749842650
0.55309461816823668
0.62168468596929172
0.54592812688775982
0.53969923240658890
0.54753448475015598
0.50471842523543764
0.50230014331593786
0.55415662437599045
0.53116521343293166
0.54642673664624608
0.59585711173919964
0.47367059027539005
0.50385927689769372
0.45538388021913440
0.51306818441209789
0.44818158532347951
0.56143158404840032
0.40091773301034617
0.54905573707538691
0.40386046478669535
0.52875089441046330
0.48567182167516265
0.44098820877737044
0.43013276397345684
0.46433092742252430
0.44264914430413865
0.58085021436491679
0.33815843687817759
0.48804546326772347
0.33836568281828061
0.47514261485689457
0.40240729054374524
0.47405776299544450
0.38230359111643408
0.48516098997719398
0.33018382898132587
0.50449949162450203
0.41982195839959957
0.53115111709843754
0.33723064097020650
0.50773677249805416
0.31330973167539955
0.56077759812043870
0.36354816927054795
0.49115252434096696
0.35927413540532666
0.46336128410187860
0.36163617826588784
0.47109271656841017
0.40483240158163192
0.51026792065610704
0.36303133252832159
0.50911550560417285
0.37041530078970031
0.44686942415517461
0.34191898011198985
0.40158802207564825
0.41060790871514036
0.49002762698850155
0.33774538639173973
0.53206736972311797
0.38341115937375714
0.55410549604261172
0.41917015372767114
0.44126821017298251
0.41626674424848981
0.43981956298753783
0.37526551784646522
0.52935290295770898
0.41978826926101587
0.54957009111214516
0.43214477922054456
0.50878717265384132
0.45428766603964477
0.50349216652053064
0.43802406260823257
0.48177822937049219
0.48544354734034412
0.60861148639449913
0.45961652734565234
0.56362332197852960
0.45852995031044452
0.56767320933396448
0.39324196274991019
0.53829435598437303
0.44017092956748843
0.57820306040134728
0.43126702065595063
0.49568967238722228
0.37628448038102941
0.66274971777086078
0.50035153057642623
0.58368727678010490
0.43004118081751652
0.54644811058631937
0.52344319917154003
0.56062538147121443
0.42700446786551349
0.61235611441928239
0.53638296457156087
0.58294158139504137
0.44732959781211851
0.53088886758512410
0.45620996947875958
0.56024353772227387
0.47723878871561853
0.57614072134878602
0.49356520557784028
0.56244399918861898
0.54136666242907328
0.55042948328113095
0.49692088853417399
0.54432755181795245
0.51115064977859814
0.56825573932178641
0.47686904175622441
0.53370144658572127
0.56148946767443308
0.59309552109577579
0.52405147328762580
0.57779615411097807
0.58207239404424971
0.52320335071699464
0.47862186901318476
0.52615970292423453
0.53042209436007326
0.51547524435745906
0.52309524618004866
0.51568916334446679
0.59731978617359804
0.45193081391735818
0.57136822609495752
0.55677767166974290
0.54357373907759055
0.55743290153714886
0.54657249575887257
0.49444792129454274
0.60031251101994632
0.51464609265744721
0.59695836291474369
0.48861022745753974
0.62745366499730615
0.53930242264232620
0.58414282824543029
0.51959963003795595
0.60490592219244166
0.51266797311363443
0.55361458439034761
0.54039338788257485
0.62243047741561863
0.51684675756037790
0.60720196433667051
0.48697430996177415
0.63032153167909533
0.59616699910357640
0.60975004244262887
0.55664811235347011
0.63565451461765587
0.50302596640902741
0.60845063300956581
0.48853855163102478
0.55755826038415612
0.48825451412972154
0.55881158950535181
0.53706679453179529
0.53005166872647236
0.49320788411459093
0.58388470124685143
0.47873737652677412
0.53197764058537211
0.53281527223673253
0.62938903582694816
0.53331577840391409
0.59227447598855609
0.46442947015827374
0.59982136429973687
0.47636348712874360
0.56348591067056364
0.59782612285815673
0.57733594006389688
0.50519904474735955
0.61183980486025091
0.56555716752024154
0.55909324577601427
0.47770295317237316
0.52780945658681744
0.53292666982174197
0.53704444354872483
0.49567365925015555
0.61555779321404813
0.50471512151651565
0.56448077134704344
0.48938499291653970
0.52771247587511849
0.44303996898413739
0.50051638987538416
0.54692183759713009
0.42749578225990248
0.53681615632223867
0.50748893285734331
0.53157708383463487
0.51867684334812703
0.53516204326128247
0.47856659192265927
0.49620961188980850
0.54317578589454762
0.54901863562967446
0.51911466637137493
0.49317666853811259
0.48444104449411579
0.49786417716986131
0.48155254568594463
0.47122034472444130
0.56559671972212544
0.45065617731744773
0.46411105723442292
0.49260426383402783
0.51996777794140769
0.47040861678197970
0.49332834801489606
0.57624645076960879
0.47585918691092333
0.41153981562115272
0.54587862600689241
0.46891257378312928
0.46603698054527792
0.51234377467878578
0.50548328688092203
0.48120398737908565
0.48088729138109654
0.48860648368874615
0.49585803166922704
0.49051584762894590
0.46829767949617351
0.38827446821270051
0.33153876550406181
0.51592186936315576
0.37037054752394927
0.48483772666400154
0.48925259151836503
0.43552884688736032
0.33828033101332200
0.46262935947423312
0.48711740877407522
0.41532776885187633
0.36366718503623208
0.49571081257521377
0.42305324284224444
0.57334839994643749
0.32633165904161882
0.43698291969524899
0.41167393442536998
0.58736536886402724
0.38735861202391109
0.44223889803089655
0.43175666324664241
0.59364012253559018
0.39462148278658610
0.54195747915955250
0.37034049518433854
0.49003901212534157
0.31148260456229293
0.50636472994957893
0.39607130371142502
0.54620324996806924
0.33524609236715330
0.50657974142857176
0.38185696196500751
0.51595640043774893
0.45497841187004551
0.44977494799681794
0.40946496965220136
0.51820577076122643
0.44811057160550360
0.44853211413189698
0.50772474339570639
0.45293472591746087
0.46725595209382764
0.39395686687596543
0.49841530487611135
0.38106422473772650
0.55034200878291473
0.46944159308656019
0.46162513619541301
0.40824975709816080
0.46497064910324215
0.47811616269622670
0.49997694791057057
0.37459299039877642
0.54098039754008109
0.38338979404051921
0.47327382644288502
0.41577600149312233
0.55311967588075983
0.41327823383417489
0.52324320067914754
0.39376655423073526
0.53959734767797540
0.43929230150317949
0.53659553606344035
0.40766190986755302
0.56525701965903108
0.45798464025733698
0.55333617704497651
0.45236666281989141
0.55408195524856974
0.39947651516742710
0.58407770101642920
0.42661230022942881
0.51713128395259345
0.42910046746409836
0.53607724354433284
0.40074340718111628
0.56524203312903865
0.27468438485281110
0.56660515716691950
0.49310667935233327
0.52646201560298844
0.38006602341151063
0.51128130505165448
0.27730335870445211
0.50456557266409285
0.37471499291269184
0.48848311877520539
0.35734572728180630
0.45864296213628697
0.42905630552003615
0.46034831357305678
0.37701035611190747
0.48506342249093926
0.38181116254916569
0.48474247834343853
0.44340419374579038
0.51101541434838316
0.42372122581076799
0.50133870123705826
0.41033707247777651
0.51343226274875198
0.44412760879488450
0.43856884252566158
0.46102253156068523
0.41326187863733088
0.36997006604884602
0.52437061743448476
0.41719630901830707
0.43236944619177731
0.42088905605310994
0.36085773105608526
0.42642205250933896
0.47158350549234390
0.37565343650347738
0.48543026759846231
0.37059560142845221
0.43082319080165621
0.38058456975877158
0.42368422295400682
0.47445507555967781
0.38743574117343149
0.40500557233183526
0.43110861422846786
0.40430246348693660
0.40802028247443939
0.40119610792718174
0.47120618943766895
0.48692576560539202
0.39479381295938532
0.47075130888504974
0.41142698664302801
0.47858256246558639
0.45914766807472018
0.44018444625352665
0.45889968813608017
0.49335014738161131
0.43601522413224841
0.33431564376607392
0.46067378397537112
0.46426198163761045
0.38775540721743562
0.42613209400947710
0.44640098209595580
0.46281877131269411
0.40093330285846945
0.44835647688218350
0.42615580782526419
0.42976940984839679
0.41750166553200158
0.44346846673830653
0.42245853045191661
0.41686062482780367
0.48066237708177267
0.49795920405152239
0.48499947785902087
0.39154880092111166
0.44833178383140443
0.50673838966346985
0.46568180353622274
0.40054717447128974
0.45329368473506088
0.36179518460810639
0.45821532824786976
0.36297719140098228
0.45722983789095384
0.44402868474710411
0.48736321313224662
0.36832124090603080
0.42478771352608446
0.38248768859613386
0.45581282239461601
0.36573169913619374
0.55354615656850770
0.42770848748997670
0.49789910230470275
0.42807962677506556
0.42144665099560680
0.46579572783340001
0.50133940674230948
0.38864086396902836
0.45971472179237072
0.43096232526846834
0.46261858197880873
0.37517795500812795
0.45840884775990209
0.48499428154337421
0.45530097811122433
0.40510292038931550
0.42750185810713232
0.41937518935096291
0.41955404611805014
0.40684139937068747
0.42075644186217487
0.46250921275304063
0.44557479655917775
0.53149607177509295
0.39442757023880637
0.46799539895747255
0.43989744159785543
0.48891801851598382
0.41475398840389377
0.48674963644917196
0.40711941867906642
0.46726231782057359
0.41844212392849400
0.48121889191035505
0.38908570548414717
0.45578320442752945
0.36262097296314877
0.51254857999486958
0.46264018632318066
0.49722491039644884
0.36268944428346128
0.48978113463330503
0.48727332087193770
0.59260336030177463
0.40015684238185723
0.51907945681893530
0.35785535208009894
0.50294549960717205
0.34576100778491531
0.60187306828031306
0.36736576799670256
0.57069433200409281
0.36851179082136026
0.59369674770911396
0.43049960403978060
0.56514059636750291
0.40905963441350091
0.57563420408472787
0.42438056365925975
0.59066037917204239
0.40469566332533008
0.58241893487525764
0.41905082700505680
0.59732507880217056
0.43793994552992171
0.53339235528434892
0.38651586861334719
0.45567373111910509
0.41936886110131416
0.59166559284311404
0.41197053942085610
0.64439860648946190
0.42881386335476568
0.53226618920952307
0.42803699070606388
0.63938374490587013
0.30634977503579602
0.57431823215714395
0.39250477644220277
0.64540052987860042
0.35850730209153059
0.65842916037356047
0.39774786142286028
0.55718998213592608
0.45498600980770587
0.62091888308767829
0.47486225287082734
0.51344145251829998
0.45344776803790821
0.54341821256897149
0.39494630980769885
0.64535746713650921
0.39258880019758297
0.60926310874525302
0.42385967870294422
0.64645363919311494
0.51562664085161669
0.62333015221908661
0.34960389001162179
0.53836979095842208
0.38979701246697601
0.59552497646505032
0.44605829590145213
0.59306263666383130
0.43784701831840339
0.68168434942399658
0.42617286827156059
0.55343103333956056
0.46306379687357807
0.63150014145229316
0.47795668396148644
0.54520767874390597
0.41527479764804454
0.53638153037805603
0.43148539319855339
0.57872596141424804
0.41407114294691161
0.60152158168048475
0.50949754526081659
0.50685891395501093
0.44472620763931575
0.54961817171905802
0.48021499581493599
0.54029987296153659
0.50283845747948308
0.55317157327873800
0.45228395636472218
0.49722970937379402
0.40608977297683929
0.57559397527468725
0.47688829816830169
0.50827873966386894
0.44090198265404051
0.58546658485888070
0.37753527495316785
0.48305442701994650
0.47754669617411000
0.44282161117198154
0.49913115122784790
0.43371159789866270
0.50888316105346854
0.49665987765690289
0.52904104761561388
0.49419128948922586
0.58585476151746307
0.42707813243423209
0.44725449590032085
0.44071878619883637
0.47698727707746025
0.44211692842372097
0.53601862462144845
0.57358778739344796
0.42901461981722033
0.47889203957820392
0.45369702988558558
0.46957842812140949
0.48842231950829784
0.43131608062502802
0.54337555553338945
0.39986304978171333
0.49444440504958242
0.40038790154714898
0.49558523910826374
0.47961706653800429
0.36425393245120946
0.44320811566936824
0.45521702073197590
0.37127250614356100
0.38853602809517629
0.43131024554808300
0.43714683623442263
0.39356639303803787
0.43131683624730988
0.37078254090761203
0.40330843784801440
0.38671925222406889
0.41022841343451594
0.38656560280135649
0.36466439234293141
0.40216429786277430
0.45541611868948906
0.45506319192417233
0.43701657805736965
0.46670202089099866
0.40143261518736550
0.45777569910976579
0.42163540985119902
0.48201473223633651
0.36676898160359483
0.45531714449851196
0.39589420420684795
0.43081010916496015
0.37714194334884354
0.42258063388803485
0.34448014616016021
0.48651206094522076
0.39710456882311340
0.51539440753374022
0.41652548220986768
0.48837804006512664
0.38028248017327848
0.50317982019586061
0.39715168851429417
0.48611430171612885
0.39105761830008323
0.52572543845849384
0.38642864730793319
0.46576970011970437
0.33183690265365934
0.55341439211029042
0.45482295755253471
0.49895215992385533
0.40688474186990242
0.51375591345857552
0.31001432359867842
0.52623265099088956
0.38826616810411685
0.57150696705530990
0.38943063571456527
0.58426400587822802
0.48030775383004420
0.54574568662527911
0.42772809982941679
0.55676025838537124
0.39168537069831655
0.56044472092347919
0.49423041269916923
0.58926446214144501
0.43273929680628864
0.61090887473396271
0.49574876506182070
0.58030088503931465
0.43149734499136061
0.54754843466284120
0.46534621068708071
0.55837320296480897
0.46122090844576275
0.56708676999871921
0.50558170687264892
0.64397301299998500
0.43141671068770604
0.56410723092795179
0.50466213716434072
0.56958346551033623
0.49510670176585542
0.64273389194700214
0.52768947862005244
0.58883768986669294
0.55834259682716381
0.56092696069017645
0.45494555879864768
0.53682748069987618
0.41239212222470439
0.62645770133702661
0.46253660727598722
0.59038258566886836
0.49214189612804476
0.65773318687609783
0.52865000337426349
0.63469548490050498
0.50081565606258449
0.60540147044634041
0.48975641721676511
0.59864681623063254
0.54648340598737033
0.61146131076228372
0.52479822645060259
0.59105747342372150
0.46676790766808796
0.67729494950092151
0.52416070291619021
0.62728344085216847
0.47202356747550278
0.65836513976108446
0.49121530518093187
0.63505605217496586
0.51624516208135507
0.57361882715098400
0.48632301098282638
0.63434525697059441
0.51271771706727043
0.65123042308235546
0.56295984777799046
0.55712666989735127
0.48412804692265221
0.60432625563305675
0.50957202834789361
0.60472492099233410
0.49041928418719516
0.59314243391768984
0.52391697609259036
0.56561892628315158
0.49497079119634430
0.60485121853253632
0.55358768652759571
0.57701297898068682
0.47768004068789216
0.57334601371319116
0.50927393382545527
0.54469889395413273
0.45507171059649187
0.64412773469058693
0.56787249993561517
0.49031976676179490
0.46281525527896145
0.47324682499896686
0.41617911865977131
0.57012068688028095
0.48394039660928884
0.59121111060163989
0.50986683833287838
0.48951222956502699
0.48919580583263617
0.55546348578792226
0.43176570895823119
0.54879805851003538
0.44728262723027779
0.51486612445575453
0.41704683445270146
0.56513978721777258
0.48523551843988677
0.57650730471923706
0.46066229393155000
0.46546275710045160
0.44698975865729740
0.50691650764259943
0.37589219612560043
0.53791661397462731
0.46126675383287025
0.48127241564127987
0.42880189118434864
0.57387788960216479
0.34399816353007839
0.55691008496816885
0.36806298176491142
0.60571186858581250
0.38729241602084608
0.55163310561388523
0.42330521453179404
0.51890073572246842
0.43961520202316628
0.48188031677727511
0.36338517182808650
0.49665060634093344
0.38421903986951056
0.50910254305583125
0.42221482895348428
0.52931698558417795
0.42677670489678948
0.54273216145074032
0.41298299447970188
0.50695227728369852
0.37536416601070771
0.54259209987066614
0.40508563981445117
0.56587974639979521
0.33971670414443950
0.52138233416698754
0.33194411143542268
0.54624224803673460
0.40977454366521193
0.45489718787086497
0.36225585267020838
0.55991543720298609
0.37152394086886342
0.52436459362825338
0.38836259920246607
0.56088287897803057
0.34342278355411815
0.54837024061916562
0.38617243906179205
0.56017889439533786
0.33868227328793882
0.61738095125784564
0.36965250586648690
0.49721802516766811
0.33241437025873044
0.53366624771481730
0.34658089817742443
0.53978673423136603
0.35607496252053356
0.58600322472599919
0.41329068154822912
0.53428154268973371
0.36263331995573944
0.56276064818617355
0.37369643178575623
0.55709498717514505
0.41906666203768306
0.52165240203182039
0.42492185304478169
0.56110159833152662
0.38041490079338114
0.53827753426369862
0.36581879327238837
0.56659329774153333
0.39554171493584589
0.56831604664546775
0.39300143228802653
0.47899228939259930
0.34730248095588739
0.49344709523939256
0.45782379744318552
0.49591918710381466
0.36738993828782091
0.44653873356512558
0.44356634298886982
0.51903154499336079
0.37247584931628724
0.46610809453009822
0.44437511059175394
0.47060505483030485
0.39082026171343587
0.40568913422565611
0.41818980823223495
0.45339316450366618
0.43228413212756484
0.40676181380795173
0.44679885121758667
0.38185387776715796
0.43517407378722683
0.39857014521258871
0.39517622420997500
0.41483283220502398
0.45742438271948332
0.43598416180612098
0.49882071621376067
0.41115172559567270
0.48682322170724202
0.40362955443380255
0.51181862701972547
0.35313524930113543
0.51452021488842481
0.31630015511510690
0.43845279601002551
0.44320366597368849
0.44973794901946207
0.37996277247893995
0.50491453352346405
0.37108974812470008
0.53022266599378276
0.41176589641559158
0.51493396884786669
0.39930171203661019
0.48964470682383954
0.29174098920110969
0.47336476391696819
0.35758242090643144
0.50114506032249018
0.39841008410933515
0.51268558156502930
0.34816521758953028
0.41709441532552605
0.40832012161595110
0.44881031118974335
0.34871289450380699
0.52459908285678569
0.37544705882147683
0.45663798429880975
0.37019923913961433
0.45612141427139091
0.38810889065246951
0.48687581291044479
0.40515865467233364
0.47278618432006103
0.34263172043011747
0.49385270362937977
0.40746025443088746
0.49137215703669812
0.45555930435081782
0.48184570101241569
0.44650333530166492
0.47705208427684753
0.38511619553714782
0.54344417996144656
0.46321118220795821
0.54111298346413805
0.39367626778059411
0.57606797678344579
0.29484211479947436
0.45444485735566303
0.44120352361709436
0.54423282566777831
0.35652656802926946
0.48625859418468564
0.34089342675302098
0.51247497170180667
0.34925843252095756
0.47578332718752747
0.38853690772007426
0.53587118263345035
0.40727233778934779
0.50397565810345579
0.51462836981173343
0.42961439648654715
0.36189305950302980
0.46257137775568813
0.37515810102928082
0.41355523726407156
0.38879163163855301
0.46229747909275531
0.45161167445463413
0.44162385529210996
0.34252585459255136
0.37134486370717934
0.44274258032422409
0.41639544990979227
0.35018150324869618
0.46776202979694614
0.42491941615360540
0.39068412657645302
0.42616667475045816
0.41838203791593931
0.39572975066675381
0.46560041369594485
0.41103053669726924
0.44200282001936697
0.36474769642792776
0.43290106773248749
0.49223283106926075
0.49346116250181637
0.41634572228705446
0.38269044335954677
0.53091249349406466
0.41936356276325765
0.37126455166979350
0.43964066537924068
0.51563145157982382
0.47338203627578246
0.37869543074847056
0.47365942746477568
0.42523774803720249
0.44608173690329234
0.40257721912899719
0.39407631638620211
0.45422412193153211
0.40857987679100582
0.39495121630759650
0.39686097311705670
0.43412734124547875
0.46866432100518696
0.44118703154977246
0.43380022333558194
0.48543525017144917
0.54186201797877409
0.50890149643465443
0.47117796186881589
0.44755576351241466
0.42428442054596083
0.43830674447681878
0.48770365298758689
0.41628478449749357
0.46027611512334721
0.49376460986285786
0.44853413807885678
0.50153572735088803
0.36411254144756805
0.53278454642594220
0.41795928048371489
0.43287917479657689
0.40650301060762106
0.47439167712100661
0.45594641051828699
0.45106111149395767
0.34146438063474527
0.37407727389019807
0.38306364298678752
0.41314851487846888
0.39596777391273497
0.51759053568726032
0.45487054271780519
0.49607584697000823
0.39345688977473520
0.50476684996220444
0.37299942875054048
0.49287489286414538
0.38220990842396019
0.38987656159974582
0.33051170851510553
0.45247864231982882
0.37565452342023042
0.47941664922655630
0.38543064002022176
0.44736047319601774
0.47804030161370120
0.48553360625630654
0.41172704023044715
0.38861973858539189
0.35820720788111154
0.42608872900763495
0.40384659511172083
0.41836008671126446
0.36809516413953669
0.51829643489814181
0.36086705603505664
0.47347519533950733
0.38359727833559076
0.41002586708491079
0.47852718234065927
0.47157716602552191
0.44593355705019067
0.48101634289952871
0.38307480583260023
0.40475545977734911
0.49376662977052610
0.51205558164144749
0.47790048830217358
0.43286132999363214
0.41316302957841711
0.51232815074563187
0.47369395720886243
0.46535696586389808
0.48857178116700067
0.49246601404983975
0.51846011177421814
0.45118136686690424
0.46884729849188245
0.48057020501538927
0.47633738468882708
0.40895204353111658
0.54184800771731290
0.46038870952169075
0.50648713136948798
0.46945614981455253
0.57621223269565092
0.56482948328543747
0.58101026226435837
0.46928239725554444
0.49856254707037895
0.57446110211072088
0.56140071292317306
0.51192022591125896
0.56212729924374638
0.51597719434955258
0.51731119782117585
0.50262208274544262
0.55818849035537177
0.45069901866714096
0.52275067909807849
0.46719001574511432
0.52858303263042594
0.51113060357820139
0.54140073942149192
0.59654649854410391
0.44934811998946522
0.52062415241368865
0.46031243917489884
0.35481427365911783
0.51183038333781739
0.48412959229359104
0.55135506997570349
0.52469970688209155
0.42871293793299114
0.46928811739368154
0.42247164527599262
0.38276499520623447
0.43991978009241417
0.55265777347335598
0.44812068417743139
0.45663110692984077
0.45740001298826205
0.40035409612410461
0.49542345708562724
0.41801760331412713
0.41208279993724001
0.41415606755647283
0.40208655013110806
0.40439252399481096
0.42877012930343672
0.41691923370536388
0.45647342526157419
0.45751479042796306
0.37259939507872286
0.45745628979311009
0.49384513375313216
0.45739002963908798
0.40601007219696472
0.44846714293594880
0.42468901513066915
0.41678314493211949
0.41130429034005045
0.45729154794894378
0.45361348539456919
0.40805809142698229
0.39104614521171277
0.44836602671525261
0.44369698167422122
0.43705090638677696
0.42354651788762615
0.41447478387602549
0.40015280868742870
0.40250325518848196
0.40528601701060862
0.48970043071587221
0.38041444725580331
0.46565869252454850
0.44052541684165836
0.48066833472312176
0.35480787469733077
0.47399305467345981
0.36231554800706239
0.41840160050781416
0.37953532655625133
0.44965019207631163
0.41934002038163598
0.46039309548630519
0.40320979461984502
0.44272180677597622
0.41137606224149148
0.42741828282018618
0.32444459380419050
0.47088229787304325
0.30448190631297134
0.44728055593690813
0.49599718885193672
0.42606017807673735
0.36429749996267119
0.45574664125159536
0.39090747399051834
0.40078260454211834
0.34844867913973476
0.47126869531533749
0.43010497339526416
0.42754143535421474
0.41075253626899205
0.44653190609704252
0.43387115523546399
0.42861524014751429
0.39459404247295515
0.48821037575761461
0.40395399465261833
0.42419760057848188
0.42429752824642264
0.48109276739852785
0.39327784402181665
0.48769746722734192
0.34474143130225149
0.41817065232037526
0.39534135480470278
0.53304241027391819
0.35490573045689300
0.51639512569206514
0.39050406717253505
0.55254210690450301
0.37211600307896880
0.50046347228618249
0.41683206280862029
0.50549663485381735
0.37931540960587506
0.51134826708274472
0.40678021700900779
0.50438366708742666
0.37871321960127013
0.49719988396101389
0.40748753794274051
0.48856359604988070
0.42783483695105190
0.51420965939739960
0.35308476163037195
0.55253305065103631
0.43875640837180346
0.54338212621165349
0.37654834604593951
0.58329758843217838
0.36677221458147952
0.57563986160152503
0.40602477871528236
0.50934764978460989
0.46894148904928545
0.51132427478969367
0.50348549205131643
0.49003091565266327
0.38682620689463254
0.57291969148359778
0.45073166796181724
0.51571768336933477
0.46509193294049589
0.44838383075423072
0.45901976642088016
0.49867895673809148
0.37934713219549554
0.60533613018790255
0.39001887892408532
0.52397639854162881
0.46441069384351796
0.53592543523180025
0.41601704907159515
0.56592528954206622
0.40665454265071999
0.46758222916422132
0.45984844606170450
0.59396940409205357
0.42783016576118782
0.54321940291259452
0.38473917155140658
0.55878001205139660
0.48281115392437374
0.58638709260439925
0.41822534293274394
0.55526195665266798
0.42536862209384341
0.53296542252500911
0.52685326696092039
0.56012642976517524
0.46656777964468876
0.57157502664228177
0.52173688420733222
0.53270871078928239
0.53757620073011747
0.54895295096566021
0.48370507704631327
0.57429277948071911
0.44301931420658869
0.47598145077118298
0.47298093690938087
0.54832348002494369
0.43399501563752241
0.50568645908593501
0.46353702842367750
0.61446736013344860
0.43054019763446388
0.65827302573153135
0.50699833580956499
0.58701140685621545
0.52487354134909592
0.56720913229309844
0.51718090556340346
0.59360346935323161
0.49444754439992428
0.57012471318266422
0.57973233384763911
0.56072187845589527
0.51548320554536753
0.52918219149172041
0.47569332042041984
0.62362127831806380
0.51190990752297050
0.51576259324969587
0.45179944985662918
0.46135902176492993
0.52638356533650965
0.51383047675829319
0.57847157531180360
0.56948703006182622
0.45890564898453817
0.51683954408274624
0.44960621501154963
0.48266654958221633
0.52912702117785526
0.52696374895862752
0.51811531451302617
0.50779146302954636
0.48877836848345546
0.58657661705080077
0.60743784931457678
0.45447233816072347
