0.04641724205357836
0.93399357444697040
0.07094810287697136
0.93061601309631414
-0.04309059754727657
0.86640584570517676
-0.03990946491781127
0.76406481302583917
0.07949272369506306
0.61249678085352799
0.14853743932386293
0.49919831152200311
0.34829927694067181
0.35493096764137544
0.43953764276836405
0.31861200296603420
0.56754356928551397
0.24308228453601555
0.68208337523387330
0.23704638012668938
0.84265325483633613
0.25149636307949164
0.84603283409880325
0.36583806464257140
0.81606520013190975
0.43257593219870638
0.68815805333593438
0.58392261933989276
0.61021068660913569
0.65406552198931089
0.51844698279165580
0.77605225066941719
0.43744079092134280
0.83459888881412203
0.36198248676143652
1.03795842035118246
0.34354021751048247
1.12480006688755441
0.51467869305118319
1.31523400041567284
0.66427052809366494
1.43171532031952231
0.88293051167114345
1.45841431882867556
1.04184611140557881
1.39503338632974172
1.23736871339971199
1.24888902913553612
1.35506490989752360
1.00605511201725628
1.48296946522571260
0.87056872523873452
1.57773165861570641
0.62782193923130880
1.61081290429588919
0.40420557725474493
1.65142200461132083
0.10980779650030163
1.61672186150044483
0.00240367401146489
1.60951111614920150
-0.12162466755612643
0.17904297230575494
0.92263725722729728
0.11240027043020651
0.88131944463901302
0.14624906789764044
0.90745387545351974
0.10307900225477656
0.80508283468312680
0.06268502237342065
0.68357553388338577
0.17091288867865082
0.57036617923928334
0.25523172469450389
0.47679118084475336
0.39217383218170287
0.38431709822379773
0.48524897626071750
0.33960041225340254
0.70808425981307321
0.25909790578340786
0.77828979218179306
0.24981924531171937
0.86316148658913094
0.26361097146535251
0.78076433487654306
0.37313338263755613
0.67418615125822035
0.47167061718848258
0.50208009112537666
0.62566771333665239
0.46002705274449107
0.68092332233350661
0.32383340463456589
0.80977451902847408
0.24078879493936003
0.86189591272035804
0.27598775880149340
1.08202374075649765
0.38115663252724458
1.22938781193611146
0.56848465772314538
1.37125986706710878
0.74179941120421700
1.41833997422120950
0.96900598984987196
1.39074434731230334
1.11020719587251726
1.29030542384680680
1.26182105363422914
1.10894494787940201
1.37280679690115570
0.87910309641599682
1.45521281769735134
0.69137223791410296
1.52643775634398660
0.40537467836754387
1.53930707307173953
0.19258275285143073
1.55476651311371605
-0.02871756448682356
1.45877992672238288
-0.04535165135718458
0.21728604974238036
0.94111804148562139
0.23548451495852268
0.96224288019142823
0.15734476267052683
0.92457907951962059
0.17212631586077537
0.82665558531720318
0.19756575085947192
0.75340055960603114
0.22656773163442712
0.63945285898293347
0.32871595899253359
0.53306556859961318
0.34326285182360178
0.46426530794355919
0.51503187254631644
0.34612597744321238
0.59535501074155461
0.29061164428365688
0.76863989962131796
0.17630066016028761
0.83198265426872831
0.17486608166984674
0.79220540805664308
0.19180809775187618
0.57126105617603629
0.40076315284033409
0.48206531120123891
0.47953764573780205
0.26574747937617771
0.63123003563321478
0.19274883432022122
0.64764744601633517
0.15789718423975874
0.81603051894912693
0.13339986358475991
0.92517598495454656
0.28840458150379616
1.15765449853746327
0.40591850297372756
1.27956004328200157
0.64531222934857779
1.38184137452701750
0.81829783602943940
1.36132439043947318
0.99472452385784216
1.28741394529753461
1.06725705661071357
1.12324262211347170
1.22672018869336918
0.91589585698444098
1.32363551596640527
0.66920597403921700
1.37485739997340417
0.45271895912685051
1.42031633064705409
0.20131168100581376
1.37818028866230824
0.08254518662807268
1.37635533276857203
-0.03623603013790262
0.34275415136376958
1.06077164432581461
0.26267573247497350
1.00657554513125747
0.35482263094386146
0.97828853528189119
0.31788212890321654
0.92239965057156215
0.32355349877479334
0.76929147353130145
0.39140472457848818
0.72019797285758291
0.42928824783712810
0.52728092489820111
0.55302044779273829
0.39072968990263440
0.59227097944651785
0.31738961865107634
0.75551347182832140
0.14380484846090519
0.77138710562431778
0.09104474809698776
0.84847804471462607
0.00846912975461223
0.68568366259163449
0.13040995395664368
0.55321206464042727
0.23607816746418153
0.28943656286539049
0.41273175545964924
0.21904758233071442
0.48934538094620711
0.08882802068887870
0.60844775630227543
0.04136445361824380
0.70908839519605804
0.08329476436816119
0.93030909491912073
0.16380230637096513
1.08586103604524720
0.33324145879219391
1.26835166443870273
0.47648691658502751
1.35980946567421879
0.67445513981701155
1.35877729201414654
0.80166115237823865
1.28243927868863961
0.92806603450022063
1.12058886661576484
1.04072600373959179
0.95175369077656058
1.16779172072351378
0.71452718321635733
1.25706618787226843
0.46332696938025725
1.23992012617657976
0.28397221650005167
1.26884685704570366
0.09006173813182314
1.21330047122436535
0.07036176521433490
0.37454077239947281
1.12464348172704320
0.44664375225114383
1.08057333231752262
0.43927940867863974
1.00150891623610239
0.45003587193816053
0.84585361358111577
0.45906010305967410
0.74330538653585920
0.47363756380897259
0.48993476621066601
0.55511406364889193
0.47111523520925341
0.58814238975112665
0.33683869483265760
0.73150056691500054
0.16493428666452151
0.73276534621277944
0.08642518043369384
0.77468240833486646
-0.02059504371566603
0.68270943514414961
-0.03837179887934455
0.59065793575586134
0.03557212826235812
0.37691247596287913
0.16702571807694278
0.23154302225686119
0.28221700407711048
0.08272662813259410
0.42710669627753123
0.00449540878715368
0.48061049536637795
-0.03164885280564880
0.68400459485945642
-0.04218430877723053
0.78928901343143787
0.07241475681971557
1.02275609300335812
0.15364763484221119
1.15927682568891455
0.34366673609563242
1.30739623805689953
0.45152412130102593
1.32535094107993867
0.65760879018489682
1.25445278298924290
0.69575119283403575
1.14346491553771012
0.88612971104743032
0.93122778060175893
0.93589787029415017
0.79808881100373286
1.04161878211197112
0.57975292724022109
1.12962455239982829
0.31847536379718416
1.10581874190809937
0.22164017333974478
1.14520435227146322
0.08296993610808334
0.55501148395766897
1.15970906145737551
0.51575146354755930
1.11093859399090200
0.56874344853569270
0.95479267648622956
0.53837162274191663
0.91657936888292513
0.55800507547212397
0.76730988067537298
0.56734516196925255
0.62644768199650536
0.60286905642551247
0.43127552921934964
0.63252551507359822
0.28578022997085012
0.65009670507566397
0.13649261766030429
0.71754115548484076
0.06880053985474212
0.62285227730811010
-0.11930388445213000
0.60720774021183144
-0.12109134335822053
0.41624576471798225
-0.06383637453230322
0.31768127105143318
0.02449258639046046
0.10037320160380943
0.23514630224680771
0.01778022587011829
0.32149993138204380
-0.07639352613638639
0.48050057199848339
-0.09818075881964385
0.57568887985616735
-0.07647044779864051
0.82353054771710366
-0.06613403681311096
0.90030901272506791
0.03509959778897889
1.09647401541799461
0.11794947709599680
1.20796110622816233
0.30146165053487861
1.29834513861014567
0.41660876630256422
1.25777948006656115
0.59626983594400240
1.11197647907311992
0.66169089130655401
0.99412406584002999
0.82790361334470930
0.79781397847952362
0.95146913095572694
0.59909812744657542
0.97330461627978260
0.45858023568467954
1.03893082933343184
0.26012438868529464
1.03788597230518675
0.23237249101873569
0.48099767869836663
1.20580339663695812
0.50496101398096438
1.03270339543237810
0.54948551566558790
1.01730421433247598
0.58121100958261729
0.89166000335531115
0.57450509574593289
0.85551934542533714
0.59991966749449233
0.50467077093749335
0.60381428825075900
0.45786896372089203
0.58216087797853167
0.20939971469373789
0.57234030965747951
0.04697828561207965
0.55883784591450170
-0.11677702965745161
0.51546303996997145
-0.20912049694988705
0.40990843131363996
-0.26371085098271513
0.37119400637390287
-0.19799875843271811
0.20145894540222095
-0.07096619499194851
0.09973414851108525
0.06386305393520290
-0.01738417020690653
0.22745383898201305
-0.06526797293225162
0.40879564520948503
-0.09651731656873580
0.64055196603470288
-0.06421414222035428
0.68764050126412934
-0.04646421089933279
0.88742882127167977
-0.03593672432737360
0.99323288218190908
0.06082956436645126
1.19206521273525357
0.11879342973524600
1.26393443811137884
0.35323613351768723
1.23042578848286444
0.40842533075770865
1.16486310194765164
0.58478737293539385
0.99042337123765900
0.70187593347067312
0.89302587139731893
0.82223059511050534
0.73984138535239719
0.93060605155280807
0.51206577863542946
0.95534252541291909
0.43329707651822663
1.03104446826637153
0.25856986927916253
0.38816844687204866
1.07594472506562067
0.41833200256350977
1.02393738937210066
0.45552170533588821
0.90271634396389344
0.52070784705388407
0.86630111922457553
0.55075351694506036
0.69143670014902403
0.55790141551496886
0.53101767161775815
0.54120724892216032
0.31591763359306441
0.56305947758249930
0.22359872864276448
0.45681653095325980
-0.10648896427050082
0.46867413857927581
-0.18019355553382213
0.35351138546308780
-0.37006522913951778
0.34646728926008918
-0.34310550236807447
0.16785236175109131
-0.28439211521230501
0.15027168635283983
-0.21293431164292842
0.06488045397334183
-0.01759748745104064
0.06004283564275382
0.05641678267494210
0.02508960044854110
0.29921047243807253
0.03268361419150603
0.47646433327516047
0.03784993393299661
0.71448966139852299
0.04965503034015700
0.80039952078022547
0.11123153840405778
1.04070521916017422
0.06541301794106151
1.15435307705179402
0.22264210775292659
1.25491883744510879
0.27841110452934248
1.22305992559622423
0.43871988511350951
1.07604872970140097
0.53478639921616800
0.99318764421265360
0.67223454914263070
0.85386104503666249
0.80586643270228908
0.69315420158270857
0.87416468492482147
0.65781453623144059
0.98602697123212901
0.47899209384506158
1.03515124561618244
0.39674709876668979
0.29397831240183059
0.97520795242173852
0.28682934523473452
0.81216686381073921
0.36641237962244871
0.76307209455714553
0.42547167696614369
0.63638679643357476
0.49497896070662306
0.60467600509522346
0.49415096832411354
0.40748159919476029
0.51473072395670627
0.34628682891237228
0.45592752681499121
0.02235038402545658
0.42473385830548016
-0.11434745756112832
0.35634059570258386
-0.31805780326210698
0.37682737901154051
-0.39689355576746871
0.20286391273994447
-0.45735394723386724
0.17101552471801895
-0.37010355496483166
0.08164523024813576
-0.19400249302571509
0.13508589988470901
-0.12679313618730240
0.14410362151338194
0.05130343998565788
0.17421240506314792
0.20508121934615986
0.17963180265633119
0.41222869135501944
0.20243215413360299
0.62135612580330746
0.23408354673020559
0.83151909472545760
0.25649734548853381
1.02017680554584067
0.25561429585399792
1.18319615605474038
0.23443342680351212
1.26173227592908677
0.38984377995803338
1.14377376303659073
0.50935539626784110
0.96901970278909122
0.57881665910526015
0.86952026832651497
0.72769476192625937
0.68207935311744794
0.81695752747586836
0.60126234042165450
0.98593280880022838
0.47181635635825847
1.01347664239078283
0.50767017702204487
1.12041859806870714
0.33591636450776474
0.12427742099623931
0.62078915058401296
0.15701062673923982
0.58577222908016191
0.23266402203302466
0.53094256567069764
0.32850360465245626
0.48179231333805739
0.38588126943149820
0.39738727376074134
0.42687369298876454
0.27372786699546020
0.44840935392345127
0.10197679663707085
0.43579720434517866
-0.02630453202269629
0.41796688453114295
-0.25288751891417083
0.35350780639743368
-0.28311470746122097
0.41587690648147324
-0.42204794595185613
0.34314263984979687
-0.47798800588517193
0.27542588373625704
-0.31737792179216151
0.25991100692460556
-0.30988076117136892
0.26057669426945751
-0.16673798143592961
0.29911625072504833
-0.05067648308428657
0.33846950558023686
0.13491878149759778
0.37473985350378036
0.29761526628593804
0.40180829582399502
0.54999332627540631
0.41143511837797214
0.76394597712727685
0.43912932397875071
0.99846551450929066
0.42943988419416934
1.17077754852790461
0.42544336440809977
1.21648640887461124
0.45750424282311097
1.11586716558286270
0.58347053666584947
0.94030618314500536
0.73444450664381133
0.69960328619770673
0.77021127233248243
0.61892605303065806
0.94079319304216680
0.44710980984625015
1.00910247398109720
0.40470363817820471
1.14905410899207139
0.29225857876637629
1.15319693947056368
0.28554926343478565
0.01346800992186852
0.45485079637076753
0.00477700246274808
0.33302461002058026
0.13586705139476313
0.36570667463458806
0.20124774097785206
0.26156294156359128
0.30767944289799265
0.27012564136533257
0.35309112156019534
0.13010764770652555
0.38674650869524485
0.12125344676091716
0.43365303776317465
-0.10548836316400985
0.43654454143308946
-0.18956679900602119
0.51212547210556736
-0.40146092212598650
0.48628829657104333
-0.44679745658978381
0.56673246166484526
-0.46950751348865394
0.45040757674127579
-0.40299811578463329
0.44024288042557613
-0.27064394141377773
0.47663142433762168
-0.26903316489507312
0.48885072699778498
-0.07685652536002038
0.55347942968684960
0.05188143504019072
0.57116105631879255
0.33363497566631811
0.60139911755852771
0.51743696859810850
0.61826173965743558
0.76001876773202393
0.62121758820468520
0.97404638356227835
0.62586415410039153
1.14721535976519373
0.54160397437448493
1.21565268739150589
0.67426290616719997
1.03677175454775106
0.78363857122063640
0.85091132412552561
0.82737550082201128
0.69832856902956630
0.97305733876643097
0.49389158859513604
1.08924045772506162
0.34334333506727821
1.11353126471829045
0.28227174859830462
1.24066883370037573
0.16042354031705225
1.29277186587455328
0.10174300102636094
-0.14115603578583769
0.25388915250759309
-0.08619063834964191
0.20447018208308509
-0.00680611428894805
0.13504654553661560
0.09956403776500007
0.09949485736617018
0.19164557843937571
0.04818277751916730
0.28268700437580102
0.03548456354426212
0.36126397619390360
-0.08575453005047928
0.44800880236221990
-0.17281475766102952
0.55030861024517508
-0.33467681845853309
0.56807453873172398
-0.38702376627620810
0.71237873394711837
-0.48453036408919681
0.64809483081403152
-0.48130116519519006
0.67820927015052213
-0.41004399827261939
0.61967355550970216
-0.42017847740310321
0.68523151205062627
-0.29415050132914300
0.73515502202504024
-0.24758921437190246
0.75662555074154836
-0.00907806431135995
0.77157396507252818
0.15874902853056594
0.78985926600873679
0.45724565860418742
0.81123159487733143
0.71222968751563365
0.80389924425055348
0.94109799611163936
0.68791712892132684
1.11883666075804533
0.80782854965307327
1.13988166514727629
0.82097290361162589
1.07667012668642936
0.95508763319400924
0.78013297974801510
1.00517992866057271
0.64232764791700803
1.14602344735364281
0.39998206219266763
1.17028721131593483
0.30002603499895375
1.26131175877362578
0.16110619547670452
1.28137951495206437
0.12002567967963162
1.41896866973819624
0.06194673191872425
-0.23464344846946134
0.13861867929095356
-0.21773839102266163
0.02779787472005658
-0.11325560501769756
-0.02124071453674764
-0.00814681490648957
-0.09146701785339172
0.11637638264907700
-0.09099353291284221
0.25117720195562143
-0.19426384048700435
0.34183255883605568
-0.19502393460026035
0.49217871240773631
-0.28909924993514419
0.52133232255890571
-0.28239596488621127
0.68172791347596562
-0.35538660359233981
0.73720154697754159
-0.39423798469239357
0.87374513630219686
-0.39372719723427835
0.80936696477072390
-0.39185946100168251
0.89506061870234521
-0.31350570619863466
0.86631641398102766
-0.28798370823423924
0.92771931347806447
-0.09186323865048407
0.95206032678980634
-0.00755509211612680
0.99002021428794951
0.22555956384150994
1.00348394953800102
0.45628138514473432
1.04834841649832278
0.72145703276092654
0.95761544887673766
0.93494854020361018
0.98501666627283158
1.10291511564000300
0.97368936794971361
1.12347512554697260
1.03681146107504563
0.97749075227133064
1.07908472775498576
0.81386852268295862
1.20127151394680554
0.56710597658738204
1.26857456908099686
0.39595191014886688
1.36795144952241454
0.20805278145161651
1.34209541467779436
0.17453841606724904
1.46444616608091538
0.00098605936710280
1.42959360857068152
-0.06292449650050727
-0.38720573202010589
-0.00697949227335259
-0.32284443035450389
-0.04378507602637018
-0.20496999818035258
-0.21632784787410803
-0.10864276548339898
-0.20227970609215906
0.06144974640120422
-0.24327728888670405
0.15642336889766725
-0.22256860582324067
0.34093769509404109
-0.25028555020822468
0.39175635295736710
-0.20166406593295283
0.57535500471240586
-0.22301586222658804
0.62827011786029696
-0.25399313646048532
0.84313656019140248
-0.28178871305796382
0.90694066513076566
-0.30802934306899726
1.03420915425744786
-0.27925567414239133
1.11935301639569262
-0.17723770066028466
1.08406988139721561
-0.14908660028542062
1.14781782871186699
-0.00702762126289610
1.17506765002914149
0.15237074499440961
1.17686417639397711
0.28281792919681376
1.22232068002136618
0.50709696990022735
1.23536130865980476
0.71882867910235215
1.21386902895155191
0.90243826249141668
1.19229853163821931
1.05580773357870261
1.20888591837479242
1.05149299566000254
1.21582956183502389
0.94666144624213155
1.29897538699012349
0.73016739997942026
1.33405420233572469
0.57619391323801439
1.44342154258181377
0.34319681783595113
1.46486236617795629
0.23845151241068441
1.51322558276455954
0.09625647864891662
1.51744693924231755
0.06411911684272728
1.60356574559716369
-0.03107680183724936
-0.50940117458887779
-0.01307319913764118
-0.42621315225713174
-0.16539177749790840
-0.36439165475855684
-0.17108364725775896
-0.23154656893466197
-0.17714584019122404
-0.10888542774437339
-0.14213393401698676
0.10384537994321220
-0.15350479251084795
0.21101368464663911
-0.11239267841208300
0.41999403668093438
-0.11945520166501172
0.49136464214338293
-0.11388671929048302
0.70879988919211567
-0.15676089146793007
0.78698232158545156
-0.19450173834676099
1.02065701692638910
-0.20124073937660630
1.07007885768425948
-0.20432568939530732
1.20880545822498098
-0.11570499592075091
1.31503237282249885
0.04307766577896249
1.30264322280714118
0.11219442076814222
1.36700433474393646
0.28175022318147863
1.37188007287144464
0.38619439810663747
1.40046319865528335
0.58183588022588839
1.44982275246467718
0.72255861268916466
1.39284820590129876
0.91754573620045343
1.42601678840303636
1.03416544885585360
1.37389950285316353
1.05585906309758104
1.42298833321053220
0.90119785947654441
1.42990927281467539
0.76459572402560005
1.49389502884089276
0.54415813110131028
1.50592953197904289
0.46774699452299073
1.54722895711965625
0.27497020129357896
1.54960423621109644
0.24145970959649404
1.56592032470855624
0.10582386603658206
1.56748497522794938
0.12517569211622365
-0.62004491266301154
-0.04551428126100937
-0.56369391303128280
-0.01983396351233097
-0.45148279418880433
-0.04200928362007410
-0.37927487434937818
-0.03554861444081648
-0.24328219199949588
0.00074597056090737
-0.06566488847225682
-0.00732921178730535
0.18500596899093880
-0.02878765322447048
0.30532284697432138
-0.00222297378931244
0.54325632168238513
-0.04005005887346144
0.64957866647113782
-0.06577135252899834
0.88056640982039169
-0.11158224769223721
0.97808112372237366
-0.13001304735613295
1.20005160049305548
-0.11158107775487167
1.36510936659927840
0.01462396697686647
1.37979223540058715
0.06875736077713271
1.48214678713285730
0.23746166555849643
1.44489589159429466
0.29554594676691209
1.52696633194354980
0.51532008362684978
1.52996737176465891
0.59952581868815180
1.56090215212413619
0.79734588873155854
1.57890283928240405
0.88688158923774996
1.51318300899741232
1.09030064679275318
1.52767052134899939
1.05345045950331873
1.48532925505727165
0.99171159431056488
1.51096773658943273
0.79575321827114831
1.47586336500384352
0.78491638594591662
1.48396173100530948
0.60859117849912414
1.48755898222466310
0.51732418387390577
1.50807720724172301
0.39025300722366479
1.50502630284190908
0.34908440434469840
1.55580939774463034
0.22383401442335663
-0.69112986495619066
0.24870485737417880
-0.61475445699681552
0.16167264383423910
-0.57669483628269014
0.25458130338480012
-0.42609019212272553
0.05592908181279831
-0.38492019253284288
0.18054950486227755
-0.11210538633885676
0.09576183770759172
0.04985259771429600
0.08094060688712575
0.29117759342916799
0.03978517113796966
0.42766621553708228
0.01799688389289066
0.68026965414930474
-0.04357922577423470
0.79167192175718459
-0.07999855124005607
1.02015988426226811
-0.09386375238961411
1.11709728825757804
-0.08121631759207107
1.31247476440611877
0.01592201914461340
1.32517577352416027
0.07728531831001011
1.42267184996805707
0.23524538117573382
1.41019015509535728
0.28340397938757256
1.48573435148396960
0.47739224954255099
1.51976228403776958
0.55561058225350268
1.58027343320803659
0.82626190814395928
1.52026364268366043
1.02896220661022531
1.51519371662838176
1.13534993106500237
1.43794336523724064
1.23491237771414486
1.42057918819437257
1.12202616978393488
1.42547898486168756
1.03003147021190933
1.43871588883201307
0.88022428687741949
1.41925987261381104
0.83097982303884477
1.43034162477647198
0.64699363224495521
1.42163910085819301
0.63269760442374123
1.46481263698994124
0.43853290422956481
1.46171381230306863
0.43809704029854835
-0.71412234417312792
0.50313101553138029
-0.66450738542155596
0.48349415600304207
-0.58716363717436182
0.40274157533903965
-0.52782622955499570
0.32823569251554036
-0.41787324222527111
0.28762442193465987
-0.24447065514410754
0.21709559411043247
-0.01024264652785870
0.11191857324102973
0.03588707826770877
0.07538315112588774
0.30460143138625217
0.01269458900818052
0.46235354846870574
-0.04385269017554230
0.70363461223176138
-0.10954617461442182
0.82161424521797088
-0.14160498822520393
1.05217499257850999
-0.09722084280603051
1.13018785452291715
-0.04508320806339496
1.26833881643109669
0.09151182388657969
1.25615400188035120
0.14030312123387512
1.34179854507918006
0.31314712658901173
1.35613355952818559
0.38606835325203170
1.43426984884084607
0.60899859744561580
1.45299842393719048
0.73857604284733125
1.47567225165849503
0.98547111543551091
1.38534433194037598
1.20240766503181140
1.36409600196363945
1.25138010301162450
1.32729449437482150
1.28499702184016185
1.35366044965779819
1.07672123016889620
1.33630805499698901
1.03596500489837018
1.35513007311774847
0.85496742581000529
1.34526316762550358
0.82520311516329758
1.33628567232908524
0.64596124049670389
1.30977050693194541
0.58816282120859986
1.40200067356534164
0.45208561666518410
-0.72600063197069653
0.82604955661311719
-0.67352060778609057
0.70088733279608029
-0.63812844179397732
0.70909101506800398
-0.56164977363897706
0.53594767188673664
-0.48503304100190298
0.47445434169865702
-0.29416613250414658
0.29119518718533721
-0.16039065435240696
0.18364468923316996
0.06260686946390209
0.01581525938748864
0.13778675715639488
-0.03512995802249551
0.42190869245557716
-0.12354208164612326
0.52172905886462739
-0.18895530301412497
0.76295292095685818
-0.20620045413866003
0.89195487260411588
-0.19437332859377407
1.07385294534675957
-0.07813595080791752
1.10347180670765876
-0.01189264843798308
1.18321318366234651
0.13891053731967745
1.19243247391837692
0.19983406520796754
1.29686702198548121
0.40089686532629926
1.29706446328504055
0.51779362733116596
1.38665327155090679
0.73893101525221550
1.39795153946699391
1.00346885191615720
1.37944089963876304
1.07315396373440541
1.25806118928354027
1.27425455692222633
1.23731321463522947
1.20618206093888869
1.15478433603574304
1.13083653067286760
1.25853576473217643
1.00543366454603356
1.20809349184752457
0.80880590548905373
1.22729962199926490
0.74587213015984533
1.14642078759751254
0.55686383966907493
1.27460379017930547
0.51524608335138777
1.21098424994435061
0.40401938942280435
-0.69712391761498016
0.95713258926638278
-0.66583235822491338
0.98987040360744960
-0.60847501566442452
0.83149333983185258
-0.54936148514946648
0.73643404583894401
-0.41442553291835482
0.49403754561174562
-0.31049407419797292
0.35524795032264767
-0.13984619787850891
0.16200889563314835
-0.03549271690329638
0.06199110258539134
0.18721121405512195
-0.11272692548859417
0.29946961427144014
-0.18146427589560060
0.48835424526960003
-0.28163166520007521
0.60315725203577064
-0.31233070460492368
0.83503505555569202
-0.26848285286319346
0.92842842439183593
-0.20983903296430251
1.04367730428341310
-0.04239618147356881
1.02010724406939857
0.01478281211453943
1.14093926417998914
0.22435419838073806
1.18440731953913381
0.33840238755558638
1.26516177545867148
0.52801118872688357
1.31080550591575040
0.73957794451181347
1.29219156438976901
0.84475213855950848
1.27172794837219372
1.07678577951049537
1.21570354912337031
1.13994087996434912
1.09639467051024320
1.21251554046586607
1.12051263414934321
1.06547497712885253
1.09046097207393999
0.93769171545993391
1.10979741430139445
0.83560011531021317
1.05429580626231534
0.65939920334156699
1.06845026216976291
0.55083044356019273
1.08075894644292902
0.42236030742072511
1.14732246049350173
0.37466903708175486
-0.62249118088051325
1.20923120606551215
-0.60487089205714561
1.07175669668833962
-0.54944605410119607
1.00451572293956759
-0.46956841751878514
0.76261053720761129
-0.38568844638065353
0.63004831863131849
-0.25152721365038327
0.40418204402432478
-0.13303123799484542
0.26811997500858104
0.02072296770853650
0.06082545488302818
0.17118207297580179
-0.07154952734365098
0.36493766601982425
-0.23361957428227509
0.49227836267830816
-0.31412513598760811
0.67853648373336950
-0.38408488571501892
0.73171286685800085
-0.38256815047912390
0.87946273382580331
-0.26777146136160029
0.87545394500905160
-0.20338715815716812
0.92739153818727682
-0.04572290357336311
0.94100540293797441
0.05405228099993628
1.07738722507840556
0.28458806520840141
1.08368144948295653
0.43666703401865831
1.16121621959209986
0.62889071340098601
1.19841275375539302
0.83529540819302728
1.16242310454559616
0.92740021743623213
1.11734313345983627
1.11379699076896732
1.05300030493964214
1.12663895724340701
0.97077091089034084
1.02097211509661645
0.96738442319325690
0.90636698959122441
0.94230694630725087
0.74769224749184116
0.92696181199874106
0.61405098316414641
0.87600582641431990
0.42357740889865492
0.94494040447033367
0.33671591236943005
0.95661146475020542
0.27704383315236464
-0.56137974196438167
1.25537399551430062
-0.48494029917108938
1.24023560809116917
-0.46014362598885861
1.05369900194184996
-0.37869461089250955
0.89552648903194443
-0.29965135440945234
0.67232894155848810
-0.18879292234176517
0.54296344659853935
-0.04898850576927394
0.32908532711546518
0.04956761029522871
0.18600894801719708
0.20788060333426106
0.02382823976238041
0.33412789416613831
-0.08719186457202747
0.49152012997228578
-0.23297105883278976
0.57079404816096935
-0.30193401565121680
0.69143441892891777
-0.40684215281754815
0.69071712868477064
-0.39632224931074667
0.77770086376291103
-0.25577177291250519
0.72755245462344031
-0.15832639881032540
0.81183956174806571
0.00495230906379458
0.87223757280680070
0.18033561638139164
0.95512659379744369
0.39142191363505058
1.01709988528866990
0.59534532315445010
1.02637931613555011
0.75950070624946164
1.05670862805065324
0.95126789404675294
0.99678470062465174
1.03134333365913111
0.95925819830617309
1.10805475587058155
0.90286297728728937
1.03221900342237305
0.78843561166505982
0.82298703453839983
0.80222426730883234
0.70041717410276261
0.74491143100513102
0.54011114515138048
0.73576030980758156
0.39752435333127195
0.71191443745654348
0.28700736594919224
0.78216892201399002
0.21833291765869295
-0.36357940787984122
1.35374053597570598
-0.38426795505289274
1.28466665717105566
-0.33598193804964444
1.17917264763397278
-0.27963111704302746
1.00257428970228535
-0.18901246906633046
0.86484461457332285
-0.09411569679338756
0.71461255615442298
0.02000748147121713
0.63208551807595659
0.10635777823517548
0.30576173872083529
0.21314134219027323
0.21271564222256856
0.33341572880053821
0.04890248945928463
0.42091637156682404
-0.04610233925474470
0.51250340838373731
-0.22346372049241930
0.51865701146218202
-0.31942271859428195
0.62887665076801480
-0.41826862822319683
0.55712616428788986
-0.32918431286137834
0.54888260327855309
-0.19603920911146108
0.57826844471548366
-0.05336881338842119
0.71618196468948891
0.17255479558430958
0.74516067223743188
0.38366889756538491
0.79757743865869024
0.56877622526879013
0.88061729963982849
0.79339521883062958
0.88501026924187054
0.93912564338095916
0.93010792295927402
1.07379185453056292
0.89974561524579033
1.11330346561184768
0.74826476004254827
0.95502786228474801
0.68334762356699963
0.81485429915956942
0.59627917945144571
0.64498003298781614
0.57956453803177255
0.51281580074706001
0.50147491390840437
0.34216834977404781
0.53487223724374255
0.24091606074915026
0.51027139844953662
0.14310017642383593
-0.28707371990979791
1.34062171786461337
-0.19036928597034186
1.30719779671351044
-0.20892924821531916
1.22781372379666376
-0.10422489326620717
1.10199692874890554
-0.03496112786349777
0.96802571055276765
0.10496803299283101
0.86019583484555739
0.13430338791174409
0.65400279508628489
0.17794944130240614
0.49189278581965451
0.24125096164473656
0.32710898358723117
0.29905728536424553
0.24657328892547559
0.37785457031204850
0.03449812394500860
0.37981949486107969
-0.08534252508070062
0.43638689966317001
-0.30811101407896158
0.42046114763836007
-0.39207464811849985
0.40867346501795743
-0.34764411372619136
0.30224106063441225
-0.19829096531019902
0.37883602782772163
-0.02294711611992815
0.44643135049705585
0.17604417404734496
0.55474573026867180
0.37029822834271192
0.59672272301817764
0.59888067474226336
0.66023344617035873
0.79540510629181016
0.76118208112645691
0.98538105443159152
0.74369118596208605
1.08689620079638849
0.66625977529327474
1.03654285011284197
0.62599638198078267
0.97659498681094525
0.47805394264786050
0.79521047106606224
0.43817817828772732
0.66551978693538705
0.34412990141845234
0.48330257465496518
0.33331203979534901
0.34948618874607934
0.28025914399900520
0.22305920191564443
0.35670628065144111
0.13388521320432989
-0.12732876435350715
1.26210186190018070
-0.11057915389685125
1.27823499953785769
-0.00857384676956376
1.18927307671208404
0.03783771585692718
1.11879899292084883
0.19311727642941268
1.01433748659584322
0.25307158032070087
0.90315777288903720
0.33136326173550501
0.77754325733977525
0.25552315729019565
0.59891934296091820
0.25663902511375747
0.53327135350447796
0.28019191238952373
0.32141258110435239
0.27966812187490425
0.19773345803287068
0.29128557346203882
-0.04486160643215970
0.26425370402658049
-0.20148283715479184
0.31557652710634393
-0.38348099560479382
0.19622966438226658
-0.32657747820613736
0.13635383623425718
-0.19848227644507221
0.12688954302636368
0.01035758595461114
0.22776413435229448
0.19706851346080811
0.28819978192143042
0.40044860245479125
0.34537341822134315
0.59551151128078184
0.44816192451454051
0.81629096968523362
0.49445024483236683
0.97872381285682297
0.66391874504517090
1.12639388789984185
0.58146685998585457
1.12933006505004263
0.46656615669512741
1.03550347063733006
0.40010117996124739
0.91855994364874072
0.26493355040079192
0.72071258158406248
0.20827512616445401
0.57269830262252186
0.10796253740618063
0.39572568916708539
0.10571549788158471
0.26330894108791680
0.08230470896425256
0.15590304689347675
-0.05844893108887599
1.18638857950549692
0.03950505908654084
1.14234364927981069
0.11688508982569931
1.12581768137484306
0.26730253733186138
1.05804563232855342
0.25103248955324758
1.05317748800054645
0.46164081600104367
0.85193700544734741
0.41703355987633184
0.74031612538808811
0.37855115720871191
0.64697142759399717
0.26036087300041066
0.61521807757844382
0.26277209813270763
0.43152034568700409
0.27790733111081661
0.30946876476757496
0.17700265796865827
0.04102954510699113
0.20199496895613075
-0.15840315648510048
0.10381290350655888
-0.30078455736825682
0.05902900738836687
-0.29204890121672100
-0.05141366094685077
-0.11938237495989416
-0.05297897116423175
0.05597518976656300
-0.01239624379577677
0.24880190492017273
0.05302216688565747
0.43383593463125097
0.11267993719364514
0.64084171744803453
0.17131662195405178
0.81880366237051050
0.29116602983593060
1.01868847914733163
0.38772795506947888
1.13216366854102746
0.47738604991579092
1.13966476837747277
0.34216094811122993
1.11253515126314517
0.20271787895316307
0.96321746233719197
0.15072534487623415
0.83193414115529618
0.02672816090516225
0.63988427734635767
0.00475700463295511
0.51988024288930279
-0.10196130825486627
0.32272087963075469
-0.06922153502824591
0.20594254913075113
0.09106254240329668
1.06013456066126088
0.12069051967697464
1.05581272788275027
0.31050722680755005
0.99506409342506563
0.34231312136981895
1.00636197576315345
0.53648017065608500
0.87916644710619951
0.57486244703377920
0.79969123270419895
0.54576571131265728
0.68838944493688214
0.40222657385334748
0.64083737304619437
0.27156700317057858
0.56379807152834227
0.20559398880274865
0.46604615664573978
0.11465904979095948
0.22769410873474971
0.06460349151418461
0.05052016480142938
0.00026702091342974
-0.15378992877713646
0.03665229721059295
-0.28479186269131668
-0.13421882523497639
-0.23649027091369834
-0.13862831166314304
-0.14165520944428031
-0.24267322531437480
0.16348553628432255
-0.18924470854474607
0.31193237815148234
-0.15728813178761908
0.53260120050133730
-0.11374420443933614
0.64500873530886271
-0.02658201223187781
0.85171414566039061
0.07714842418243113
1.02747615735907338
0.23630686915773955
1.17054105966062205
0.19580162124417724
1.18728464527146205
0.06154637378170602
1.08287510699044542
0.01965116178374962
0.97296227659630607
-0.08511743782697065
0.81568991592211815
-0.12846983860713351
0.68253304676200255
-0.21835096956389050
0.49950049237249450
-0.25453423974340417
0.36241765680449689
-0.34848784669201610
0.22106798560999477
0.09855446087025387
1.01649600132473483
0.29748313547962596
0.93168448095948397
0.37954363565700144
0.92079518034639529
0.56645587738284620
0.84765207360190253
0.60631225359715601
0.84725407296581823
0.70899218514367290
0.70043051347483398
0.61370609786999253
0.61730526516221829
0.49013197976234041
0.53298817545597610
0.27735613261912218
0.55368965213037247
0.09641902520981951
0.32937401030582081
0.03849038321050111
0.25677172549784144
-0.05602889606817055
0.04183884616068120
-0.04945071605204980
-0.10708492038752507
-0.15691970121214222
-0.22214770679462256
-0.17970321465920799
-0.25882593404842136
-0.29944343536978701
-0.09032956805093043
-0.32293433756471307
0.03422385578686012
-0.33318085913626089
0.32992858863547309
-0.30073101450671563
0.50805342466268399
-0.25064656756904857
0.77053860122594642
-0.22297705793245351
0.85826710553377028
-0.03661228235190325
1.10437990639971439
-0.01627503135890189
1.19649994841970231
0.07386168617883358
1.19647317739326331
-0.06212738585662804
1.11860818088051128
-0.21150853628404567
0.94484483010804676
-0.24060676824693747
0.82699453918914112
-0.35552503858191559
0.63952231995531628
-0.35852942870758775
0.54641318912034897
-0.46941907699030666
0.34638068050828069
-0.45808960169180940
0.28439786036705250
0.30024788112914469
0.89870145798577650
0.31751621778584538
0.89219736548326900
0.50658799506537100
0.81821855998297233
0.65482584776979025
0.76194452902929843
0.81265690308954641
0.66766982533863917
0.80879851559963978
0.58266832049895323
0.71743771479129359
0.50282932249107692
0.52176412537372119
0.45960385036958690
0.34312675004239457
0.40975439183532042
0.09815115665928771
0.38777549653199600
-0.05262973965465696
0.22802982687254625
-0.11502341888573131
0.10096546912953755
-0.21002426020268658
-0.07150254751392886
-0.21794631456932756
-0.18840195716202940
-0.37644619985303029
-0.14726749980671769
-0.39722270412956462
-0.06775169487777087
-0.45503662315091031
0.14953746861647349
-0.44065615259341512
0.32768636750606822
-0.41800269090642173
0.63785574573421189
-0.36704573774355836
0.77875501622000631
-0.28279884474874389
1.02770773441952668
-0.23705242703885004
1.11813797020517147
-0.11323823007957064
1.23853582595379241
-0.14976702623426552
1.23722753105296035
-0.27046924616348789
1.10297976045948509
-0.31318265482213342
1.01517238169921753
-0.44378705184594480
0.80661853050194432
-0.46238071709683287
0.72473067325623675
-0.53590305850868170
0.52517500060120859
-0.56995855787279515
0.44969549952918109
-0.66729733705938243
0.29519083475299102
0.25549792778652325
0.90642045326682763
0.41436012931883043
0.81645792878687329
0.56860529227473589
0.75090385364801249
0.81933692594399399
0.63621631490138109
0.86435561908245950
0.62155765416496056
0.93734840330423363
0.42567473445924142
0.76624108933556756
0.42115127005600073
0.58844462923199092
0.36318132316897617
0.34978271891186707
0.28824445340555627
0.16847027537903408
0.23053998283437865
-0.07311809140602131
0.13907575241594203
-0.15001958458509870
0.06574264894233542
-0.29463204346012212
-0.05029305773023637
-0.41370347529108020
-0.09788384613400664
-0.43798976213399438
-0.13547930251613710
-0.54059558907748539
0.05070338820345428
-0.55741514682408555
0.20873888291840645
-0.54000140732323265
0.44734813487352765
-0.51227429553732706
0.63567644901930942
-0.45108770479210131
0.90007417554918245
-0.41477478272290980
0.99126575284113871
-0.30517683408016849
1.19613285358459942
-0.32428497346165686
1.26940319365359655
-0.22190787130690254
1.24774065755382990
-0.35772302039687764
1.24302400078909892
-0.43109045385119976
1.04380324995962370
-0.48443252442701978
0.97769707167908015
-0.56475161208495661
0.77002655191605662
-0.61481354440994163
0.67377545529355476
-0.67573787830434406
0.47263301853969203
-0.72002762477298776
0.44317170408500395
0.35406587161822001
0.82526937378163945
0.44545840807249304
0.78093292546488724
0.65285989136862643
0.68322142876649794
0.82049021139439393
0.60768991922728055
0.96331742133420906
0.44604144520109440
0.89107085279100018
0.43557191678805540
0.81483845451856873
0.34332823167871518
0.55880485926884715
0.26611569855512313
0.39685156807352423
0.22226291076018762
0.16683152582383659
0.15355726361381772
-0.00128854253500894
0.09434460154277613
-0.17472197592694855
0.02087572589293800
-0.27973661363650271
0.01160782125267560
-0.46191626968689170
-0.08343393126034676
-0.60045154786360999
-0.02295345687680280
-0.61994577262142381
0.05690866736819518
-0.63953049007382923
0.26813653218921157
-0.63208424409747599
0.41313284421682966
-0.56812048052337749
0.62938670621609094
-0.54065945543368299
0.92971899396186519
-0.48202126461723871
1.03664941051555304
-0.44330715003760612
1.24055243615249089
-0.36611048549288389
1.25233242076858398
-0.40920573688704170
1.34151501127239881
-0.44019584243951754
1.23231102661263581
-0.48645969828290453
1.20748827313450735
-0.54727119369653610
1.02308246340248155
-0.60374234170192098
0.96015541131966642
-0.67038797082860113
0.75006561683688910
-0.72592335076949843
0.68591244390840111
-0.77995003878105729
0.48693411622292082
