0.54289842943987776
0.46331265078290917
0.53551907253346087
0.43784193425900236
0.57248963365613437
0.50934420982351769
0.54161550965102390
0.41402953148033156
0.60485150920832564
0.50906747268165753
0.57047823454849234
0.51723252094411443
0.60938448427587666
0.34612669228996118
0.53020487228350988
0.46956159027999206
0.53003666960931417
0.45162689261687639
0.57513936713743452
0.44005036029003824
0.62604610247213388
0.53274740366770446
0.57554057361652056
0.46280258966664073
0.56519421537979031
0.45802020270764449
0.58230239410569329
0.40781045784824344
0.52400297483548774
0.43499748320949178
0.58802343143698865
0.45347501970587956
0.46092535732347678
0.51705070639330786
0.56261164241247963
0.36809556152782819
0.48322784497715598
0.48966614327939195
0.56523120942085248
0.44608958038933083
0.50928929452818250
0.43432104848695097
0.47008202167220958
0.43014353005129924
0.53195677584880596
0.41293049495425593
0.46804527871344404
0.36733147022938528
0.42623439981113248
0.43838403836715550
0.45791535965901231
0.43537367591684534
0.45746292131718808
0.41056846493604193
0.39669535746885159
0.43795284619930441
0.40927120255285310
0.40661506884688026
0.45771341191430098
0.44509419410513018
0.40996857207747633
0.48720843236837197
0.46602202729484615
0.46813203439396667
0.34079175803097328
0.50833273300024584
0.41686228933778385
0.54118371260553622
0.44535412695892601
0.46116279763800239
0.39947058669212665
0.51176408198544820
0.36478179624039991
0.47038356513037943
0.44349353595880547
0.53842226268481097
0.43969199859644503
0.46591482844610033
0.40809439872298053
0.48599572420109816
0.42495528374006536
0.51429714267133875
0.35494996413445817
0.53594124254648257
0.35573902939156526
0.55809252197835846
0.39763068871202789
0.52108869252317058
0.43129985534974502
0.61011831853921650
0.44886960795790110
0.63504940765195639
0.44458253794277725
0.64766673546938514
0.41709925906371825
0.53821948399898289
0.45743951835168539
0.56290161007051498
0.46634245435464367
0.53094813622595061
0.41280897810401002
0.58897702713659272
0.40459510009716693
0.58698567789699252
0.44713366787943853
0.51246257109518267
0.39304261247740346
0.60543153765771796
0.43043385473159657
0.54547038932394065
0.47722512591302507
0.62218229362041899
0.43220184515611892
0.59682314766297684
0.47473851270482958
0.55236537650439688
0.39621507611703510
0.56278800930711248
0.48624408580881517
0.58913843315647230
0.40544078741382000
0.51528190756620651
0.43377403977203161
0.61606340968156681
0.45405297056429728
0.61269895972696109
0.42963200824105036
0.63293179127696519
0.47823906632902768
0.56563489768737407
0.51070509788684870
0.55572625904662531
0.49731957692216083
0.60646387378851241
0.52435288759304877
0.63444624131934690
0.48368178566502823
0.60039152126959827
0.48700381247162122
0.57216346259929840
0.46588655444726773
0.62541723777622815
0.54626630949551513
0.62965812875086080
0.46731280806255532
0.62151174429371348
0.48423967674065077
0.55525775901238961
0.48330301558917615
0.57762199381432444
0.50964399761252344
0.53919709760293921
0.54303427112788760
0.62239052200037426
0.47161446308321231
0.55710131404393448
0.54550679403667202
0.54455260131033367
0.52120850264905738
0.53524570847672004
0.55662609924688944
0.60639171188885388
0.51844405823057360
0.61613472894781418
0.54816885036226515
0.60497069122443425
0.51332298391892284
0.63472347323546952
0.49420704032622631
0.60249780277544218
0.55774174563603185
0.61367855249825631
0.54414840437648493
0.55512358866781608
0.62209064164901640
0.58945914235151309
0.56287366015922680
0.58901123501851671
0.54331236295186880
0.60844418262211253
0.53736811719594679
0.64164370389017633
0.57991870426696024
0.56692744060606381
0.51658337009256983
0.57285762450191047
0.50496216277630923
0.54048222130815682
0.57159283976638098
0.58844639277432365
0.51196706558529859
0.52449299517196624
0.57245846069924189
0.58990389106237595
0.58775368080639478
0.38370879176393280
0.49095749934249366
0.64644726318789347
0.54585829693415322
0.57434597819356703
0.57123130688950696
0.59413795612938913
0.60803095845414490
0.55692435884874258
0.51450460633100736
0.61558540217049340
0.56350400131594003
0.67867569235388303
0.56681388313567027
0.51755655052397553
0.55759389779898605
0.62009907098372186
0.58521957541241765
0.58920242069173689
0.46549905033063688
0.48177782312423573
0.58429869884924168
0.54589934795829154
0.55962605019423328
0.58152803207752624
0.51313027516354415
0.53680473297532560
0.56880277146979863
0.52497637868950653
0.56532809735922751
0.52342415757767935
0.60792885887984238
0.51686935351198804
0.60225990894718184
0.48549565804842321
0.52586627025030241
0.38869396952455992
0.53398412258934669
0.53411128609015690
0.54151583509030554
0.55311991642938674
0.59281194543242421
0.47499513267293997
0.63127005135468106
0.35830708540739581
0.53374457997240476
0.47809403214113161
0.55173565658413315
0.49581813383216328
0.60381817368190993
0.46372388637172957
0.55980363799040411
0.47432489148781409
0.59676167767149180
0.45663469659109329
0.57313765553457963
0.49058047957081241
0.49631477016530728
0.50477255859793668
0.51353880830635878
0.47854707878577590
0.58295429985902625
0.44885524551723999
0.47749744146583428
0.44391295431903982
0.50776596665848606
0.46531680167495743
0.44883028456058238
0.46626375213218585
0.56688241154095786
0.44902748663691383
0.49681579930287684
0.46424946131518235
0.51886269834771048
0.35566440790536413
0.49908677271662694
0.47619017467266994
0.52357767717330583
0.44716407541889808
0.44151858496165991
0.41405749192554009
0.50358204411734286
0.40325797844031930
0.51951441649487573
0.44092429366788249
0.47179285497177847
0.44397743823193830
0.50996064860461299
0.40996465687330164
0.60078188981398162
0.50056628848275975
0.42067281326486838
0.49349526646366182
0.48569354439884149
0.47647117967649960
0.46594328005899038
0.44793724227922038
0.49639429755777725
0.49434522416014315
0.55354166567190122
0.42786893312999602
0.53727038580020570
0.47384606086683234
0.50105819980972177
0.44306807505642054
0.56265573979518402
0.42326791005410302
0.51557131249137189
0.55147801680883668
0.52008194344766900
0.47372272176440988
0.54523594251967444
0.51060654809289185
0.46594758471151404
0.43964346486197026
0.54793375771666009
0.49030388716072348
0.48955350582351881
0.44313759264289054
0.48969601949413466
0.48212866499964474
0.44203070644271009
0.48579456384109165
0.49075308566704490
0.49065556338951433
0.38868322268133670
0.47251049319713173
0.35573882057676315
0.53372648354301744
0.42208753571577157
0.53223832304016849
0.43485074831358428
0.48437604436671866
0.40244938396215107
0.51612296732723095
0.46792446965365453
0.50199215994370683
0.39203006735673890
0.53082457534540672
0.34232122274739618
0.52700439875856220
0.37785894122225605
0.61009633309475975
0.41253544281468668
0.57507545941902816
0.36562012320070347
0.53098445101155900
0.39020498330863462
0.57680630679010669
0.37258349438432437
0.59753448175597479
0.37739006685315979
0.54731148862509538
0.43282801438469781
0.48722992715276148
0.42771901472030727
0.57469738649567903
0.45671113609473524
0.62401180382809618
0.37772323116283346
0.56094192670657150
0.45300519852936560
0.60154260263542325
0.50496054211818331
0.53982815480380986
0.51983709739432349
0.55403084634227040
0.48990232169195586
0.55892551269592783
0.44475709581974276
0.56329400780538685
0.48329256601600679
0.61823786117541912
0.50880947472111482
0.58599802485140529
0.48628384525320756
0.60204327913445821
0.51980234698523864
0.59139615234539433
0.54421666871785634
0.64976790221543912
0.48506156506347220
0.54030107544729522
0.55930981046457362
0.50927949850059973
0.52572006006688576
0.58601615099644888
0.55411769291022972
0.67376773946282531
0.53733152461727052
0.59474242603036531
0.56600121635720535
0.59241816540007430
0.54227939177553475
0.65203934467038116
0.52330977354048147
0.60745605849847839
0.54186790589709066
0.61451374885630849
0.53496326931216720
0.61629135273894664
0.49766140124232272
0.53494735475013222
0.52739718347732745
0.51205528036539505
0.49084092451984013
0.63874155169746183
0.55206599413718727
0.57088104840593545
0.52830061963699382
0.56921875795385057
0.56374243810743296
0.66326097539688711
0.55660659749134411
0.56389541738236693
0.53941285040626463
0.60148458366768587
0.50755342036313222
0.57885448448778654
0.46684798016814211
0.45684844514391820
0.52232021987900579
0.51106168878692160
0.53612050815417267
0.61885831542478442
0.59793756808185805
0.59868166475557827
0.60618440314706112
0.54352316611833706
0.56011917889112328
0.67634366938654888
0.54752167169751775
0.57456149516078581
0.57017774297024748
0.59858015782397311
0.59991998100145294
0.54568050730486006
0.49376885491295813
0.57414443305791119
0.55856856983193093
0.58522132064216847
0.53894262703080342
0.57811920568227615
0.56419698498467930
0.56049451718440124
0.57750999497310096
0.56329571329953021
0.45151797146341366
0.46302389123131238
0.53597918891339436
0.45627741624517260
0.58049152336929966
0.51277776321867630
0.55827200640261132
0.48559972978827332
0.58596703134983563
0.52772120570971737
0.51621139671066096
0.47295630272518480
0.52785071611797185
0.55248160955118575
0.52126603229158786
0.47455474721222152
0.58415822063250067
0.44779111612226830
0.53074069179818550
0.49022314433865904
0.54931574068773092
0.50237270202811057
0.52298655916080483
0.45092119452451657
0.58979230319266107
0.39965416442294166
0.52329234213147169
0.40311842169216866
0.54948674907259609
0.43731979976520363
0.53417844388897606
0.43289595834048900
0.54612371821404904
0.37372387051590783
0.49039566335919377
0.46390550445220724
0.47526916292760185
0.43053143915311054
0.46716362366630881
0.40989566320080978
0.53995206159222064
0.42505601483205607
0.49268336826925757
0.41703254180717914
0.59597778465405449
0.42957365831323208
0.52784793757376858
0.44440165274998955
0.48921967913111070
0.48074629855428930
0.53969685154460634
0.55842824288208848
0.49736720730048412
0.45241538022068972
0.43998148354369554
0.44231566156402069
0.46607202323586117
0.55871454161890122
0.49967831668919038
0.53431182307613823
0.52500251444046953
0.48049818805933769
0.46088073213705655
0.52455374788147469
0.54940622477730650
0.62652790256472202
0.42448600463578257
0.56660723217833009
0.48128662789673310
0.39181188624179858
0.50908105969883344
0.54325503374687079
0.55111958860426413
0.56251561323172317
0.52598503085373605
0.56975908029055100
0.49219601853174411
0.57315138294261359
0.41756615465340952
0.59636398544635927
0.52288329970236713
0.60100603627736504
0.47376436735608474
0.48928027144860570
0.57677657893240897
0.53919938232209030
0.51036952774992705
0.52608560474506061
0.50777631636400899
0.54500377493662078
0.49553753609015549
0.51492905630451391
0.55631269524418314
0.49875587616657252
0.55538663296718405
0.58055001860261413
0.59898519363121305
0.49550489797518960
0.59706778998841392
0.54475434211283424
0.57837739360397422
0.49785685423311149
0.59308747151627172
0.54464556148023635
0.50649193694422223
0.52037129719822939
0.59710837107291337
0.55310087022667143
0.54382552190829125
0.50885393786523136
0.63737264925316306
0.57837194451376284
0.55411899729873892
0.57960666183824883
0.57049398165149023
0.50619670175756037
0.57384341482647405
0.50764436830789039
0.65326539515268534
0.46106702808913402
0.54298820364726619
0.45553253759991180
0.51299834270554956
0.48155389054008341
0.62365473872104238
0.45485476529131030
0.66597939367764847
0.46023833222879112
0.58237437525535518
0.48268503993075290
0.64780746794083610
0.46802361496143458
0.53613421145198492
0.48430369563287062
0.56346769169305444
0.44208020600612369
0.52775317118582354
0.43158474380169121
0.53854886565212190
0.41344272583084796
0.57572883410829734
0.46679262110512509
0.54619677660411892
0.42343569839701956
0.61948746464748783
0.45292281493274955
0.56714896121822511
0.43005428987250205
0.57866894580639927
0.42409122523421705
0.55933708803731164
0.39518416851000626
0.55334785715804946
0.34350081887983663
0.59784883290467483
0.47959494700234834
0.53158751040718333
0.41585477597444287
0.61111551200252756
0.42418212204887257
0.58397747509444409
0.41444346998980880
0.53149027611595745
0.41609349228019932
0.53745312502398968
0.34094324248866203
0.56097086202962698
0.38501001625722142
0.53975296831285868
0.40630462290510783
0.55046726392982548
0.37951768989903018
0.57956077252552562
0.35674000104855003
0.61654949003971082
0.34813716157837488
0.52848734956502952
0.41624312892151438
0.53782088646798154
0.35881775097194862
0.51030400784731589
0.38943088922803792
0.57836517907728924
0.44350419031642468
0.48716693856185223
0.43169917405941743
0.58221152741883242
0.39550689452287191
0.51474742588183386
0.40185723755996772
0.55431408348931421
0.43093412751992866
0.56570742272987495
0.40920991917078398
0.57838814813339579
0.39110043022696989
0.48928332660809448
0.40980966133681412
0.50775582520857576
0.36236952701189462
0.56227152302470751
0.39217788511785734
0.56169006765418072
0.35706187169194392
0.45425427522485873
0.37393801118363235
0.58420149969174473
0.49007725550111791
0.56172575363282040
0.36674961529979083
0.52629570639026957
0.40167063389182384
0.51693686736108391
0.36291677946829193
0.56032006922511046
0.45064667965619604
0.51616742238788849
0.38994166338310582
0.51739153614896860
0.38996499853960453
0.45315103628166720
0.36337093454862429
0.46481865722397631
0.39583786254231096
0.52109943198948816
0.38185952453067085
0.43961047221979188
0.42452013016337486
0.49343582768583771
0.38407690546316325
0.51853907780388619
0.35559977676293403
0.50570924016897245
0.31959189376021818
0.44743501450002748
0.46672174110278664
0.45654403668611276
0.50153108590745166
0.48160176124946819
0.45957833777019275
0.49890116656417716
0.42494309388751172
0.44343788201295836
0.41582690160489583
0.52438748079765263
0.39194539458698446
0.41835288994249065
0.40315475602344086
0.55940763980408947
0.36067261636963932
0.47349891560822843
0.43939584921294650
0.53387059132088355
0.42723307556996226
0.48139031699504881
0.48201444126073550
0.52066920998820920
0.43893677415296456
0.50903682292735941
0.42686289442917785
0.55328868644077600
0.41542080023366740
0.53783622751572646
0.46849687315095279
0.45684386792146314
0.53319925648008548
0.54977651247354686
0.64382631276434976
0.55471113787709903
0.45653719268286780
0.56848683296516866
0.46902903829380693
0.49370323235567198
0.49970704127636839
0.58609390792146066
0.47068130767395633
0.60857218972424532
0.48382857779243671
0.56077868699444511
0.47482973438773479
0.57210319922454511
0.53486441718315270
0.57899995350102040
0.51921948776222071
0.54519816978747915
0.49725779543953430
0.55507026161462769
0.45149215796909659
0.55188297525657759
0.53797057609218191
0.57169141486518560
0.49911921052667191
0.50639872289653576
0.55309459606927180
0.62168472637814842
0.54592789563612143
0.53969932647794450
0.54753466245873161
0.50471840731576811
0.50230009393988306
0.55415664097633821
0.53116519854481981
0.54642675432460497
0.59585711599940405
0.47367061929841975
0.50385918751727332
0.45538389210725500
0.51306814162750725
0.44818159289518034
0.56143156466402599
0.40091775009283181
0.54905569022026490
0.40386044739714150
0.52875092702885307
0.48567181644534563
0.44098818715808902
0.43013279142376715
0.46433090298678348
0.44264927337753135
0.58085032340384868
0.33815843121567524
0.48804545565644519
0.33836566172004556
0.47514261646781680
0.40240731972282839
0.47405768639265400
0.38230361984289696
0.48516096661420194
0.33018384449849530
0.50449939146804035
0.41982195733962119
0.53115112709395174
0.33723087368815796
0.50773693450416235
0.31330981644766065
0.56077764270178720
0.36354814047746797
0.49115246167921878
0.35927414016896397
0.46336127284785200
0.36163619282221215
0.47109265735526484
0.40483241380733187
0.51026794557320332
0.36303138041526190
0.50911561104373371
0.37041532625880369
0.44686942611779901
0.34191905887641388
0.40158794632889072
0.41060790875167491
0.49002758597627044
0.33774538417148781
0.53206735327704069
0.38341115553943517
0.55410551155321464
0.41916997634814523
0.44126815410895359
0.41626675949849024
0.43981954807866552
0.37526551252167994
0.52935288347585918
0.41978824851800167
0.54957003193149812
0.43214478932195222
0.50878717708317489
0.45428766717606311
0.50349216512285411
0.43802415646632670
0.48177813329156982
0.48544348646180807
0.60861148052224778
0.45961651700663880
0.56362330659340210
0.45852989415018375
0.56767318319246340
0.39324201960208732
0.53829438602486879
0.44017091604731579
0.57820306343523664
0.43126702372914560
0.49568963806937233
0.37628440304021715
0.66274964624121513
0.50035148465405199
0.58368726361794654
0.43004117344591103
0.54644810239977781
0.52344319153075292
0.56062536926773798
0.42700445490724132
0.61235611132747869
0.53638293958873873
0.58294155762463873
0.44732959830132485
0.53088887843604471
0.45620994338989618
0.56024353769213142
0.47723879958244320
0.57614073340609262
0.49356521258174135
0.56244408415606606
0.54136666608320305
0.55042945010386402
0.49692087968989213
0.54432755322077442
0.51115065367702417
0.56825574341232044
0.47686904442033395
0.53370145931873014
0.56148946226776819
0.59309553056458919
0.52405148259195511
0.57779617177431442
0.58207239333949667
0.52320335859307876
0.47862188760892754
0.52615968116540979
0.53042209636009852
0.51547526197317517
0.52309525467030815
0.51568930215599751
0.59731978582606138
0.45193081275731067
0.57136823971523210
0.55677764776802086
0.54357395413105325
0.55743321763366616
0.54657249571506628
0.49444798723563110
0.60031250741588216
0.51464610756462192
0.59695837821033371
0.48861025956436077
0.62745379574232951
0.53930230522933142
0.58414280098689308
0.51959964112324530
0.60490590371928687
0.51266797861151170
0.55361459242610156
0.54039339122944807
0.62243048123902067
0.51684681178442382
0.60720196374182356
0.48697426605632821
0.63032156209987178
0.59616695559424693
0.60975007991926056
0.55664816655655824
0.63565454886784001
0.50302578549911470
0.60845063837393853
0.48853851726197789
0.55755831089099928
0.48825433442129540
0.55881159172435979
0.53706681046874760
0.53005167900551320
0.49320793242106176
0.58388470471051912
0.47873734802869877
0.53197763012873689
0.53281529980209008
0.62938897889487233
0.53331580355084895
0.59227443255506618
0.46442944855209406
0.59982137206382513
0.47636348212253266
0.56348589914506408
0.59782612409264257
0.57733592491713770
0.50519901559333513
0.61183988079800733
0.56555711881322823
0.55909324348929823
0.47770298080995749
0.52780946058292366
0.53292665392979188
0.53704444963359932
0.49567367827345604
0.61555780196801457
0.50471514354561942
0.56448077798148633
0.48938497184370061
0.52771247699141133
0.44303996804129547
0.50051633794180950
0.54692180989391359
0.42749565055740485
0.53681637033380936
0.50748894698915326
0.53157710164594951
0.51867686706583793
0.53516204843434367
0.47856662309675557
0.49620959345743215
0.54317576428032432
0.54901863684985819
0.51911466084887081
0.49317670847225964
0.48444105108242663
0.49786414430332915
0.48155255722441004
0.47122031589256280
0.56559671559227143
0.45065619991301087
0.46411103631935779
0.49260424753184540
0.51996775833287134
0.47040866580495866
0.49332832266743137
0.57624645452300016
0.47585917663578142
0.41153983464041122
0.54587856028024861
0.46891255357172185
0.46603703038693922
0.51234383150343021
0.50548329777899681
0.48120398486164684
0.48088702875786393
0.48860605608908009
0.49585805708510727
0.49051590890719243
0.46829765861355122
0.38827447928606501
0.33153875755058793
0.51592177595761080
0.37037053737823172
0.48483775797804868
0.48925258591687537
0.43552882480791155
0.33828030694997779
0.46262951575494848
0.48711742599543978
0.41532783448075394
0.36366718126792286
0.49571082717355952
0.42305327075221349
0.57334843212996900
0.32633165765306216
0.43698293215661016
0.41167396863179406
0.58736539635899931
0.38735862014552569
0.44223888076165774
0.43175675195106078
0.59364008814786573
0.39462147767986822
0.54195747909408831
0.37034049029787697
0.49003897942796748
0.31148262210601196
0.50636480547244056
0.39607134714561981
0.54620324882086657
0.33524608697979563
0.50657975887648743
0.38185694268519133
0.51595637154297214
0.45497881971635185
0.44977530491940959
0.40946495726365162
0.51820576929303996
0.44811056965958762
0.44853209238771524
0.50772475821157670
0.45293474276729118
0.46725596542463443
0.39395689698863834
0.49841538483933157
0.38106425096029117
0.55034200244366405
0.46944148230416843
0.46162511429440156
0.40824975989724244
0.46497060042300276
0.47811616016292480
0.49997696635364497
0.37459298070056890
0.54098035637774022
0.38338977865216611
0.47327382968889276
0.41577600029505019
0.55311969525347537
0.41327825500283705
0.52324330402308838
0.39376660838959904
0.53959725354421095
0.43929225313817627
0.53659552566855218
0.40766190018486848
0.56525703127100813
0.45798465874278227
0.55333620284438312
0.45236664077810940
0.55408192343925100
0.39947650594844802
0.58407771267558495
0.42661230846281489
0.51713123061675992
0.42910051846469527
0.53607735882215524
0.40074328888919047
0.56524202085919173
0.27468437955677905
0.56660516081008716
0.49310665903407186
0.52646123261557065
0.38006621555553921
0.51128122663825726
0.27730334253154276
0.50456556868477298
0.37471499315293044
0.48848309176652621
0.35734572447036195
0.45864296838852686
0.42905630570859388
0.46034828360182567
0.37701036148355527
0.48506343759514614
0.38181119394898794
0.48474239121828999
0.44340419843885281
0.51101541724005339
0.42372122766618486
0.50133855115914960
0.41033729133148622
0.51343224476391380
0.44412759386875805
0.43856885504160847
0.46102251808540307
0.41326195384226577
0.36997006631530499
0.52437070382231055
0.41719607534515224
0.43236943602016453
0.42088905563718815
0.36085764788400865
0.42642213476156421
0.47158351466759674
0.37565341489096871
0.48543031901030192
0.37059561564903171
0.43082319148074011
0.38058454745424974
0.42368419733222218
0.47445509104509520
0.38743574211073295
0.40500556611430250
0.43110866584678903
0.40430243064134253
0.40802029683970409
0.40119612162169455
0.47120628624611233
0.48692576572094737
0.39479382792872036
0.47075127364099256
0.41142698419735990
0.47858255045697845
0.45914770068562893
0.44018444656213135
0.45889976787884657
0.49335011202059342
0.43601519807523520
0.33431564935664188
0.46067378029069261
0.46426199824019293
0.38775533219673086
0.42613220890908610
0.44640094241201023
0.46281875196508582
0.40093332195046549
0.44835650354676865
0.42615583861126666
0.42976940830719057
0.41750163261475504
0.44346847097769121
0.42245849329613605
0.41686062454110195
0.48066233654366358
0.49795919522974397
0.48499953682458030
0.39154881143270803
0.44833165223254323
0.50673841523611673
0.46568180868764775
0.40054715234976035
0.45329367410703825
0.36179521246615298
0.45821532273215526
0.36297719171063836
0.45722979016756177
0.44402886768352712
0.48736323672031251
0.36832125577341562
0.42478766335497020
0.38248775172312111
0.45581280073852837
0.36573170893234003
0.55354615902086446
0.42770850223331697
0.49789910031136875
0.42807986102785633
0.42144665201898324
0.46579572463601560
0.50133942316174529
0.38864086925207475
0.45971469019112887
0.43096232948338065
0.46261857791771027
0.37517795302892470
0.45840869439254606
0.48499415558524162
0.45530104274920952
0.40510292226234279
0.42750184777497524
0.41937519100890880
0.41955409950578487
0.40684134189535370
0.42075643937985052
0.46250922580620918
0.44557484746268183
0.53149607249487674
0.39442759643215725
0.46799536805402198
0.43989741639793645
0.48891798709225387
0.41475399571401406
0.48674965972078249
0.40711944626979923
0.46726237588107755
0.41844211650730567
0.48121890420614988
0.38908569821864669
0.45578321243266418
0.36262096672465405
0.51254857423325328
0.46264031329883903
0.49722489109067736
0.36268944258261021
0.48978108643497847
0.48727327561654532
0.59260343434260809
0.40015687378041542
0.51907947716486447
0.35785534650737877
0.50294547890560692
0.34576113124690699
0.60187322174429414
0.36736576956516942
0.57069431751302779
0.36851178774324828
0.59369674655624416
0.43049961198061815
0.56514059339377010
0.40905964805161427
0.57563421444129514
0.42438056684201975
0.59066038052049874
0.40469565843655342
0.58241893053943794
0.41905083148137007
0.59732507948219782
0.43793992190200998
0.53339234655951662
0.38651586143040190
0.45567375578992975
0.41936889608207051
0.59166560248360978
0.41197037982299672
0.64439856484120450
0.42881385260707594
0.53226619090452076
0.42803695690640575
0.63938374852206381
0.30634983209889494
0.57431843386556281
0.39250468221665319
0.64540050680089434
0.35850728672864624
0.65842913737437103
0.39774787040124093
0.55719000151914277
0.45498598841169885
0.62091887588519001
0.47486222956709612
0.51344143018233457
0.45344776007772741
0.54341820594568169
0.39494639173740065
0.64535748358747658
0.39258879964650834
0.60926311328945826
0.42385967241695843
0.64645369069546810
0.51562663399811337
0.62333020837155295
0.34960389760758742
0.53836979695434539
0.38979699641705756
0.59552497166559026
0.44605831120722805
0.59306269086785424
0.43784675813605389
0.68168428928672686
0.42617289283114801
0.55343101500414393
0.46306382770874344
0.63150011577664678
0.47795671384896599
0.54520768230858718
0.41527479166840131
0.53638154916405212
0.43148540155819320
0.57872596934012732
0.41407115777416909
0.60152157967814224
0.50949753128554465
0.50685891027309782
0.44472623572333808
0.54961819739797557
0.48021500839483605
0.54029986777706851
0.50283850143957132
0.55317159424544360
0.45228392790679894
0.49722973581695740
0.40608955083768161
0.57559393953872773
0.47688832660980579
0.50827872312663847
0.44090184260641108
0.58546649404151041
0.37753538567001671
0.48305422952807903
0.47754639859778525
0.44282145532899031
0.49913091041036778
0.43371150110535522
0.50888322242840789
0.49665997771512493
0.52904102096544747
0.49419119225009212
0.58585467121546131
0.42707812331554273
0.44725457756043918
0.44071872569608572
0.47698300337386423
0.44211419360868642
0.53601868857962109
0.57358773826757170
0.42901472141685754
0.47889142780827909
0.45369702498564857
0.46957842879353595
0.48842232241000627
0.43131610235491713
0.54337540510753934
0.39986275725056619
0.49444415717003271
0.40038808080650506
0.49558536209256099
0.47961694541148892
0.36425407840843343
0.44320785748542230
0.45521702189186047
0.37127250698806119
0.38853613648992191
0.43131006207846878
0.43714684331731696
0.39356639215402756
0.43131679804256884
0.37078254920102088
0.40330839619866760
0.38671929873832789
0.41022840296153268
0.38656559442831168
0.36466436645343170
0.40216432377481037
0.45541610986529207
0.45506318010552532
0.43701654128986805
0.46670204464120768
0.40143262754747094
0.45777570851892563
0.42163538361649117
0.48201464589630222
0.36676898001928876
0.45531722604496061
0.39589421977110945
0.43081011205130010
0.37714192121196111
0.42258067451128112
0.34448012149471169
0.48651211659351989
0.39710460743592135
0.51539444455612915
0.41652550785656051
0.48837812490546928
0.38028247822376843
0.50317984073680877
0.39715168891241098
0.48611429917485366
0.39105773766129137
0.52572539100991467
0.38642867674858772
0.46576965142682236
0.33183687386976640
0.55341441331314123
0.45482296829028435
0.49895214723076742
0.40688466720385996
0.51375604009112896
0.31001432733154888
0.52623264595893404
0.38826628652840972
0.57150702263519571
0.38943067027072886
0.58426403708570229
0.48030775232032730
0.54574569008921792
0.42772811794422810
0.55676026142634305
0.39168531547876545
0.56044465108714758
0.49423041009671137
0.58926445459212928
0.43273926456032824
0.61090883157699905
0.49574874161176180
0.58030089474079327
0.43149737241754477
0.54754844286070370
0.46534620817387218
0.55837320165868010
0.46122092906118239
0.56708672302014751
0.50558171565973165
0.64397300935060875
0.43141665688809577
0.56410720071034604
0.50466216822714849
0.56958346143694505
0.49510665417632815
0.64273387856062059
0.52768942040444988
0.58883769176653189
0.55834263173951437
0.56092692857331916
0.45494553803728965
0.53682749886483305
0.41239205017297220
0.62645772039513437
0.46253668220667454
0.59038261133828351
0.49214188132696840
0.65773318522735635
0.52865001201196304
0.63469548648073948
0.50081569846811635
0.60540149819472844
0.48975641480046717
0.59864679430773249
0.54648342385878668
0.61146129275781136
0.52479825981615769
0.59105750784374234
0.46676798033298172
0.67729493742462099
0.52416072316721285
0.62728345018557918
0.47202357876785983
0.65836514992625916
0.49121530026036131
0.63505604968685692
0.51624520699148291
0.57361883092043531
0.48632306298234845
0.63434526503446043
0.51271773899620543
0.65123042474175019
0.56295987292034788
0.55712665593990274
0.48412802614238204
0.60432630218910377
0.50957203187665612
0.60472491417591134
0.49041937953571246
0.59314269528701202
0.52391704451441745
0.56561892661477375
0.49497079305536379
0.60485122611037800
0.55358775299721152
0.57701310084395396
0.47768007563260301
0.57334601714782440
0.50927396963639271
0.54469886179563687
0.45507175197206329
0.64412772137106333
0.56787254598539649
0.49031979940803683
0.46281534754453896
0.47324682796984019
0.41617915990022253
0.57012068782615466
0.48394037102489712
0.59121109481591194
0.50986687424753441
0.48951229430827858
0.48919580967995036
0.55546350977071213
0.43176572631789240
0.54879806013896870
0.44728263604190038
0.51486613366552836
0.41704681673466004
0.56513979535688341
0.48523554478274217
0.57650731352041684
0.46066241411057052
0.46546279765001441
0.44698969727849869
0.50691643743566051
0.37589219264141371
0.53791664336406908
0.46126662471452107
0.48127235232524840
0.42880192901782954
0.57387790650208581
0.34399793734674267
0.55690997452216406
0.36806299114971852
0.60571187403723459
0.38729242904573274
0.55163310529384435
0.42330522020321210
0.51890073969875961
0.43961530308705610
0.48188041014697908
0.36338517520503244
0.49665057840489663
0.38421903903029075
0.50910254216582151
0.42221478085847441
0.52931698437735564
0.42677666988124568
0.54273214995345409
0.41298303129967884
0.50695222975695808
0.37536416753129465
0.54259209920582663
0.40508563511300172
0.56587974293806087
0.33971661588878044
0.52138222216611885
0.33194413796056815
0.54624227756029564
0.40977454504373922
0.45489710853486892
0.36225586063944498
0.55991544860393727
0.37152394593372617
0.52436460636464455
0.38836262744341765
0.56088286418659439
0.34342279866173947
0.54837026004716727
0.38617243514559124
0.56017889170132296
0.33868231543200805
0.61738098400992614
0.36965250137066014
0.49721800745424699
0.33241434530461667
0.53366621471258036
0.34658090016330390
0.53978674098087132
0.35607499971889534
0.58600321041670134
0.41329067617333126
0.53428154773882386
0.36263331717319036
0.56276065910791828
0.37369646445923260
0.55709497822013299
0.41906667238946832
0.52165240366730758
0.42492184678466333
0.56110159949957961
0.38041493840232043
0.53827753704488002
0.36581882692650042
0.56659331476841002
0.39554173998501890
0.56831605698052345
0.39300145758404775
0.47899226567734937
0.34730249824180748
0.49344706111677217
0.45782382168859803
0.49591924165632051
0.36738995298814403
0.44653877501882872
0.44356643393342565
0.51903132644413574
0.37247585378539222
0.46610807955604966
0.44437513154912495
0.47060511344426220
0.39082027043496764
0.40568912900694132
0.41818983098480678
0.45339314780727746
0.43228412066740263
0.40676181413894480
0.44679880832043556
0.38185388185509528
0.43517409191938777
0.39857014356685611
0.39517626321036037
0.41483280910761522
0.45742440280163998
0.43598417971164982
0.49882073959290585
0.41115180581178795
0.48682329256037443
0.40362952263487062
0.51181859938761165
0.35313524005506047
0.51452021160065431
0.31630015607811668
0.43845277343210454
0.44320371188189051
0.44973795694534435
0.37996276926271333
0.50491461224865419
0.37108980243593936
0.53022267595257278
0.41176590013484315
0.51493400667385036
0.39930179909495200
0.48964471634723444
0.29174099054911001
0.47336480584912444
0.35758241412642000
0.50114504924485181
0.39841006794368233
0.51268556876121796
0.34816524126003245
0.41709440488715438
0.40832012832276710
0.44881029401877276
0.34871289962035440
0.52459916112793470
0.37544711545708676
0.45663800563646184
0.37019924002427707
0.45612141371597509
0.38810887418868006
0.48687581647421208
0.40515865799771361
0.47278618181132703
0.34263173582781353
0.49385271825946486
0.40746026569454286
0.49137209923049524
0.45555946775596901
0.48184569829280366
0.44650334256945068
0.47705206075127637
0.38511619531033925
0.54344419828954049
0.46321119099338176
0.54111298660629836
0.39367629960619632
0.57606799969649269
0.29484212660904263
0.45444487321535643
0.44120353933101181
0.54423285393546672
0.35652657766548074
0.48625860522201447
0.34089343050780285
0.51247498091141042
0.34925843237088289
0.47578335880255518
0.38853695324921061
0.53587114841760064
0.40727237307685482
0.50397558437059187
0.51462835983355015
0.42961445712148227
0.36189304819234025
0.46257138953974930
0.37515810038342334
0.41355522625265440
0.38879164581051712
0.46229750044222956
0.45161168492068438
0.44162391710540727
0.34252584690153837
0.37134489450985864
0.44274255119019029
0.41639545542237688
0.35018150051543306
0.46776202507478976
0.42491941159681224
0.39068413543364389
0.42616665564186074
0.41838203513916328
0.39572974293313246
0.46560041826219284
0.41103054546121359
0.44200287190767729
0.36474771873509004
0.43290109969395291
0.49223283313412930
0.49346118759406588
0.41634569585094722
0.38269043963999894
0.53091248227524801
0.41936363590769499
0.37126453662078918
0.43964067942653784
0.51563144996276167
0.47338192056653161
0.37869546461280607
0.47365942764217855
0.42523773981411245
0.44608176265584704
0.40257721395967139
0.39407630154810797
0.45422414447686227
0.40857985532778557
0.39495122572056851
0.39686101241736865
0.43412726004835345
0.46866431568710015
0.44118698746024859
0.43380027354196549
0.48543520378373406
0.54186200956662856
0.50890154697666645
0.47117796217289593
0.44755573911649310
0.42428445656275587
0.43830672305733059
0.48770368395845254
0.41628481005851226
0.46027616147626882
0.49376457979017274
0.44853415308128652
0.50153576031971747
0.36411255880186139
0.53278456750661929
0.41795927628026153
0.43287918928555819
0.40650303750575673
0.47439164749102647
0.45594643571312887
0.45106105367471261
0.34146442814312628
0.37407719951790153
0.38306365351031080
0.41314848866568255
0.39596778114345982
0.51759049682691916
0.45487054519236003
0.49607584924744536
0.39345696095503840
0.50476687560778577
0.37299954930891460
0.49287509025357851
0.38220992522232022
0.38987654983824477
0.33051173037761605
0.45247863980397141
0.37565452184829046
0.47941661959133475
0.38543057397971725
0.44736047650499505
0.47804048546229894
0.48553390547617231
0.41172711382012728
0.38861970218169301
0.35820720522213662
0.42608873522976637
0.40384659921796928
0.41836008480938069
0.36809516118996843
0.51829646553874464
0.36086705179982342
0.47347518882755418
0.38359727506426927
0.41002586802546104
0.47852716956634067
0.47157708615494093
0.44593356537918383
0.48101637491972271
0.38307479814795653
0.40475548155856739
0.49376654121974256
0.51205561496644647
0.47790045447007945
0.43286132583920678
0.41316303833765550
0.51232818501647659
0.47369394578868801
0.46535694865615324
0.48857168999689327
0.49246599570155619
0.51846009928054526
0.45118136281288218
0.46884724448876253
0.48057024953084171
0.47633729104522099
0.40895209497211626
0.54184800592143045
0.46038869714340824
0.50648721532207119
0.46945616109955057
0.57621137143109180
0.56483056793539244
0.58101018202719978
0.46928241533466430
0.49856253331892247
0.57446110128982208
0.56140070072560300
0.51192024729230523
0.56212730514935427
0.51597718055523667
0.51731102593639300
0.50262208804611408
0.55818847999238430
0.45069911679716701
0.52275066099562950
0.46719001033834356
0.52858288282777188
0.51113057539419826
0.54140085554343731
0.59654646908306530
0.44934813688325675
0.52062414832836290
0.46031248686023796
0.35481428051240393
0.51183041267576912
0.48412958535273515
0.55135506856331928
0.52469970938921495
0.42871294281527778
0.46928811780389446
0.42247155533135816
0.38276506806228583
0.43991978006318910
0.55265778272030563
0.44812068050983472
0.45663109194496138
0.45740000924339358
0.40035408997464278
0.49542343709166864
0.41801761257787562
0.41208278105653068
0.41415607509532992
0.40208653495703689
0.40439253577628242
0.42877008980252840
0.41691923328427621
0.45647346069928041
0.45751479417715357
0.37259940702098704
0.45745630456226793
0.49384509856736053
0.45738991779016935
0.40601007208674889
0.44846712195320260
0.42468898963220036
0.41678315115503650
0.41130429613838276
0.45729153561175340
0.45361352695821289
0.40805787462929610
0.39104614070113947
0.44836601323879988
0.44369698396910245
0.43705085688767098
0.42354649363869534
0.41447482446064571
0.40015279567473216
0.40250327379330753
0.40528602832485094
0.48970041685806948
0.38041444562370968
0.46565870739015719
0.44052541821889113
0.48066832689657307
0.35480790101192272
0.47399304759629596
0.36231551614155250
0.41840159713376579
0.37953534176723597
0.44965014402786829
0.41933999910164571
0.46039312489985112
0.40320975843484486
0.44272181804360661
0.41137604677576473
0.42741830397517239
0.32444458424617273
0.47088232692268278
0.30448185792029581
0.44728052312942979
0.49599715163866809
0.42606031519132942
0.36429749918261167
0.45574664248562702
0.39090744514293263
0.40078262289398325
0.34844867707149824
0.47126871816216148
0.43010495167217327
0.42754145817761946
0.41075254220217167
0.44653191054522012
0.43387117637094785
0.42861524136558976
0.39459403153494871
0.48821044925454160
0.40395400655602909
0.42419758592972967
0.42429752631842760
0.48109277255072036
0.39327782142243911
0.48769751611474721
0.34474146833580710
0.41817066628150290
0.39534136955397409
0.53304241468318103
0.35490574243580297
0.51639513227400213
0.39050407312822510
0.55254208983876885
0.37211602168397079
0.50046354691892259
0.41683205858479511
0.50549662200063161
0.37931541837295990
0.51134829440128959
0.40678015085642250
0.50438381104698737
0.37871319138455445
0.49719988770227991
0.40748754714382307
0.48856356119261446
0.42783484389457316
0.51420964811905012
0.35308475740479006
0.55253305112025519
0.43875642011428206
0.54338212854990997
0.37654834908988538
0.58329758013910915
0.36677221473584842
0.57563986770192266
0.40602478900504457
0.50934764182314507
0.46894154499255686
0.51132424757578621
0.50348547548314260
0.49003087637550091
0.38682617370261274
0.57291966773485614
0.45073172607440493
0.51571768051039812
0.46509199325157125
0.44838390077796042
0.45901973435818494
0.49867891310766965
0.37934714468573305
0.60533613979664203
0.39001890325302269
0.52397642467073113
0.46441070845009963
0.53592544324573865
0.41601706929505616
0.56592530994463752
0.40665457002080041
0.46758225887540961
0.45984830397570708
0.59396955306003374
0.42783015896043847
0.54321940495409526
0.38473916040632616
0.55877999323066274
0.48281113609272786
0.58638706100053917
0.41822534993218186
0.55526197099000640
0.42536862832903255
0.53296543024772769
0.52685326404438360
0.56012642125804490
0.46656778630790530
0.57157502835861385
0.52173689386119271
0.53270868385581083
0.53757631500458747
0.54895317876514593
0.48370504108566992
0.57429276854528510
0.44301933974232793
0.47598147714356565
0.47298094761519588
0.54832348845775991
0.43399503591100624
0.50568649298373747
0.46353702557878246
0.61446736478657771
0.43054014467893675
0.65827301293480678
0.50699834287828860
0.58701131581163168
0.52487356225507020
0.56720907680525146
0.51718094716867280
0.59360345653037427
0.49444755887998210
0.57012473564090682
0.57973223741357438
0.56072188983446558
0.51548321602916514
0.52918216032791743
0.47569338163142932
0.62362134947478476
0.51190989106990792
0.51576258798766594
0.45179884794339631
0.46135919104968043
0.52638358567232801
0.51383042814331226
0.57847162652704398
0.56948694161278834
0.45890566690817058
0.51683926920863965
0.44960633994992699
0.48266641999509591
0.52912702611186602
0.52696347352550865
0.51811529988413796
0.50779159579157040
0.48877813914872359
0.58657672867766053
0.60743797437461855
0.45447258881289587
