0.75464959099630358
1.87996938891682741
0.49773081950222781
1.70978804157765474
0.30954677386165436
1.52519325628442659
0.07792470807750757
1.22589622844499635
-0.03962092564315209
0.99981586837440117
-0.22458312454342266
0.71048573152059713
-0.30650521582825907
0.55867217692450732
-0.47331390538540841
0.29971980339162019
-0.52734704301037094
0.21965864629582074
-0.62275545854173486
-0.00039367796504376
-0.64591361321398477
-0.08942427268592415
-0.62870297774766670
-0.37554673054424559
-0.55239021726227500
-0.53029581269243953
-0.64061025879299671
-0.78099426453989185
0.83800162488225782
1.76933869437569058
0.65135195026255055
1.62993908344309668
0.36997447047012355
1.36020600837621886
0.24586374446217871
1.14664236887111759
0.09780309527788560
0.87540173586385672
-0.04274300017053161
0.63464034464168950
-0.21985736472022127
0.39164271594213729
-0.28835198316762023
0.23080448548342619
-0.42234392030025775
0.03975058350595954
-0.45068451604856619
-0.08051892646768423
-0.50386988576763547
-0.29349273233186102
-0.45285264419497406
-0.44467100843821256
-0.50841883752691186
-0.67458288722375159
-0.40210751800058631
-0.84462441668646770
1.09293705666844776
1.67162119988731250
0.85964660773779966
1.54158965332712006
0.75446629732670800
1.34877028362378293
0.47328504739192212
1.06981872235253483
0.39362981500661187
0.81645697962535446
0.21212475222032323
0.54825130593957216
0.10947080176402639
0.33910629700758543
-0.08069240364185865
0.11793810060903950
-0.19770369337194943
-0.06102128821912241
-0.26827703519544477
-0.24276326634511042
-0.25122281303659860
-0.37652029448815033
-0.33429994791125817
-0.57789475809656232
-0.25519347171731144
-0.74643316513758529
-0.27222592747116686
-0.85551144705660986
1.29123673071318201
1.57104998634741477
1.17718754002439874
1.44727742878164367
0.96712387324508997
1.24548342615979624
0.82817686583143935
1.01362490386179749
0.68875884679500077
0.73844035129845109
0.57455511183816121
0.48591611444662619
0.36165819389954518
0.24500813176885020
0.20186638801654203
0.06446573375725716
0.05061310848908167
-0.10845624199045610
0.06361325851840587
-0.24739035239752752
-0.08557734712871387
-0.42502889717117570
-0.04144437867379443
-0.59943606458930321
-0.09376545289529216
-0.73527491324631011
0.05937761382163051
-0.84493306481275909
1.56602315521892477
1.43617199927345829
1.39698863671112705
1.33584433318491258
1.30123868822197553
1.16520161980145631
1.10075240495974125
0.92146872778465760
1.01373762010077750
0.67462954843631240
0.82021531292888250
0.40638382955106855
0.66483029435357577
0.22857311252271059
0.48235041670121703
0.05308132731311983
0.31037029354474621
-0.06370260610815180
0.19602655543269268
-0.16608712416966970
0.13173484435615374
-0.33109857245111357
0.12340664316793501
-0.45309830380325400
0.20823778760687822
-0.68193346611857220
0.25486511591500860
-0.77067588662149800
1.61390775827192123
1.27997541712690377
1.65266154331043857
1.19406397014065058
1.44305463261245714
1.06281607685330859
1.39941634467904796
0.87502174083976059
1.22618661062533940
0.62252273830143723
1.12393045672928826
0.45527220413602243
0.89379345180752368
0.29911285945311578
0.72946920441519658
0.20304096721932219
0.46875676453884652
0.10802359563225779
0.31601861175229001
0.05061309682191438
0.29228088236532462
-0.04263214312928551
0.29807458295238221
-0.31218384632475094
0.36986122690646517
-0.49373306167845921
0.56120165933562860
-0.62362847673959609
1.70380824043702761
1.05375725393791275
1.65052099509942485
1.07580797770861714
1.49488605045338208
0.93592065383499035
1.47832546390910302
0.85565910825601610
1.29539600955798928
0.73963667450316695
1.17031941109423698
0.61511915000617179
0.93970315019128003
0.50954266262633596
0.73823349691465467
0.42352609754766929
0.52669293677011697
0.34265584873147542
0.36438234957448845
0.37667793625092627
0.35358001123580957
0.13535361283063163
0.41496228695011766
-0.06170413862879472
0.52928941700115217
-0.36512173621265809
0.64676884517527322
-0.45730923954155683
1.50324942575468579
0.76310650216321529
1.43655120989606599
0.88520827888439524
1.35062681651672079
0.90641160711635183
1.24031579170257400
0.92509079183433018
1.16574189284090446
0.88084220498236687
1.00172604835634593
0.82003159005878068
0.90117281529621707
0.73861893297151271
0.66452205008197440
0.67867968164893100
0.51668275195441293
0.65609941462023902
0.36659330762182385
0.52643578705091520
0.40609664426409975
0.39794879880771650
0.47294654801987329
0.02969239837157459
0.59862703456289268
-0.08556101913490548
0.73917868325038960
-0.34045946709376868
1.31019256431052522
0.62177818831672593
1.23839527368086677
0.74189890259155289
1.07619607113839555
0.80201636523871578
1.04765659205503070
0.90998290577502861
0.86016142389457229
0.96544808086843192
0.76968828242954657
0.97893006965546236
0.66148814383810484
0.97537524150773991
0.52619716223535695
0.93105786988110550
0.40797741873373766
0.83477639653188074
0.39486906572057612
0.69947623257321656
0.44642254421041661
0.48525505894528181
0.54294753572736931
0.28830155517391476
0.67283644404837173
0.00095051822686402
0.81941842707508616
-0.10989848693491694
0.97682761973322152
0.44666096640575037
0.89819590053797549
0.59535399570824843
0.77137699949753435
0.72811333399857570
0.61587825375762284
0.87369001069865659
0.52931368576762960
0.99157918107379350
0.44315300350229242
1.08690963043065358
0.41310315509657008
1.15084285256212238
0.29312395057142437
1.18364459694236723
0.34025621349496499
1.07725858061542956
0.41102136210673623
0.91313391260186993
0.50376954051232581
0.71418023287203614
0.59161460696919699
0.49595146410023377
0.77136688902906025
0.23254312011067785
0.88906492034731310
0.08479324371447461
0.67634185500533639
0.34338319766303510
0.60057283721459143
0.48408599570870070
0.45298931640484252
0.63887081073962959
0.32744257502992341
0.80112773061017395
0.16427537724369651
0.95951229404185079
0.18925179597199876
1.10872771507035406
0.11495848457567702
1.27195922731793942
0.22044569645288586
1.32444072693959525
0.32749214727349496
1.28320756781531786
0.48833859689639464
1.12367822658982108
0.58604234273430622
0.92398004878315121
0.77485441298731161
0.64195684102414341
0.91041164889292636
0.49194845116500580
1.03517126111203317
0.20666642237170144
0.31013545968862449
0.22052059482716954
0.22790456841252768
0.36204643024974043
0.20617583746807416
0.55125154070394700
0.01281819222329339
0.73014028379563134
-0.08950591821641526
0.91645404222495574
-0.15828170863281127
1.11926526544410376
-0.03467725788014438
1.31757540670383833
0.06576116015749420
1.45126919051135439
0.37225485783198214
1.41736386523539659
0.56729732902580088
1.28402171627848372
0.76572180826946590
1.06481835287864457
0.89406983539942075
0.86429157505555887
1.07807507936906810
0.59298931233920182
1.19405014933119746
0.45349229725994622
0.06802908817398874
0.14629723081269264
-0.01903401063203863
0.27017694301621037
-0.20230859938753346
0.44179035773966235
-0.24382851362023977
0.64793594457433745
-0.39766349242415688
0.86837743683262125
-0.28998117259930412
1.13649948901378939
-0.15621280316344271
1.34200160838124272
0.14944488696819488
1.52047734004618396
0.43405394965130722
1.51512635892677938
0.71255085855771083
1.37858247367335918
0.90760916702421135
1.17615990001446802
1.10550840021736074
0.88105530844401481
1.21974307740833932
0.68383157073961642
1.36161517525282472
0.46438844158342474
-0.20921238256525282
0.04735581141667511
-0.29135957192531831
0.21746737421105661
-0.35882050949339928
0.37902993121720102
-0.51497480358589609
0.63234940213875912
-0.42521770320500313
0.90808762615607086
-0.30736553242782139
1.17439604445751233
-0.02251075579540317
1.47401085489006345
0.25319983083753433
1.60922371346347570
0.61319764966236512
1.57126194381891970
0.77220373154757604
1.43844914292052528
1.10020474587740025
1.13265022356475487
1.22508749466471945
0.90433849574672154
1.44652838981537846
0.60603465642711907
1.47169093583205646
0.49651518586717985
