1.09106816372041737
1.13773962115190663
0.87725717845744688
0.94697601435069445
0.63052095065745783
0.69308632253334435
0.18975336717239830
0.66234800723817355
-0.21633455020310707
0.52778031639536893
-0.38838433987335264
-0.89093825994068043
1.86258417661185227
-0.80821418465301309
1.58566552283731332
-0.79207760374956326
1.38584591394863255
-0.76058855161657635
1.03405337359358773
-1.33343538881552703
-1.45219758730984716
0.64012756957880956
0.54959949520480311
-0.68383066605645382
-0.36108491560191869
-0.13102347871287220
-0.12163519557441270
-0.05277429101993901
0.11298193096229311
0.04159850428412857
0.06639428563918205
0.40982352555273382
0.09428983894365078
0.61265450303908153
-0.51376689883032500
1.97364779354583320
-0.97808231566644210
-1.25765642434063296
-1.16450251532375049
0.54834111486217552
-1.05793861757173158
0.53632586312443276
-0.79559500902056368
0.46395366398025828
-0.11923905454335747
-0.92096030324240374
1.97122191702627814
0.27799199664677465
1.79548809414203303
0.32488238597705132
0.57984958913454787
-0.54246388572646564
1.33816508448670946
1.66743934470620858
0.73720823577225636
-0.29891980876904672
-0.13462485134219393
1.41829404296280215
1.26329857931459832
0.44086720982943522
1.31195453842570386
0.50477408231829135
1.16270959205746371
0.60113281750801262
-0.18283763538802983
-0.85999436610276059
0.53697099385705938
-0.70361447913717956
0.58657239542110406
-0.57543507107482461
-0.91686820218275022
-0.02066988410768464
0.85364090511498747
-0.94520092805977973
0.34483726299203360
-0.26407201968233851
1.06878466883795786
1.38405376885489018
-0.31206579522994132
1.68926190348611782
-0.30592050650072050
1.59070052055871392
0.09933469560765865
-0.06082980671480894
1.94248398457033766
1.50299166432603393
1.79008306170321285
1.39663018783644688
1.80369503479598348
0.45170576160783998
1.70066478323064518
0.43371400661437881
4.22990672406729118
1.23411109930463625
4.38428276256314042
1.27406567739196297
4.15960836712888415
1.41001658817739628
4.05758620484184274
1.35077535480976363
4.11626983702521887
1.19077408242679361
0.84316649658234821
1.02472070460578779
-0.88338428985613604
-1.02797917321467835
-0.75495606380238445
-1.00834506601994267
1.00281792448070162
-1.18060620408028716
1.89341782506643685
-0.99566872539541729
1.78581627299182699
-0.93151527072509932
0.95064507802374343
-0.89200610671953651
1.00395026115870278
-0.74138893807891015
0.71195263102022055
-0.76759636186303160
0.34001371414844328
-0.69485253681027292
-0.65614475660823335
-1.48124394356372435
-0.52511155716260727
-1.24358574180547143
-0.48504774584128879
-1.13152866049616430
1.00452921172390996
0.17095822693314833
1.07368442899298988
0.26468213822068415
-0.14193084376891385
0.83345285226937893
-0.04730039271056680
0.79905090390853428
0.10244073816378982
1.42762999297400750
-0.40397435943896698
1.59434014327377516
-0.52864484643232301
0.42851995967453715
-0.52500522099888780
0.03166540614827840
-0.27836164655466611
-0.28121117473801915
0.06655486468180646
-0.60057775016270942
-0.16733504072008112
-0.79640456889420919
4.27557814430264305
1.46136737933024463
-0.78254279937756399
0.00570694711688342
-0.40281638255079244
1.66732569411976539
1.15242656565928492
-1.50843865105597663
-0.62516901049112383
-1.03639263195433218
-0.71323061261885412
-1.07689635365238701
0.85396906956043783
-0.08660662131724486
1.47903772053963212
0.46484903070263117
1.10428501442031157
0.56350893968646576
-0.44361699086104850
2.05636646126366252
-0.42270929027240028
1.92603941187929339
0.76163786783135368
0.66994642178499364
-0.01794686117404524
1.84535446177554618
-0.03387288552360700
1.57600716810997277
-0.06243873943747610
1.39662932762640835
0.83317644226132370
-0.80543209344681255
1.55641529646149857
1.37236533380323289
1.47038924625145073
1.27921657568817948
1.20582837825287337
1.25894772441035108
0.06095043164666526
1.30649139849129448
-0.00426980816218142
1.05362005334745557
0.02228532620075308
0.77067628412288869
1.23580005684079608
1.77789848749063872
1.24090771221051055
1.57754013047942165
1.10874690455127878
1.42467990938834843
