-0.79786521466324523
0.88100257481994515
-0.69722253537683265
0.86307652636371912
-0.55906684801680018
0.83246973382962153
-0.38994880792392067
0.79638601146377608
-0.19500178467434148
0.76025369383917873
0.01864060254254753
0.73028883123603094
0.24260114975478755
0.70580693226061619
0.47073467419848725
0.68582560861576913
0.68848643619447270
0.67679789445403649
0.88358039285391099
0.68577247999736224
1.05075357435402661
0.72010860336116422
1.18856953981595859
0.77567684404151171
1.29450128297889600
0.84068810623964429
1.34243720942159217
0.91496149240578506
1.27012964361186609
0.94513430775850982
1.15011582450330829
0.92948741330698437
1.00624308944427288
0.88660501350455412
0.85224047832699434
0.81919967026153617
0.69442636256280366
0.72621244226547754
0.54580600101786303
0.60370072227196980
0.40065923239344642
0.46359515022715370
0.25345852331223540
0.31632724560000708
0.10969558013322400
0.16918047717293558
-0.02594690635774911
0.02364322412645392
-0.15169328044720898
-0.11730439684219003
-0.26335089779243087
-0.25222201819121487
-0.36340361053827958
-0.37273411161362163
-0.46422632728065422
-0.46183664043778749
-0.56974962410214114
-0.50119960394376106
-0.66565987778806934
-0.47456190281757799
-0.73103079217598832
-0.38983731175799452
-0.77250355238839019
-0.27286727733593230
-0.79415150907068133
-0.13699444646772299
-0.79356764803374669
0.00901310724429750
-0.80595275403113631
0.16832728329976260
-0.83012181588129308
0.33660986341019267
-0.86510019234228874
0.50836262422312406
-0.90086550783681651
0.67764770527501428
-0.93071459322994188
0.83923188758777534
-0.94256416422091183
0.98724427356039812
-0.93990601420725484
1.11856290435187233
-0.92945276206205230
1.23103856254583022
-0.91653287624129276
1.32225366744270922
-0.90684715383037928
1.38771574007768428
-0.81938784386744423
0.81128442153136315
-0.71601274075385513
0.79515770428754950
-0.57587259484499109
0.76658434342898119
-0.40615819868184971
0.73165426724292015
-0.21075117185033565
0.69844677350525763
0.00245314654220050
0.67099795983855826
0.22790747760448396
0.65055503636221224
0.45603848473512776
0.63541167017528177
0.67497168987129641
0.63107397145008992
0.87320658348356783
0.64304874902063547
1.04482987740442113
0.67824956109617274
1.18413623889347197
0.73987669620438001
1.28826536601214547
0.81455369424487079
1.33568187225828838
0.89927779959366105
1.28257220514922765
0.96270260934416463
1.16516357054323527
0.96671317628170295
1.02530051548993795
0.93187951615529152
0.87778907306139109
0.86522580975302554
0.72724700663033481
0.77324030265174781
0.57763571243086220
0.65691343587049378
0.42619004111301872
0.52213801513197977
0.27912538990290919
0.37702054634456322
0.13682411742366649
0.22662776866649839
0.00322241440046472
0.07806205105382992
-0.11918326074994098
-0.06695598036137629
-0.22698385531169785
-0.20318248428089866
-0.32613391305374206
-0.32178487360871350
-0.42744615646795292
-0.40765341257033816
-0.53140288218966070
-0.44412514417025195
-0.62637211709071439
-0.41675165470624997
-0.68913802914256672
-0.33259070720509015
-0.73069784235193203
-0.21522467548492893
-0.75120566576826531
-0.07919120202189205
-0.75191509170081972
0.06749843486148392
-0.76142693576294862
0.22582029134833906
-0.77914668446238522
0.39125793902971145
-0.80596466220392737
0.55850626098964218
-0.83385922529556433
0.72204713923671737
-0.85780323008761261
0.87641179367450051
-0.86445403303815993
1.01605878215428636
-0.85430559517799443
1.13671527885136348
-0.83731289620701088
1.23741060143280679
-0.81890175792365716
1.31657412417731634
-0.80406919747397698
1.37120928033364819
-0.85259057757021350
0.71387101998601354
-0.74864534585040543
0.69966007171480848
-0.60723288544779697
0.67344442392131953
-0.43571227394026857
0.64261251137049313
-0.24106475101927449
0.61279007593539825
-0.02798738325723995
0.59099232696121284
0.19552452589857927
0.57487536933086814
0.42278630071383350
0.56830076099554228
0.64532620517679962
0.57243526385198118
0.84801458242745265
0.58972354090809753
1.02436277892367156
0.62988030180298549
1.16594537143914745
0.69910741460016557
1.26374516254302205
0.79217715534991406
1.30504717833760875
0.89722450877536464
1.26827236031664459
0.98928900062085157
1.16060638484896606
1.01374772993692619
1.02731548105882720
0.99409353812216894
0.88497721743159430
0.93614088022322339
0.74050920005278931
0.84789244639252215
0.59502768663243011
0.73496613225382956
0.44975421137372956
0.60181927481535313
0.30583353395155954
0.45660291130276215
0.16904707877474409
0.30325497213836478
0.04052003427263166
0.15104835037830447
-0.07728273602797894
0.00473379500402845
-0.18308215062082156
-0.13097109259890433
-0.28571036340361522
-0.24551265089673477
-0.39207252849548541
-0.32510888739509225
-0.49913521762099972
-0.35910327695642469
-0.59301196699125092
-0.33033763316242132
-0.65091712163949966
-0.24447764112961293
-0.69007756734182912
-0.12643586055796638
-0.71607122898982323
0.01142396074563051
-0.72111971285323451
0.15879267670337863
-0.72607576208013203
0.31521939348877726
-0.72953426127957988
0.47598951819428859
-0.74175016363857038
0.63600812037223908
-0.75532625354253491
0.78958267111059599
-0.76689223051714528
0.93264494416341603
-0.76199374072151582
1.05837467033788890
-0.74037080069998740
1.16283662024283641
-0.71339670525156396
1.24544262338331690
-0.68675003918394029
1.30559879939604473
-0.66467594969718313
1.34254004437018826
-0.88305279681024018
0.59666378351294269
-0.78113556797746553
0.58479331924308120
-0.64128439062249365
0.56213083335038205
-0.47025782578509240
0.53421605472108602
-0.27914280161229427
0.51027928195070704
-0.07048538987328587
0.49588678097279826
0.15096325227625507
0.49038792620801808
0.37795043832940278
0.49249843245593405
0.59974720105111123
0.50521907188279125
0.80513034893650448
0.53458612725704058
0.98145123855496952
0.58784261622775014
1.12230323021067391
0.66941053664932348
1.21690105457872022
0.77637946873314145
1.25520091611250262
0.89495219572007512
1.23305692769525366
1.00557331565140218
1.14485205707987237
1.06318830571142864
1.02066557689673676
1.06317579474262813
0.88367733537434368
1.01727506458784189
0.74288090889688396
0.93759467292175191
0.60309530079289664
0.82943871652612122
0.46440902596916683
0.69912972391491024
0.33090711116118637
0.55200153698029975
0.20258679063106005
0.39760936974444172
0.07990352417326528
0.24222828340012237
-0.03534883381930690
0.09510768159566431
-0.14598700566562700
-0.03716638461680294
-0.25686895938888032
-0.14550417885173278
-0.36971379910278845
-0.22067207406098785
-0.47916066495935244
-0.25326156438120551
-0.57224441139419258
-0.22399104891561394
-0.62265084218070188
-0.13837312176288305
-0.65034718535071734
-0.02143531115219001
-0.67109812907617516
0.11582567973019105
-0.68037634941357483
0.26442983029608658
-0.68678425184287684
0.41953875182415079
-0.68059086022547177
0.57544717207689966
-0.67302259213615645
0.72595311566108045
-0.66769396519816826
0.86728326086912322
-0.66110901154816371
0.99442597208818928
-0.63858151096644378
1.10161793303063282
-0.60191593263961718
1.18469881566917601
-0.56259490183019822
1.24375098686951224
-0.52765755543239057
1.28064218166940580
-0.49901954325597941
1.29511003379797907
-0.90666228572981666
0.46454380437812287
-0.80727532093902399
0.45476522908903450
-0.67034226957733811
0.43518459626756750
-0.50208438805594269
0.41222166655265469
-0.31608721512590493
0.39596617875140677
-0.11441972020103178
0.39024254982866152
0.09990695967974489
0.39590647042850363
0.32169783737833518
0.41179283411393658
0.53728312929711275
0.44046369124144602
0.73822694964932489
0.48642668710571568
0.91032163117296638
0.55547461179424917
1.04652014235249324
0.65144370661029316
1.13908203192691593
0.77197119806364911
1.18543669692397624
0.90088259076606092
1.17718408616393422
1.02463055475811426
1.11016572926079626
1.11187287519597255
0.99702602097117654
1.13625459548424868
0.86675988405425164
1.10647306537926915
0.73375411992934547
1.03516446435506682
0.60433295841455326
0.93159838648966264
0.47911536984163738
0.80322475030561535
0.35167101583509319
0.65834142151962971
0.23138092440582228
0.50292368726045455
0.11337902017374096
0.34688766038936081
-0.00643099328394577
0.20113768818179442
-0.12633453711095133
0.07355090486949126
-0.24801773790934281
-0.02881784502365654
-0.36608942340383405
-0.10150146968807697
-0.47826248338041610
-0.13373061495887356
-0.56762311221238682
-0.10620585070387716
-0.60817128933301701
-0.02097443595936851
-0.62512185372082540
0.09513231482510862
-0.63092208060083332
0.23132425775801668
-0.63286099222266223
0.37738432957310764
-0.63707206101215730
0.52902145300220715
-0.62166028484678804
0.67727782535445935
-0.59696583648879453
0.81695250934546026
-0.56979854263027652
0.94266540708732804
-0.53718555210460828
1.04924950131170225
-0.49024489202964139
1.13247380404354669
-0.43582849883769198
1.18973578908860511
-0.38482053030255620
1.22216680518339738
-0.34337901165841417
1.23378678155400956
-0.31638850850764211
1.22878773418247955
-0.92197434186050053
0.31916216680273568
-0.82412309317249521
0.31225635457516343
-0.68973611900971088
0.29687460416842298
-0.52735181775242801
0.28267582882505798
-0.34872247165202513
0.27359565158318588
-0.15418994151301732
0.27742162523682273
0.05303396537892987
0.29497927082292491
0.26431737181600307
0.32525048806644530
0.46640083928856274
0.37125470198507632
0.65442118470326460
0.43767031098065851
0.81896572324795092
0.52593623956252800
0.94879998788276243
0.63905903025086908
1.04186249213500992
0.76974102242428910
1.09193886328248491
0.90681902561882011
1.09548741635574998
1.04072892356120317
1.04966501922558231
1.15012846602128516
0.95675058947239033
1.20778821751620780
0.83537741132495147
1.19697497784839202
0.71147789043322562
1.13698911760534127
0.59315733414903205
1.03864606543460836
0.47788261305176433
0.91352080154987647
0.36170190005384589
0.76998963316182545
0.24665880600382700
0.61661771521718545
0.12768665719347641
0.46309684051450301
0.00273608190569620
0.32048738339504557
-0.12745311951504049
0.19601638663046850
-0.25944782107011305
0.09734810911453842
-0.38272833778251703
0.02519306992745250
-0.49628678266151582
-0.00744313265926164
-0.58023262573157430
0.01618072840181888
-0.61090507868484012
0.10102910312016206
-0.61718826530468374
0.21567823523156693
-0.61467181939966153
0.34969444099725416
-0.60944517426750844
0.49176431815067151
-0.59424208480655061
0.63556198916875573
-0.55698954404921774
0.77321664272089985
-0.51122366451706824
0.89816521957078999
-0.45428103252222013
1.00274967213501531
-0.38832538356652618
1.08374908626230404
-0.31305478239588136
1.14199763839728008
-0.24231958322467573
1.17291994305474678
-0.18930471292185885
1.17757104436203575
-0.14862019629119960
1.16475766781030909
-0.12561984026778997
1.14222385423821660
-0.92742978570757451
0.16395276352372071
-0.83394700030030533
0.15984145946381625
-0.70405999705630673
0.14927548501871493
-0.54960566071520400
0.14349498243092493
-0.38128853396635876
0.14388455747533618
-0.19958605765836934
0.15812791284629607
-0.00533213273583149
0.18667863200891058
0.19415615228582450
0.23347853424971415
0.38219250039839459
0.29721892603542693
0.55702476409431922
0.38340414795027211
0.71141041266280869
0.49164350109190297
0.83350732935314009
0.61996829015002042
0.92403168416998338
0.76142978095495661
0.97587158313803235
0.90984256069217340
0.98705606439872784
1.05388733400209866
0.95668580031985517
1.17873153560612454
0.88631150309724172
1.26427881690699628
0.78090077969413396
1.28228328922815393
0.66662262706366615
1.23893271117650983
0.56110259653993566
1.14767855888484926
0.45944834128704526
1.02679610140545874
0.35469002426821233
0.88683601517714983
0.24389045367487766
0.73588675708713658
0.12224030059629361
0.58588528541019602
-0.00643340547966263
0.44554128696733830
-0.14159146702791195
0.32225595117992950
-0.28035144648008969
0.22500081841957997
-0.40768604393624230
0.15233350925143932
-0.52360815722030873
0.11798831407972613
-0.60687213691950348
0.13625241913275613
-0.63074134302496265
0.21871658570903940
-0.63146112554649103
0.33115614567504581
-0.61846809523743318
0.46054806049308833
-0.59733726918261243
0.59596330561815836
-0.55322628787605355
0.72863826788947983
-0.48365504451049807
0.85056213260783542
-0.40321659289985912
0.95457817842625414
-0.30987473801626131
1.03571262590650504
-0.21462931984870340
1.09507785071312669
-0.11498043767406239
1.12890321667203919
-0.03606332616168905
1.12981581227394035
0.01194789720042282
1.10630802104687898
0.04714598940537900
1.07084413384672583
0.06433768628091782
1.03608850351374193
-0.91963223728921117
0.00276413317750922
-0.83181979565678998
0.00025381818076536
-0.71006005442142450
-0.00497849572179863
-0.56634801372549126
-0.00359024738046291
-0.40919395610276488
0.00789434003564363
-0.23986640745258139
0.03371243288296947
-0.06069072398344373
0.07604841703214457
0.12282523034007314
0.13563273448222374
0.29717287096838518
0.21654398761383856
0.45582425527176634
0.31938800629584896
0.59528027146097373
0.44603084338243287
0.70904142586186425
0.58940085206524462
0.79128623190561387
0.74425010013632442
0.84075752375166335
0.90297168230831204
0.85478004433452992
1.05712570499178393
0.83613361824105115
1.19512028963159755
0.78251551146576637
1.30307803943213241
0.69619791312435153
1.35511387478721290
0.59502787269832125
1.33331065029041684
0.50154158686691863
1.25217129742891031
0.40823216611399221
1.13764153168163995
0.30902637476933198
1.00386902656048216
0.20082559926209370
0.85736659975357832
0.08252555503545711
0.71123736679760596
-0.04468305316928092
0.57269110664218215
-0.17734774365340830
0.45022431533861562
-0.31096192463396016
0.34994209789909281
-0.43771781416229155
0.27662684108839353
-0.55359203399146084
0.23879201825468119
-0.64187026881711307
0.24999232850020670
-0.65796761001551662
0.32753099298502425
-0.64847704406085760
0.43483794503125078
-0.61877609820605062
0.55493148327984454
-0.56163946327918035
0.67554121921550558
-0.47668528852077674
0.78871665489994203
-0.37422885665374439
0.89046159938784042
-0.26143040895081798
0.97685470427287990
-0.14587070664428906
1.03787307550818109
-0.03504257025497966
1.07099577932510726
0.06558280580889193
1.07496672124777271
0.14559880939191450
1.04950729515103092
0.19733367070129940
1.00434233873573087
0.23194909902489477
0.95292068848707112
0.24787437019083852
0.90851096594185832
-0.89783087869113087
-0.16268430732573003
-0.81635091454038056
-0.16317682776942535
-0.70452869498911774
-0.16260534547324071
-0.57290538022153059
-0.15448262982891844
-0.42766862662710387
-0.13352849122685828
-0.27363375730231393
-0.09698330847596308
-0.11225641197433829
-0.04250415493987849
0.05372597337859727
0.03249193853876392
0.21265896871455847
0.12880995616810464
0.35381546265846486
0.24936035236674228
0.47576561787632043
0.39150565704957035
0.57608565830495406
0.54822338345467259
0.64953180072412176
0.71669994904034873
0.69321467876139808
0.88649904874746599
0.70809552035125367
1.05054244581301859
0.69611427957750260
1.19964764418489422
0.65524240860871774
1.32446928380992257
0.58782365504674494
1.40737688944377948
0.49937803300306444
1.41603188425047111
0.41565038790312836
1.34921452681887488
0.33121537842968818
1.24291692226701156
0.23830396076288396
1.11519089407067518
0.13509853592249207
0.97422135260296860
0.02089303982543651
0.83188315780765587
-0.09974176512593649
0.69698607334439200
-0.22406211131888995
0.57598159944116523
-0.34798709786573317
0.47365921339491229
-0.46709182827089590
0.39565623795507471
-0.57754147983458726
0.35256832036386859
-0.66592632987790612
0.35100271292107632
-0.66923455323427783
0.41802771042269210
-0.62858781490680460
0.50985613110293182
-0.55495013597139309
0.60796130308515528
-0.46403499585361757
0.70899036762282219
-0.35581914847292995
0.80720753779655607
-0.23372961969904443
0.89428045882628637
-0.10449391754104610
0.96244922222505980
0.02075660125959878
1.00000791946846657
0.13825780483652542
1.00609167996369608
0.23820584685296275
0.98377669710200799
0.31631910920554801
0.93548925321262033
0.36918737492298992
0.87369852340105914
0.40480702902031446
0.81030996418566625
0.41992193766176472
0.75829442836484084
-0.86515108248709127
-0.32900111554973382
-0.78917933782227989
-0.32705484084508946
-0.68560196477677038
-0.32163053587479928
-0.56375300468409006
-0.30672479399111474
-0.43218418760126392
-0.27788178423899212
-0.29502768904732729
-0.23142637630036234
-0.15202633348095534
-0.16491841211495903
-0.00735297504832522
-0.07416594033006305
0.13015349915461241
0.03705470617950543
0.25299858802994762
0.17184042089504292
0.35778272068720246
0.32703529207637316
0.44197378655209452
0.49680465602083507
0.50440300357206824
0.67764912990004844
0.54281959752030262
0.85938966289366625
0.55779821423392673
1.03366140297610554
0.55055830542631878
1.19359778926283933
0.52038388736909336
1.33338124044556694
0.46942561526930904
1.43966919875631882
0.39498230503124493
1.48376572164641263
0.31580862929028558
1.43705656380328017
0.23997386520825548
1.34022446235228965
0.15502772103749740
1.22001749666384618
0.06102514667326891
1.08636229817335561
-0.04654766253587014
0.94758174328518252
-0.15694489978039916
0.81548045573386907
-0.26859289259936975
0.69553529068786357
-0.37766743989120316
0.59114267581281699
-0.48036360921615334
0.50801010921523260
-0.57220546509962744
0.45445493858673741
-0.63224132036737746
0.42981866324652851
-0.60231141848262892
0.46719626972977712
-0.53455744802665761
0.53186320209371674
-0.44066637135062642
0.61057540448442460
-0.33402484900587698
0.69997606645933230
-0.21469549521231965
0.78487192396480432
-0.08425030191324490
0.85605713991166421
0.05110717312361739
0.90430672363038467
0.17876328278065987
0.91657807503462563
0.29642133847401808
0.89950651828168060
0.39539599462698000
0.85623931303919010
0.47100022316984186
0.79079370636472313
0.52306799639848844
0.71678836289258907
0.55507849306830204
0.64317753292224755
0.56909591787262626
0.58604004515283381
-0.82387906251155651
-0.49294249550076991
-0.75232079896696313
-0.48832330764490123
-0.65453675164546488
-0.47938611442517781
-0.54211839528730166
-0.45839193163649233
-0.42169538844346427
-0.42278541537272579
-0.30012796303399492
-0.36731545909658736
-0.17840428562434205
-0.28755555025164325
-0.05685774718726121
-0.18179189315727176
0.05881940379415537
-0.05851390199979762
0.15728518921065293
0.08814441760907490
0.24091365061137629
0.25577561743229393
0.30910404605274355
0.43794451410937529
0.36085528173959142
0.62864579576890189
0.39495811110694351
0.82064962388384399
0.41131543248939628
1.00511701124321218
0.40858864631280484
1.17670122419342094
0.38653093633205959
1.32859346364028541
0.34754100802608456
1.45312502033525059
0.28947025678818739
1.53045830894235357
0.21301219388153989
1.51398034552623817
0.14358804336012829
1.42858836253721866
0.06875790622729364
1.31644209676806145
-0.01477345549646165
1.18879999485817733
-0.11050030922566999
1.05554821465839788
-0.20702113663943630
0.92643339715667261
-0.30029998541131764
0.80548173773484888
-0.38717653859158402
0.69744381078974393
-0.46429958277918526
0.60593359700966476
-0.51985136364296169
0.53277521731724586
-0.54321179990877022
0.47103458714916974
-0.49528368313615473
0.46352570181678188
-0.41467410954888029
0.50358112740437688
-0.31231271087465440
0.56859902686858366
-0.19784331881846853
0.64507881437538372
-0.07340729666598274
0.71688926687358545
0.05945652363530231
0.77234178759824901
0.19407903912820310
0.80196884013277170
0.31877312006080855
0.79372200898738132
0.43352924349321237
0.75666943715357338
0.52906244274176384
0.69661050120338541
0.59990327108391517
0.61777296221753575
0.64726181354140055
0.53267966530756872
0.67597059921647262
0.45448000939937805
0.68779266943757134
0.39322564367277996
-0.77854443942612961
-0.65031634613994871
-0.70972123808826282
-0.64281255388847014
-0.61650699620281479
-0.63071984215723687
-0.51062053502354710
-0.60485994803221976
-0.40033310559474239
-0.56264695525456532
-0.29240756402861962
-0.49903744857276161
-0.19057974605571421
-0.40925010934485478
-0.09486281967945354
-0.29388860538485756
-0.00617754702493793
-0.15717818214487742
0.07098268981149256
0.00067254319350887
0.13321893454979714
0.17865059048434856
0.18417658372120829
0.37080111892525197
0.22679049856811534
0.56887750642852453
0.25642884692582696
0.76920620421688568
0.27311418428519557
0.96435225775460909
0.27387247373232049
1.14652159175656121
0.25832569429868762
1.31097136397442071
0.22826614428475972
1.45116877313094350
0.18349089128641838
1.55495863945188462
0.11625078311447198
1.58028105544510677
0.05111266538725032
1.51060353411788051
-0.01299906951265358
1.40519525884033447
-0.08384027986371130
1.28433625729049461
-0.15962751264675165
1.15414121991522900
-0.23333944597094444
1.02465818232869110
-0.29875704873689868
0.89995171250401762
-0.35076779437076161
0.78084326447937857
-0.39042647126290053
0.66668016977381206
-0.41637158449775574
0.56566571155041367
-0.41866803024141086
0.48020219573260281
-0.37002387251008151
0.43441708918070598
-0.28518141682014225
0.44439408140062647
-0.17899561327889876
0.49185982002426099
-0.06149455111714326
0.55563186761006633
0.06410711057150131
0.61414696316624595
0.19325286102892703
0.65527003312062893
0.32202837129530348
0.66562495801081856
0.43825749475633030
0.63788743029031647
0.54411647851419120
0.58425536236527298
0.63080703569563301
0.50926824644625257
0.69288648398127872
0.42142274239228872
0.73362716022833818
0.33082847379635300
0.75771786991545387
0.24973964507166568
0.76824091290316943
0.18668655874099752
-0.73241345479202413
-0.79675311635675294
-0.66384438897148779
-0.78603723638214118
-0.57415391421007889
-0.77051525101471174
-0.47367929207769482
-0.74241675153872688
-0.37032204379724731
-0.69562620856444624
-0.27344152872424005
-0.62567555796338303
-0.18982248759114459
-0.52869716811694334
-0.11977477077625370
-0.40479835039463913
-0.05824586315563668
-0.25819696069872627
-0.00323584097000478
-0.09198790892389971
0.04083419216283021
0.09463370114752850
0.07655235336987359
0.29453534189748098
0.10711802259871928
0.50119394113577564
0.13171795377356568
0.70774296446562568
0.14668359584919702
0.91002243951399753
0.15116917642523336
1.10314891996064102
0.14138605134717661
1.27974622349571243
0.11799624488512159
1.43455705394308941
0.08529188992790550
1.55748017413426765
0.03553635152675373
1.62671875376963038
-0.02573452377892382
1.58523527617783033
-0.07248188258737324
1.48965048638442288
-0.12027454332092884
1.37416307149393280
-0.16426373948833842
1.24397725662984993
-0.20172631538356411
1.10391138675270262
-0.23257456841958582
0.95864600076142470
-0.25560004608488351
0.81619203067478241
-0.27453059912528777
0.68383160415817279
-0.28257795784416539
0.56613983060096784
-0.27287457695443396
0.46460765941251397
-0.22783291707596845
0.39175109426176785
-0.14662049818638731
0.36932521043321898
-0.04244568071522189
0.39197439770269943
0.07478811341660957
0.44011507781966203
0.19649467083104133
0.48625369951344510
0.31801250420876503
0.51204208755580249
0.43652035700524894
0.50606199479532388
0.54013621860148653
0.46221508841527686
0.62935789129850084
0.39315930015822964
0.69886683467586030
0.30698717290431660
0.74842615210233610
0.21262496202443948
0.78090400827540074
0.11821437388803054
0.80094888723172475
0.03487012839810415
0.80888892141819035
-0.02923161888614382
-0.69115098352041160
-0.92787979718231339
-0.62065868830563586
-0.91511091881866391
-0.53073550383132895
-0.89711512991246956
-0.43258695797248542
-0.86667241034085474
-0.33477773236248454
-0.81840211320025447
-0.24651249367959482
-0.74463102654768276
-0.17606441613900300
-0.64225195570020277
-0.12689850207525047
-0.51279457148668783
-0.08955217999036592
-0.35986227305901902
-0.05597205045022190
-0.18761692709594296
-0.02783062316093722
0.00452337720166421
-0.00646913815988556
0.21104718395301234
0.01421925574901557
0.42217146111135884
0.03133601136760139
0.63524567930181930
0.04230107310507437
0.84639306425174587
0.04634064324291857
1.04873527238231956
0.04335233369806021
1.23654316414609688
0.02898912436830768
1.40351339464669000
0.00664175916428974
1.54359886371589616
-0.02048089249738432
1.64264025244794598
-0.05440996916337086
1.64928574087111657
-0.06748150900467646
1.56148785737825069
-0.07991360752774744
1.44069295001165054
-0.09208527222553363
1.29680082609435887
-0.10407744032047857
1.13729325153596017
-0.11924663440095966
0.97649370349124098
-0.12669093267541515
0.82044497747817313
-0.13124995042797619
0.67533278930277718
-0.12897689814599878
0.54554100808824735
-0.11182427005987372
0.43133044724018993
-0.07026755051910737
0.33876056786711645
0.00273009196267674
0.28599520958412250
0.09979489635795370
0.27935537046059938
0.20984494816837460
0.30776392815385983
0.32211312143998666
0.33873063963670919
0.43193345916585946
0.35247845420064089
0.53597675020842661
0.33324316768406381
0.62220635231318222
0.27573011715644280
0.68970850360988278
0.19422810789536449
0.74157780200651213
0.09968648740110260
0.77591534795106420
-0.00082056351143942
0.79836359789427203
-0.09847026902074774
0.81292531665852541
-0.18245987745243394
0.81545307541378753
-0.24982896620135620
-0.65632235238356351
-1.03762243711843172
-0.58576180840210701
-1.02361034080594560
-0.49646053321950434
-1.00583087832581475
-0.39654253744992995
-0.97707047813217940
-0.29912865427245811
-0.92813495852865191
-0.21614407308333239
-0.85269087446267955
-0.15257515399974902
-0.74725695567835793
-0.11492882832104333
-0.61492328850563571
-0.09432754880272340
-0.45883795709882502
-0.07746887529091490
-0.28190378976410874
-0.06397843032865055
-0.08744059699150863
-0.05282557285338774
0.12040168567659841
-0.04038919344323585
0.33494665569467580
-0.02808421083674192
0.55327744183980887
-0.02067272987003210
0.77006777568971851
-0.01480049207057012
0.97759728483414432
-0.01078544147399133
1.17193358175211326
-0.01271589580364110
1.34574331072285025
-0.01334256783860805
1.49288281304097548
-0.00587543112747725
1.60616659408058915
0.01056434434467174
1.65811245476102065
0.01918064081887153
1.57432714691092701
0.02305129066028515
1.45216688198730814
0.02556595272640319
1.30476651151454703
0.02627270984165189
1.14023180179995243
0.02368580564248698
0.97236496933539251
0.02523539815778288
0.80771213341303139
0.03010723826679824
0.65148396178092338
0.04103189220964702
0.51314879630927368
0.06214775953680134
0.38686484301580376
0.10186030435354469
0.27902275821760281
0.16225446304177565
0.20141413271538744
0.24230696754473074
0.16128497672113046
0.33811006030898805
0.16390185497058965
0.43661540949281596
0.18114654722849419
0.53169930988965186
0.18220184390562455
0.61677125951846479
0.15218293942640201
0.68286771878321617
0.08442403794300919
0.72828636599698604
-0.00672058349086867
0.76063134933831622
-0.10891537613445024
0.77843261671104957
-0.21399176758876434
0.78998448740254590
-0.31331959182080510
0.79536256846767373
-0.39701940818879056
0.79445183342899250
-0.46195652319636032
-0.58799598307485468
-1.08779984632231530
-0.51579945326259657
-1.07212366327851383
-0.43552358737279306
-1.06402903596597231
-0.35656186532975648
-1.05502120483504780
-0.27297804054224817
-1.01914969771436392
-0.19020747057613838
-0.94668117883711689
-0.12721969098189440
-0.84122674140810894
-0.09090902301518837
-0.70797125449846088
-0.07397802914640471
-0.55056941385592217
-0.06307562125658991
-0.37179218547159198
-0.05148759516765294
-0.17580510262105814
-0.04270883861381432
0.03074597567246440
-0.03086149913202022
0.24684878933955745
-0.01780574752118130
0.46750261304791157
-0.00566198358955539
0.68709308047011453
0.00525263430567270
0.89842804857950687
0.01307315128659372
1.09753295333581447
0.02242091081816245
1.27992327261408212
0.03939621683069657
1.43753826880343460
0.06590697369750337
1.56417252254568662
0.10393118564052362
1.63283557277511426
0.13404039150582264
1.56144788899495301
0.15164070379766736
1.44244457989556496
0.16580077203107221
1.29399767382139408
0.17614863396142255
1.12736068122442812
0.18452193793113669
0.95610011296494923
0.19399635693300676
0.78576977651914481
0.20553582482628074
0.62111717454126136
0.22236730111486358
0.47248198019491594
0.24544788347779256
0.33816797893781037
0.27972168868883956
0.21754221011565328
0.32726616689762955
0.11909860615219175
0.38686680110295429
0.05139464150350077
0.45939623706030291
0.02003572268067150
0.54052046147762822
0.01681392191805424
0.61750826463283670
0.00538537647710938
0.68170442240714946
-0.03311894731565459
0.72306355177191761
-0.10859933816050940
0.74585621306047767
-0.20580252471742352
0.75933023254918119
-0.31156452264204387
0.75856860259996228
-0.41711531587064415
0.75806030539950731
-0.51326453185726773
0.75477573059038050
-0.59475517662395472
0.74901174370537016
-0.65737439905302530
-0.55244585781297639
-1.05584422446256276
-0.47802463156916264
-1.03954877488791109
-0.39057974033648057
-1.03946512748631292
-0.30514038141273847
-1.05362200393983829
-0.23379708792218606
-1.06522878695121093
-0.16943921650539509
-1.01644432693336229
-0.10409885500227944
-0.91721850081460221
-0.05993654917928988
-0.78443209292783667
-0.03288023822441137
-0.62567884370938953
-0.01441082936424898
-0.44539061988451917
0.00481488698506292
-0.24876151493345508
0.02420709406053114
-0.03951880644492779
0.04281387268665924
0.17869043022495470
0.06080744011860498
0.40423148109174101
0.07888613895619576
0.62763679559833585
0.09204762691843665
0.84480751126109710
0.10007379658686041
1.04895637993977786
0.11426070609360821
1.23830845570996595
0.13876481259096685
1.40352106526099285
0.17425256773283199
1.53651722870626339
0.22511184832840442
1.61405727606903215
0.26895608081299954
1.55198164650181147
0.29791974534640220
1.43491216642284369
0.32080709089658771
1.28692569732997830
0.34014690669112091
1.12049512967864229
0.35666677473171160
0.94265439408099727
0.37284809958035336
0.76491365299743574
0.38864228746200313
0.59307590428299750
0.40936774600889486
0.43482253828682255
0.43270249618826523
0.28986579489511172
0.46058739459517872
0.15823696010835114
0.49450366962957176
0.04423871033638348
0.53580396727975343
-0.04816669453943027
0.58321052709207233
-0.11124391087491192
0.63650964061003090
-0.14950413699464141
0.69269158179127810
-0.17650417446168393
0.73063039989494194
-0.22144231776278803
0.74628670248655338
-0.30014177153968030
0.74201515274939334
-0.39770518703041502
0.73328412681907729
-0.49952589478223797
0.71900553810001755
-0.59820486208359869
0.70596839245966991
-0.68903218316410786
0.69248065254349223
-0.76706194779641890
0.67992388556912264
-0.82727252994177747
-0.56694761592018650
-0.98095797556105291
-0.48883436074353653
-0.96474517402209714
-0.39428444709295452
-0.96930284117717569
-0.29787671171131469
-0.99337533151628998
-0.21112239801224059
-1.02563587496350350
-0.13757425507133267
-1.03602538147606071
-0.07120840698196276
-0.95729444251565143
-0.01292871270756247
-0.82918715253153152
0.02949076138012984
-0.67139378989264242
0.06051264178095771
-0.49117238431646287
0.08911342147128869
-0.29372247642514904
0.11952009861723666
-0.08451831383824245
0.14862119808120822
0.13580791721597302
0.17344692865974592
0.36360304004775773
0.19737766729022019
0.59329408927542004
0.21694915367028933
0.81685996028431651
0.22943626650705351
1.02873050252510656
0.24262642199995699
1.22110786515657344
0.26776585896833877
1.38957488247160521
0.30832242985061592
1.52392074200647420
0.36771860317161070
1.60310952894344005
0.42081404320837656
1.54685739009092371
0.45699761395361316
1.42998735338562533
0.48611175267702567
1.28221568214882864
0.51231618877029428
1.11448708841722843
0.53477202784761624
0.93377127999570242
0.55566303521266458
0.74939470054024870
0.57587899541681253
0.57004584290799054
0.59706773311252659
0.40131848586956775
0.61844588901369779
0.24683547929786809
0.63929714766602941
0.10414496889456751
0.66243978482788834
-0.02474208034440013
0.68742043416202470
-0.13741644671364714
0.71190718098236372
-0.22988673116646521
0.73452654903482606
-0.29918612591456661
0.75958753564299775
-0.35373748111126940
0.76600899895526486
-0.40856514048656284
0.75155992604723443
-0.48415875173189182
0.72510054511675937
-0.57176000427213947
0.69406358623291864
-0.66085243503300339
0.66141980970358005
-0.74782806187939888
0.63040652318080947
-0.83133846645188569
0.60226632176570094
-0.90247530172111867
0.58097041330558452
-0.95750385138268290
-0.60355855636512779
-0.89636650077423663
-0.52205973030063491
-0.88181179471270765
-0.42033451746439560
-0.89089564993136827
-0.31521857316254775
-0.91981684310305167
-0.21396376402866574
-0.95886240843336534
-0.12133792303664975
-0.98656554458880863
-0.03374676110857013
-0.94426545951988694
0.04232487299418611
-0.83313243657407121
0.10179504837613375
-0.68330385618137046
0.14815246198271367
-0.50789609783451195
0.18904837896461771
-0.31368387478688364
0.23071420642115628
-0.10548216666813015
0.27106024519209942
0.11389593519989251
0.30697241067918968
0.34324827603623770
0.33626325646941269
0.57447764939976376
0.35973036340025916
0.80177982568464901
0.37589870526573832
1.01658389841181607
0.39060489421014033
1.21287688451887976
0.41468911304740019
1.38383535529218893
0.45725966520005845
1.51954377196001711
0.52356828370754449
1.59744596951973383
0.58448671184691137
1.54577034351360343
0.62569114391811742
1.42957873127582880
0.65949948386368451
1.28012807485966218
0.68964961676799097
1.11023718084090217
0.71536620064311007
0.92647130824008084
0.74002356847216355
0.73796165194405194
0.76169649278816598
0.55224012453969340
0.78214582758453988
0.37470186335924482
0.79967370771866308
0.20901469039554565
0.81490682624584299
0.05537118022472593
0.82813209649567454
-0.08862014940974480
0.83898310237789619
-0.22038264950657852
0.84121831069441300
-0.33290748332733455
0.83624773406374131
-0.42732649550211771
0.82379350732166901
-0.50340295784338951
0.79348512701045615
-0.57046411952253739
0.74817972471873617
-0.63832035997296377
0.69412312619711880
-0.71065406348269422
0.63621430957217162
-0.78441568640166970
0.58114391617325323
-0.85696323533465590
0.52771668017794848
-0.92447726869650904
0.48363944715495333
-0.98615230644439489
0.45460584369301171
-1.03715125637601102
-0.65339324364906315
-0.81048967125746707
-0.56893081960685465
-0.79967582120262604
-0.46076876711702364
-0.81120676823552618
-0.34581155778120926
-0.84462725122240245
-0.23133957981860404
-0.88684984261781086
-0.12117775520388151
-0.91895027636948334
-0.01101428930630720
-0.89842076827145301
0.08979993559261006
-0.80587014552899539
0.17355358520191647
-0.66871361262307782
0.23923070183663356
-0.50058487791370498
0.29503786364829204
-0.31287079802380952
0.34945372790444196
-0.10870545560061483
0.40305386025993117
0.10717002112411586
0.44960297304023417
0.33289876638758198
0.48718782783143805
0.56316194363663818
0.51461483658778451
0.79168482158929121
0.53199326861769292
1.00898461556501928
0.54872595182790129
1.20779393414837544
0.57307428265496585
1.38018602478285701
0.61639677812887095
1.51588250080647602
0.68785177581765311
1.59163585229474625
0.75436059897286156
1.54490476075225591
0.80071883822727719
1.43055062537589883
0.83786563706114159
1.28023913721601357
0.86987441949521960
1.10791047332175019
0.89724155754995349
0.92039441200777128
0.92110874951668953
0.72835741502565421
0.94122764637436851
0.53741189618973517
0.95846442233005091
0.35450749580091040
0.97101377583060067
0.17972206478925168
0.97964492773640266
0.01378206958126905
0.98315979351546978
-0.14491791798973339
0.97740217256629747
-0.29032818152530115
0.95760646009741412
-0.41896317826646173
0.92476098618361080
-0.52999037963619688
0.87653002718802864
-0.62234146390589751
0.81155717310615227
-0.69382276509455199
0.73161218929874572
-0.74980581860846329
0.64473154106087471
-0.80397618509586999
0.55961336607348278
-0.86096145196164620
0.48106029225631264
-0.91648158248470346
0.41053334720505680
-0.97140810143720857
0.35315019481350696
-1.02364620137059492
0.31626154185195227
-1.06921239521413325
-0.71258909594153574
-0.72863801445551268
-0.62432651746347934
-0.72126738561118386
-0.51098183135963815
-0.73848294951876969
-0.38758905337447908
-0.77568390433359791
-0.26179089514706821
-0.82073993223558861
-0.13211892116615018
-0.85094730450736433
0.00309440763454751
-0.83583847617209606
0.12863816676074399
-0.76159746387654814
0.23760554752829888
-0.63835030793018488
0.32697856924771845
-0.47946268990834084
0.40301413694360039
-0.29825068039715352
0.47201434522068708
-0.10088721879305132
0.53897486118413873
0.10968280615246960
0.59779184744034142
0.32992888049667474
0.64329562225274106
0.55706209875024160
0.67570917272858533
0.78347119973507784
0.69650842815988145
1.00138943946174042
0.71654642547881942
1.20204958844432941
0.74124705834585014
1.37617354254501634
0.78425640974570610
1.51187467832168698
0.85858768958135967
1.58626884355083142
0.93037232356006694
1.54478046720547946
0.97972541872828911
1.43130307794179301
1.01638706213098406
1.28171167874268299
1.04898056351280022
1.10874883819835923
1.07532571144632749
0.92020981076999986
1.09685116536804639
0.72552338924298687
1.11251215282816518
0.53067409350702177
1.12344388512947857
0.34209857111046277
1.13096336011241783
0.16045942688268011
1.13233067435935086
-0.01436670662551577
1.12482570273006055
-0.18154063311330171
1.10295885900204471
-0.33684967960278023
1.06191558964059651
-0.47744821535932158
0.99923077883964184
-0.60020640228136912
0.91520368029565169
-0.70006510468329342
0.81150274219053664
-0.76806399205315512
0.69533076910002767
-0.80627540414533494
0.58128213640717163
-0.84146913434446280
0.47551419448827170
-0.88307797587106773
0.37903550613641357
-0.92576807498472657
0.29362061425872132
-0.96874453672159277
0.22433656404349633
-1.01210175853363271
0.18040424244947265
-1.05397156542159531
-0.77908005538711611
-0.65870503401454439
-0.68738809790316213
-0.65767802687858035
-0.56997350260154900
-0.68262708325623012
-0.43585697992191452
-0.71808997342135528
-0.29145981401363791
-0.75327824258263942
-0.14118735189703677
-0.77707447592287915
0.01140763040254996
-0.76950431370077632
0.16085175154499851
-0.70796058707929066
0.29407891098113803
-0.59903360225781288
0.40975764816514648
-0.45075291735493639
0.50785407076091404
-0.27842636257708681
0.59500631735131093
-0.08730012962839545
0.67616176847562182
0.11557710444765400
0.74681151730034256
0.32911020017718262
0.80059274959912063
0.54958755421452743
0.84033036457711152
0.77149596570282675
0.86822163729923241
0.98805552105118077
0.89366964724052500
1.19009872362391067
0.91979280445789002
1.36555385025624765
0.96229949047223473
1.50331180980025048
1.03427826639008091
1.58228847247575111
1.10608918236680709
1.54790937273954055
1.15421190934922913
1.43577604963355698
1.19143616919768291
1.28745860572209825
1.22274295777587771
1.11612964858027008
1.24576740576009315
0.92817617091359872
1.26313546085889694
0.73286414733757055
1.27189908486784264
0.53691874035463361
1.27617750782683959
0.34411302488654699
1.27640121142089891
0.15746598980713825
1.26978316294772497
-0.02162694401726581
1.25346889398896111
-0.19177200133138256
1.21766583644127069
-0.35018283620642993
1.15648508569310349
-0.49078019740350670
1.06627484450214771
-0.60560808289397228
0.94430392768327676
-0.68461320153560712
0.80109614881198077
-0.73106812163663071
0.66060243489945603
-0.76888872734828684
0.52804262746378117
-0.80468140425509682
0.40506850230516994
-0.83998559915230619
0.29255588396897286
-0.87540995096273000
0.19354066827554109
-0.91322752722077605
0.11387392919497777
-0.95485692425893876
0.06398525198189686
-0.99768838913957980
-0.84353874590171329
-0.59916167768275452
-0.74916489715735335
-0.60079637831442523
-0.62237126205841120
-0.62087940584929724
-0.47455219165235274
-0.65077709820067053
-0.31541727691100363
-0.68249244603833181
-0.14825293454429023
-0.70260985734486259
0.02291775293085732
-0.69702048280879114
0.18944443773805789
-0.64958120694328458
0.34493508208303619
-0.55794421195532784
0.48509470278241201
-0.42300968594155425
0.60696364852306550
-0.25932257748085918
0.71352110133402191
-0.07640748611599528
0.80882193849980055
0.11781374854936004
0.88899876671651146
0.32279213557832864
0.95458967452548171
0.53638452518547941
1.00456543984839497
0.75375613613310832
1.04257084537804245
0.96714710917380631
1.07446600730178110
1.16801158352111667
1.10328330514344808
1.34403200241750964
1.14440317775128642
1.48606472376043386
1.20890811996166403
1.57343744153909348
1.27786636244627294
1.55123674563798231
1.32130732839209930
1.44294773865697268
1.35657594967700357
1.29689500532739910
1.38525508393609798
1.13028864635880710
1.40588591656971040
0.94665362609678050
1.41667981507896834
0.75397335902194051
1.41846353778494572
0.55790568855410139
1.41334995696096688
0.36499697102150563
1.40484446864027301
0.17845340594693293
1.39014948975305286
0.00037591372401852
1.36425905212698617
-0.16768391543787578
1.31411181202898697
-0.32033258145000137
1.22861538548734384
-0.44799667550524302
1.10614004791889853
-0.54257240475374702
0.95276519337380638
-0.60035946594481970
0.79509884095849293
-0.63811147340453778
0.64280354436506415
-0.67433385421668091
0.49788371423070754
-0.70839598990077546
0.36167874833118152
-0.74304501916721011
0.23646819435105712
-0.77949303130543957
0.12527290818238615
-0.81764361291519616
0.03478735201563789
-0.85970509450065391
-0.02303262193081520
-0.90256312283089735
-0.89577785119804987
-0.52972682477521271
-0.79795572873325415
-0.53321662401700465
-0.66437144367320267
-0.55320131497704839
-0.50784698292087604
-0.58237122917975703
-0.33672847978606518
-0.61226770804606123
-0.15640210800546603
-0.63352260035395225
0.02956289082482917
-0.63264873445739322
0.21290713991895432
-0.59871301274529665
0.38858952779472661
-0.52184908064429780
0.55076142911404324
-0.39999393715061893
0.69742611598224413
-0.24643178563748430
0.82310501541414927
-0.07285938969101494
0.93039851519391892
0.11255311910229730
1.02199495246647776
0.30935020729221380
1.09907396481748920
0.51563282400923327
1.16350850170125231
0.72649582096706844
1.21380988741298834
0.93578672408924646
1.25399735275311164
1.13418739555209314
1.28581147849615296
1.31129479754042366
1.32359670354076031
1.45857330479854119
1.37686960068060049
1.55487611371617640
1.44005859910740108
1.55267713181118938
1.47640573108715811
1.45320598424565928
1.50843705066191780
1.31295951289113355
1.53173653012792488
1.15147439393524964
1.54736643757109071
0.97420061343249165
1.55234973181536873
0.78689085135904857
1.54523520872191278
0.59555343960423313
1.52911145578067864
0.40597057068226117
1.50836717715603696
0.22411117610290454
1.48472785334744883
0.05001999667803116
1.45003057311864514
-0.11172909428883092
1.38556385160529905
-0.25547791570927736
1.28250432572721107
-0.37066977004188756
1.14539044194815198
-0.45133188399618757
0.98344288678498115
-0.49836199459244152
0.81254752529876695
-0.52538753040582464
0.64839424163152282
-0.55650733415400100
0.49343750837056122
-0.58883220145424686
0.34800715346097966
-0.62430161819777519
0.21300397916323621
-0.66144968986174868
0.09163844352115855
-0.69953239749018981
-0.00770921552903369
-0.74065064355068277
-0.07257501497440912
-0.78395656816382098
-0.93364048435528735
-0.44949523942071767
-0.83479256316929229
-0.45751154035385888
-0.69831460871086415
-0.48248274061308549
-0.53584661449196958
-0.51518782906147220
-0.35726016421392204
-0.54818289182533342
-0.16752574971880518
-0.57238204014544702
0.02975655268666031
-0.57819779857653986
0.22776879138043060
-0.55523572324059445
0.42023252100191766
-0.49290857188355258
0.60332548999618729
-0.38578524607455855
0.77165958234692178
-0.24426548448985946
0.91485829529991114
-0.08055352221317300
1.03613920375803836
0.09871821643390963
1.14109480163081534
0.28894036704129894
1.23169859798829529
0.48859961882756253
1.31053345215445205
0.69351666420900793
1.37429129698853125
0.89725219323344108
1.42263650780084605
1.09136830488517877
1.45854846515071701
1.26823780052771440
1.49143830019843948
1.41938934371535219
1.53220458535807524
1.52581400343092044
1.58689198503558360
1.55065562942560531
1.61493329867535507
1.46219944937261892
1.63966512256216324
1.33200394889926610
1.65584409029381541
1.17829275420566049
1.66466585056424621
1.01014698758595989
1.65993045359721347
0.83264281279369545
1.64123943276742601
0.65025159210670680
1.60849734602508798
0.46970249515435619
1.57187571763474154
0.29644044480869136
1.53843755814808403
0.13018519243699803
1.50349966011201341
-0.02620867815502595
1.43932809930135286
-0.16489584934372567
1.33472549663042739
-0.27397445486622013
1.19462393571065495
-0.34699756462090503
1.03011211606048891
-0.38580358655935298
0.85582935454042941
-0.40651814059748437
0.68380570376100513
-0.43378838732869568
0.52117416691272911
-0.46542003768037299
0.36759178991042413
-0.50067457108853408
0.22448839825960876
-0.53779390253366588
0.09560270270504111
-0.57448145008367923
-0.01173856450070110
-0.61409806971031766
-0.08246264590478554
-0.65693126574534944
-0.95413538782701024
-0.35821548300516853
-0.85543241760512334
-0.37228968540333290
-0.71907158133604765
-0.40493918552284036
-0.55745613406913486
-0.44550722659118608
-0.37560992465355564
-0.48580205760718448
-0.18092789271194101
-0.51570900293214794
0.02422857784481018
-0.52667942942554069
0.23328132184489211
-0.50937803625966915
0.44153674918512414
-0.45795594403017997
0.64051184687107976
-0.37000490205866221
0.82625001703551948
-0.24653742726228192
0.98602205013368893
-0.09171435261572849
1.12229477225751051
0.08132509670816913
1.24212031793718780
0.26652803673846598
1.34803516601482420
0.46087028891596998
1.43970465152894089
0.66019563375352630
1.51410697398058791
0.85773015936217079
1.57247485764122130
1.04575088725802834
1.61342474796388613
1.21961067382179222
1.64011499870578104
1.37142124634846763
1.66909968938213726
1.48735997072152459
1.71125336784607041
1.54104925221165856
1.73084135201964884
1.47028695207703786
1.74296002101271164
1.35329501134208097
1.74734119870629789
1.21237303053043055
1.74131706380381601
1.05732620728541149
1.72063380848055414
0.89292152456455343
1.68494683685365954
0.72468203137372700
1.64018450936613491
0.55423569776765502
1.59879348494607676
0.38759981111055403
1.56733947856871159
0.22714121753523792
1.54434199819674189
0.07478095116885188
1.49118580088830677
-0.06243411925016836
1.39038668072978644
-0.16793234833780449
1.25111996877009468
-0.23521734536475700
1.08844500086097895
-0.26912941340506014
0.91546864690095509
-0.28722224255573481
0.74079993634200214
-0.31186591873354302
0.57349513556730658
-0.34252758115709397
0.41442044669882827
-0.37775777767573709
0.26575170993927766
-0.41485426509048573
0.13091617384722484
-0.45214647031129696
0.01823488826532331
-0.49131623113312056
-0.05634672634031149
-0.53263855274120109
-0.95561045727688521
-0.25752743533956590
-0.85844188396362475
-0.27735723473615087
-0.72504825478722235
-0.31746332215020323
-0.56603740496952404
-0.36722118192483932
-0.38836931618685139
-0.41635488811608462
-0.19694152176473395
-0.45359892803951091
0.00864660619981368
-0.46731666204579203
0.22193273367761782
-0.45364042470027505
0.43806632199840134
-0.41029504883398010
0.65136994590057296
-0.33550671941732074
0.85494198584822356
-0.23013675790421861
1.03251105586276437
-0.09237664626525884
1.18637524537171934
0.07095870398648872
1.32151926910319517
0.24851194587127801
1.44125858878160762
0.43736676122096257
1.54671851937614857
0.62927966839491389
1.63235133426904011
0.81901696465715967
1.69784910445703963
1.00128309094003609
1.74051123559776055
1.16965359330126684
1.76224130164343662
1.31963162415487711
1.77873412994011160
1.43965179498716478
1.80459867298951671
1.51631787608486124
1.81574252533776437
1.47684126857350462
1.80136879381038995
1.38031676883192378
1.77089598963402617
1.25943920216273586
1.73740349901773516
1.11973286846203801
1.70576264840250258
0.96696434736626657
1.67117463671302602
0.80690437197980436
1.63569352112949629
0.64438522641312324
1.60892259584747332
0.48487999673810384
1.59166499535834216
0.33018161926227735
1.58290170580085654
0.18105183925778157
1.54692698927106465
0.04377915949634810
1.45305540532322630
-0.06064649557437710
1.31784746908302108
-0.12418354422788781
1.15958231484187468
-0.15547583735466328
0.99051064619534213
-0.17280272485822268
0.81783423525959353
-0.19492033938830758
0.64705472447882928
-0.22557840732268880
0.48398450271409466
-0.26216059686255322
0.33209226527961122
-0.30144644214483524
0.19349945089231785
-0.34015820864877139
0.07972974797756130
-0.38054015654483109
0.00332273833709581
-0.42220402828441328
-0.93745260023110988
-0.14537143776338554
-0.84294251345887938
-0.17104636236922993
-0.71497179185006110
-0.21966973362626632
-0.56463556978342100
-0.27657302325232652
-0.39510458383877833
-0.33197239004399975
-0.20714385294485824
-0.37244348400760519
-0.00353468633726603
-0.38881418898733205
0.20891957841240757
-0.38098234935990893
0.42575389813959102
-0.34451164385372784
0.64236352940891372
-0.28015562344710970
0.85477782908717836
-0.18625058229854774
1.04882401861640884
-0.06630706567992767
1.22030712501656913
0.08048074422094796
1.37216451091566971
0.24325952540519574
1.50637545792766980
0.41978297320871671
1.62275233461665658
0.60163141077115234
1.71747839574061190
0.78354210499106280
1.78640351420236154
0.95783774234032093
1.82961462887255788
1.11941511415254213
1.84480492531873685
1.26250329639929237
1.84812082797386745
1.38025987631882829
1.84383674924454000
1.46140670145475760
1.79727011199901376
1.46506815098250853
1.74874270904879348
1.39991460111237243
1.70642923237776167
1.29644858311920919
1.67294096883070287
1.17151775435122363
1.64738977156253008
1.03326231033778271
1.63038053693170149
0.88454566592393746
1.61826596828940206
0.73195762804626530
1.61605314461662442
0.57937889609498283
1.62339864021562374
0.42966326288602391
1.62800204706385943
0.28509735379808232
1.60629418334883267
0.14883713836739640
1.52314384783718348
0.04160456835467007
1.39339178337103209
-0.02054980183465725
1.24143416927243266
-0.05237520370036252
1.07870033967151691
-0.07071024694494076
0.90920086623907825
-0.09187730687897619
0.73928417270626934
-0.12298664564586298
0.57565960269599348
-0.16473974249594162
0.42458252641857602
-0.20978303486268812
0.28796038797727397
-0.25440898469426948
0.17608299397105254
-0.30061815465655872
0.10478804564657980
-0.35004264064096557
-0.89943740894949320
-0.02350338679325665
-0.80879954579239377
-0.05381105191324164
-0.68936174029188702
-0.10826300133425192
-0.54788915738262345
-0.17125284766825008
-0.38844879358424000
-0.23046310732446063
-0.20848251468651638
-0.27415692133398750
-0.01228887342781359
-0.29620757380855806
0.19273615918507928
-0.29212567373986581
0.40130185174743277
-0.26601451376480556
0.61138793298350702
-0.21472270638944127
0.81678603456455290
-0.13446168670266423
1.00650335682138170
-0.02669370596292015
1.17734814404217292
0.10691355949551538
1.33262473610076038
0.25644771401962241
1.47318271389855338
0.41621655695728371
1.60088734439194091
0.58226028107879813
1.71295969391856451
0.74978524815407710
1.79751548589793164
0.91263842754446489
1.84962906818267347
1.06777775379321338
1.86503795076857171
1.20746992856302660
1.84094701154896123
1.32291807262336047
1.78950984669093249
1.40850503927308024
1.70775477010460430
1.43312842684301334
1.64409657870318715
1.39985207743124729
1.60552290225363459
1.31535659861918486
1.57345035148541346
1.20613667027333316
1.55759138404490649
1.08080419788477333
1.56614486309860168
0.94635821323172498
1.59178852525141212
0.80665854732609710
1.62215073597879611
0.66390960512267194
1.65351143751596874
0.51899423756004948
1.67623114864464440
0.37834357861115431
1.66826289624808410
0.24378294539195366
1.60025296385802140
0.13267295805718124
1.48076541932522843
0.06687684819832276
1.33822090662221327
0.02884699305438748
1.18276494540411425
0.00435987248865733
1.02042132313576239
-0.02026593676434637
0.85588391245096052
-0.05597774420721226
0.69466821705741422
-0.10589779943089463
0.54628151070469222
-0.16580391740312928
0.41610940775318783
-0.22663135216435415
0.31017222377396697
-0.28569490728853869
0.24238272872388375
-0.34262210766504653
-0.84800616920726990
0.10401569334321334
-0.75972342426752126
0.07210420366752235
-0.64515243241092946
0.01590214298978959
-0.51495946118041391
-0.05083305993513516
-0.36769379832678578
-0.11388816755987781
-0.20065230656692107
-0.16160367222583205
-0.01624560692227229
-0.18949076141394217
0.17621685222227115
-0.19387103445889681
0.37353583441742433
-0.17554843992056920
0.57126018651046573
-0.13298040732025090
0.76438365583793377
-0.06210324396922035
0.94397108974958521
0.03592285012091395
1.10668493072706831
0.15845339877900083
1.25599383110480489
0.29681234632330555
1.39257572486157466
0.44538217076033448
1.51713313657169047
0.60094248307487197
1.62822440176913807
0.75890050539325138
1.71503477732528209
0.91314360949914242
1.77057396981492876
1.05839713046831063
1.78573685411666783
1.18981635932925989
1.75964439521897398
1.30285288024586632
1.69551381934397050
1.38384089404568589
1.60435948993667177
1.41029861205273210
1.52437331943313148
1.38872134069219322
1.48484765237827010
1.31959247812460312
1.45512814458955964
1.22099467074655910
1.44592659383434796
1.10525125075643205
1.47167399404432198
0.98032521681634621
1.52713180172581287
0.85287433631027987
1.59545498146151932
0.72491520312359459
1.66560706521792778
0.59276681500855710
1.71635022930008652
0.45673573641290183
1.72914743954984007
0.32199271058875445
1.68046532424863160
0.20552470106276072
1.57848413297215551
0.12498059943716394
1.44751691936925164
0.07517350431435295
1.30122347411779171
0.03851746385792717
1.14605594824690904
0.00268793959037283
0.98783903804261719
-0.04203283681839096
0.83262764720948057
-0.09834710785432384
0.68577659800754331
-0.16802429499723506
0.55823485868583311
-0.24142368409918299
0.45623382549702918
-0.31204194699200344
0.39164834040102259
-0.37729157495125465
-0.78333077705067056
0.23696332037913354
-0.69543938847042808
0.20228632546183087
-0.58528739980039179
0.14725551043415533
-0.46496514011278112
0.08120923342042895
-0.33302400548390926
0.01627875968122118
-0.18258219591598124
-0.03547658099923501
-0.01447499460745526
-0.06993497281395790
0.16503855128571823
-0.08244814906244986
0.34749258392881072
-0.07085411909269658
0.52941329473201537
-0.03407031773852618
0.70643047874126685
0.03166983632773797
0.87271904651353849
0.12429104935202745
1.02391863886884460
0.23753664983335326
1.16291724341921610
0.36478913223006199
1.29177726791322622
0.50157059819015493
1.41059656677459300
0.64678755683433942
1.51701578671528226
0.79496837483509752
1.60404017580273850
0.94282382757007499
1.66138997713937608
1.08208276116651647
1.67985197601704006
1.20811679524908944
1.65242251055916012
1.31278349888059909
1.58110914380795320
1.37993735795250538
1.48372628346148661
1.39076923027005761
1.39772059340417343
1.37202181782764088
1.35552752201305049
1.31337271246871712
1.32831000450481174
1.21970680439904799
1.32243723833257842
1.10747860557872957
1.36053311892779805
0.98790707395749322
1.43407179274301955
0.86854512223559777
1.52243972634387781
0.75024096383512695
1.61700706964987795
0.63314363506988180
1.71283655972229165
0.51182048716655060
1.77059853535984790
0.37810567204875517
1.75589196319069196
0.25183382725396758
1.67931509663741463
0.15129391498065600
1.56552238030835289
0.07642334243381543
1.42648757584336328
0.02482529739871394
1.27784419696956553
-0.02245822738918041
1.12482804325750330
-0.07548380481106919
0.97339967475773170
-0.13611410580847977
0.83130314382979487
-0.20769460726934880
0.70472004731527593
-0.28717077875947306
0.60454227010078687
-0.36403591199548035
0.54343415824658570
-0.43306513461182156
-0.70651604715775917
0.37442409658800119
-0.61783794258049607
0.33798470808623071
-0.51221747072907031
0.28378554267482969
-0.39901258622408653
0.21974636458479002
-0.28003680063928216
0.15432124365040167
-0.14802270219025546
0.09860330126894974
0.00201756777270697
0.05833784278947983
0.16234677661334335
0.04026623354727823
0.32563950598905422
0.04802203771908541
0.48876788555163153
0.08231306496700844
0.64561621581219553
0.14677510198358887
0.79460383947308078
0.23393908222243145
0.93162035935805987
0.34092556527200979
1.05910767304331244
0.46065242334518691
1.17951758925736661
0.58984029079683431
1.29311012044360174
0.72725967402037850
1.39721814365889796
0.86818893609093073
1.48337124734465009
1.00887683618598945
1.54365800491085103
1.14088859330412173
1.56532225751216281
1.25870039786138799
1.53396914448986732
1.34820822015139297
1.45560547285029074
1.39003742172532463
1.35767587493082931
1.38570553879184066
1.27195962271260954
1.36068032891436475
1.22837472857263430
1.30243808373560110
1.20069393703577632
1.20777654719121452
1.20074427429275099
1.09236486569245983
1.24984651153153714
0.97270695721043354
1.33409609733383006
0.85454915612382965
1.43391767976345230
0.74107657636596758
1.54419522477943727
0.63138755656380707
1.66158872332395102
0.52053860791807471
1.76487998680140068
0.40042394171871243
1.81066704122426514
0.26721232013422436
1.77066080962457839
0.14159375147330963
1.67326622015443549
0.04781990269411376
1.54647342632606000
-0.02279667841098751
1.40365669383492353
-0.08161608303559731
1.25631048567089731
-0.14051877791396630
1.11087974843816450
-0.20608923457837483
0.97419468160503464
-0.27818039254426641
0.85179109751753479
-0.35747540470122996
0.75291963439406595
-0.43786306796517954
0.69384314826433813
-0.50891253123859403
-0.62005529463767239
0.51737828137454667
-0.53343721582228887
0.48072282655725745
-0.42914352125274696
0.42574260313034618
-0.32020385934763507
0.36245055976663931
-0.20926117528123231
0.29693801536296055
-0.09524260959710006
0.23840577581347949
0.02944222865087306
0.19579492041688479
0.16576235531195874
0.17447333017320765
0.30714268318752258
0.18001048424951149
0.44686113968707980
0.21597919663585299
0.58078076115342914
0.28102800031420599
0.71086754432882004
0.36794348645615882
0.83422559592153567
0.46975639871299285
0.95034364069738297
0.58524065773333411
1.06305714856884381
0.71045390384894525
1.17219980630744414
0.84214948519303023
1.27455474758574616
0.97467251023089996
1.36084582625815820
1.10621257807417983
1.42380016300716306
1.23060634045354034
1.45019905282746597
1.33663568295431090
1.41021127370041621
1.40245879093768133
1.32890084882951109
1.41617123644941190
1.23548303415812111
1.39945364071584799
1.15280085379853303
1.36013836089762963
1.10440036293826105
1.29181184157797024
1.08083309783438741
1.19081577771462976
1.08604530689114553
1.06869861345917738
1.14230403901991062
0.94440217882223831
1.23448084005350456
0.82423677376883231
1.34584546766273205
0.70859365400480523
1.46868078133333824
0.59834018710059000
1.59890424478229454
0.48919999876058590
1.72498324588027829
0.37224970711983274
1.81617127258170319
0.24387780249891441
1.83250541816274182
0.11031129654856636
1.76552000741900161
-0.00221034152554463
1.65242614139225874
-0.08866632439986816
1.51989582101174969
-0.15970951037320469
1.37999175864414103
-0.22655019075504115
1.24145737520680233
-0.29687459693216434
1.11061908339610893
-0.37187553682319541
0.99351589146309238
-0.44993928937777172
0.89981901742495418
-0.52918994310620848
0.84370375282978927
-0.59981625488816270
-0.53181038141631298
0.66150177142092104
-0.44675191391788360
0.62555744534914537
-0.34306736322943449
0.57125916529015508
-0.23569698779004311
0.50832305239208175
-0.12882899645484769
0.44342181134725106
-0.02560544566612388
0.38180433101222505
0.07155455726836515
0.33629935833162827
0.17260754183537802
0.31695315806537194
0.28541181995706177
0.32505728232401876
0.39804830108396405
0.36626728854651097
0.50997820607308042
0.43501227688174987
0.62248324694043722
0.52231940313633518
0.73340431940472295
0.62269154162545448
0.84060023301680364
0.73504368370438444
0.94730002816883163
0.85673176403536611
1.05481139446091410
0.98215550380058303
1.15613412470371291
1.10820648820380585
1.24419403029429665
1.23178709786216811
1.31042244135780939
1.34633807623134549
1.34369867815163357
1.44220777786077137
1.29675114117995682
1.48285860556841165
1.21507632279501498
1.46851102464778216
1.12350278248627089
1.43680530587269129
1.04713198643015182
1.38661714252956036
1.00013641976471357
1.30203497395859302
0.97444492762018775
1.18320418384838844
0.98393451263978549
1.04906419171867693
1.04223924138274149
0.91405061978271274
1.14073856550313724
0.78875434058473082
1.26376938198289612
0.66773399744532036
1.39918089303623616
0.55458110638259350
1.54233468199042401
0.44306812504988019
1.68298072102485974
0.32649283597604384
1.79846829263153674
0.20007346519114599
1.85724425123528181
0.06506162927399713
1.83164149052413916
-0.06282758058560851
1.74047714384706631
-0.16391858482387708
1.61962238662475566
-0.24587321753171887
1.48991045501489205
-0.32206191035928444
1.35964039194076491
-0.39805036958662204
1.23501855379751180
-0.47526306294663073
1.12417147534812401
-0.55447209582311296
1.03490052953079203
-0.63238908667523097
0.98255236291263037
-0.70226606280306880
-0.44986480555312647
0.80592294994569147
-0.36646027716612217
0.76945235032898740
-0.26358009358786783
0.71790628632174569
-0.15854293205629949
0.65661321764611980
-0.05684800057648397
0.59397462877191909
0.03581550834129043
0.53329445568091216
0.11325189302620085
0.48383678417772086
0.17550051141501341
0.46351026384625021
0.25335305175589218
0.48284082511576032
0.34054731565877772
0.53102566070789559
0.43262267860472009
0.60405971859494167
0.53176048239508344
0.69267668669914251
0.63123520337537598
0.79309813173076393
0.73225217554364685
0.90340074745328935
0.83453750264823023
1.02150618978181562
0.94039278365613943
1.14106590664949703
1.04220582763436109
1.25963487843908184
1.13206319427679758
1.37348175681239604
1.20328028649581076
1.47957793959034745
1.24383526831131364
1.56476900627526505
1.19360487365790990
1.57776845979639591
1.11113194985044261
1.53844979960873207
1.02397408423682656
1.49266461575261689
0.95483066018594820
1.43063287144869933
0.90755319658759670
1.32662517233434274
0.88341064230384259
1.19322430933773305
0.89522744475827420
1.04491069873267373
0.95783844227162207
0.89773481762721929
1.06372378814851420
0.76007353044540726
1.19493644654509290
0.63059876715141427
1.34268614846367318
0.51129171091681069
1.49565288267700303
0.39389265995804801
1.64674168293104262
0.27586449275307057
1.77773400296040895
0.14973059821092588
1.86164280320358477
0.01273451247357023
1.87452017011628014
-0.12533034140108626
1.80978232474765699
-0.24129075931772964
1.70407992642396189
-0.33563035973992683
1.58211600824167720
-0.41956828900660670
1.45918246230041171
-0.49927856842432622
1.34110920525518673
-0.57924876477653331
1.23592360945358548
-0.65952406976622158
1.15181703462496521
-0.73691248088320216
1.10200669469271695
-0.80539523497940957
-0.39086930558151162
0.95027948185446198
-0.31027923163180271
0.91582376111702535
-0.21243987999155997
0.86653587342881788
-0.10948648668036894
0.80931991502381961
-0.01194546786094378
0.74985854293270882
0.06767387814326320
0.69409226984181460
0.12527117816998135
0.64638953334889215
0.15674325012581494
0.62274048982699282
0.20625548981403807
0.65018842914524455
0.27413568986435005
0.70363883358278756
0.35062057270314900
0.78020106017939728
0.43875498636834581
0.87348134799915944
0.53101445667875935
0.97507758573462322
0.62786706207721699
1.08464630505564918
0.72856010165140395
1.19762236558305557
0.83122509104501274
1.31065240287053686
0.93203516272806342
1.42069946742571829
1.02522193551597374
1.52525755838580723
1.10161351043432654
1.61842154424644447
1.14985830953100066
1.69157280261210219
1.10666340888234505
1.68324362931301419
1.03221357064455255
1.63680998626023744
0.95443162535689285
1.58582916532142271
0.89115137326622562
1.50878163069733273
0.84360577031339234
1.38984549327654117
0.81590345970602274
1.24088354374857790
0.82558742923428319
1.07675918115500480
0.88804010332379235
0.91242893467198483
0.99788482923760247
0.75859671830060271
1.14012133564589746
0.61558214835063896
1.29869031063693319
0.48249965151651431
1.46369287359214573
0.35658726571455573
1.62174703591404912
0.23143368899363931
1.76048104995816801
0.10029093432277145
1.86091201960665109
-0.03956266733343191
1.89708189269394367
-0.18405796619893255
1.85866280451759569
-0.31501797277298749
1.76907792966025834
-0.42149858523079475
1.65810678706921300
-0.51468180138195962
1.53898447862330623
-0.59874782132064752
1.42520316522221524
-0.68055717840357699
1.32459044536815496
-0.76215350316086850
1.24537052225447864
-0.83989488819380642
1.19940147886859982
-0.90829237237476901
-0.38432456149870131
1.09717608169168623
-0.30708401596218415
1.06355763173964513
-0.21560491138506721
1.01875956352901786
-0.11235434272317377
0.96504618050417301
-0.02228431094442716
0.91244097766051491
0.04495348911512941
0.86424397048320933
0.09212809533163520
0.81856544345179383
0.11001557787068014
0.79527384371186294
0.14402958085215198
0.82756839222959333
0.20004694058514313
0.87697688668977569
0.26652516610825316
0.95870736892788688
0.34649511660593152
1.06079576936254849
0.43524523476389526
1.16419371667560978
0.52945448516029536
1.27117788974940193
0.62730170105936756
1.37888363841995232
0.72771278596737010
1.48453197679032223
0.82858841102092518
1.58547346200878980
0.92271244478817327
1.67823294662611100
1.00302856355922843
1.75752337820185089
1.05999736967179037
1.81791991717534951
1.03304665268705653
1.79354804139247292
0.97197232778711762
1.74702806190499293
0.90731085664782141
1.69410899936637671
0.85669086187460985
1.60873453488298712
0.81961352093124151
1.48217899220597094
0.79764513233736611
1.32664097586720753
0.81365486155719391
1.15523535565411151
0.87832081303520371
0.98330879982851804
0.98522394535767333
0.81867556581062861
1.12459444701154609
0.66202260853646211
1.28021976801285309
0.51220890175255451
1.44004785199978302
0.36304570475735731
1.60016665596700025
0.21604998561755070
1.74383602556463124
0.06898379280006166
1.85012311667915719
-0.08136194930440133
1.89758109259366292
-0.23382280315675408
1.87737161124522922
-0.37638439899735016
1.80203568597270425
-0.49622270550744269
1.70087210518768117
-0.59901705540649408
1.59134578686969252
-0.69191645774670141
1.48200315081351253
-0.77803252298012893
1.38620986616794140
-0.86211088147922343
1.31148316860591985
-0.94138538759397083
1.26912194222403962
-1.00973759968737875
-0.41388573655625388
1.23490157499362785
-0.34587193236185498
1.20311905588727908
-0.26412144314458963
1.16529051200959644
-0.16079258134699037
1.11759100134222122
-0.07924470735136431
1.07285217425836499
-0.01483347011496034
1.03160464795408613
0.03266587809692491
0.99007264111960402
0.04937727974332932
0.97146216988664058
0.07548617670013272
1.00844767991097917
0.12373645280410955
1.06975345481342177
0.18441460681584310
1.15799368099228706
0.25907447526928912
1.25397968784125657
0.34412686801293535
1.35530725820732534
0.43616802650020037
1.45650343323163778
0.53281552481859240
1.55904388499592939
0.63206276538684425
1.65653936894134524
0.73022544922172450
1.74498452309461283
0.82241561427186582
1.82466517088613100
0.90517316763970146
1.89032107750155709
0.96910701673155397
1.93670972967038568
0.97316541385203204
1.91160031534593355
0.93061849761003834
1.86691164911302421
0.88329841030199308
1.80977532353516390
0.84729482042597981
1.71633732817430240
0.82095090463114784
1.58452887680685039
0.81218390282974662
1.42345020542007505
0.83597174351938408
1.24931974605868712
0.90652423946663052
1.07412030884523646
1.01626635338323368
0.90272871146325384
1.15281224690834350
0.73692257457130594
1.30269080645658253
0.57380819794656301
1.45514705500180597
0.41007882012563873
1.60291591605735428
0.24475399320155333
1.72961963594044854
0.07423811579037232
1.82559661785065730
-0.09663501779633848
1.87017306563475860
-0.26299282551619496
1.85514184408420202
-0.41847463526946649
1.78892365216923976
-0.55205273077943517
1.69727436238667995
-0.66817556780457399
1.59392266991915066
-0.77092734732305168
1.48936361129392036
-0.86357271345868303
1.39680175048464017
-0.95135879632288367
1.32623426738932970
-1.03428604113526390
1.28904291555805628
-1.10427444738023728
-0.47595276030723993
1.35956639886059572
-0.40008760888788930
1.33041237064871676
-0.32056921361650514
1.29970772235527798
-0.24554674018517503
1.26333401302028325
-0.16637276336955414
1.22678481140780504
-0.10625261173512546
1.19800723368754314
-0.04465799110059766
1.15745331354892911
-0.02652881703604563
1.15114235354836025
-0.00141058034526397
1.19258350317978978
0.04117287530078255
1.25724091600271048
0.09950934254977462
1.34940623011618710
0.17413220037278637
1.44430810258280617
0.25629166127436603
1.53800511905353532
0.34718939895078726
1.63201013943727369
0.44406775259723547
1.73022413096026551
0.54155779465372966
1.81604457425464250
0.63733321162044043
1.89008602609767906
0.72875238791292851
1.95652781760009287
0.81257833391247503
2.01064010573564378
0.88324586980351105
2.04829883210631758
0.91930335057635926
2.03416643817538478
0.90155117142019792
1.99184042960819485
0.87269694813608623
1.92451337806913214
0.85466450183609566
1.82262972252500188
0.84374695211763895
1.68684133896348332
0.84932131373008668
1.52626460586069457
0.88637265442107793
1.35281624031928072
0.96141963311162604
1.17506499355488114
1.07002572580318289
0.99897259702253705
1.20155416784056501
0.82324663594363434
1.34380040918422905
0.64750684873557685
1.48662495226571734
0.47153721226081791
1.61982837459501661
0.29131186699419054
1.72828890021314741
0.10486330104683061
1.80071492125353205
-0.08254422726771231
1.82686619974078046
-0.26314375763539932
1.80464623277548042
-0.43097366394044706
1.74273027882261222
-0.58104948965304737
1.65099128967660747
-0.70913048580155880
1.54155278201181600
-0.81632095088357470
1.43180842792346685
-0.91222134309000413
1.33621527141441043
-1.00344662928939687
1.26621932127458403
-1.09077850088952943
1.23328773195526109
-1.16507260728941664
-0.54943364699944697
1.46577055263188960
-0.48444737311464292
1.44283408922816014
-0.42220684326727703
1.42438381997616914
-0.33760855426069553
1.39126572188354358
-0.26751564819553125
1.36816860754545444
-0.21007272961661777
1.35350890283020342
-0.14531162165350275
1.32158011872374970
-0.11393352125023742
1.32733377466174085
-0.08710110940703443
1.37267723710940004
-0.04417767792193787
1.43855263097495167
0.01420509872705189
1.52643380693712416
0.08892519817048598
1.61804556993842241
0.17271331576030194
1.70868476658462054
0.26315401395727045
1.79518753313054380
0.35737014949557344
1.87908868894489256
0.45418676863216034
1.95476743604996495
0.55087278006851503
2.02084643638308759
0.64407851127649152
2.07869497990108210
0.73078691660616402
2.12377440676717510
0.80734201226560320
2.15009950585747189
0.86615641392311715
2.15593222149402353
0.87899981092573387
2.10856525355148028
0.87409221363008194
2.03215634257567457
0.87676337231282264
1.92449335112789854
0.88235125450243579
1.78609361781679188
0.90465454331468531
1.62779913768567863
0.95324348426275640
1.45605569053362238
1.03357283077117490
1.27745029708166613
1.14029481741772898
1.09621521040316394
1.26529736571625584
0.91205359136770903
1.39880039284804414
0.72581660231573031
1.52987560738461181
0.53663476956142242
1.64655875216163561
0.34290467669316360
1.73329906951974633
0.14324686208495727
1.78169010946703077
-0.05677976703486876
1.78496208038147430
-0.24838780603530367
1.74668522157366146
-0.42520213357778147
1.67709799608460397
-0.58449232147583141
1.58517473847618207
-0.72558454384862803
1.47862617444783995
-0.84710554021455398
1.36283055576784151
-0.94788587011216807
1.26027021876751455
-1.04078101593038030
1.18932703222665670
-1.13056551131386818
1.15844603313105088
-1.20759113949610586
-0.63387079561353421
1.55689324298377030
-0.58349868635003976
1.54653537216631665
-0.51486028742643353
1.52825292216270014
-0.43704371051276908
1.50648787682914276
-0.36780784672126687
1.49407363507941104
-0.31513062853501150
1.49718932812925964
-0.25430578151193600
1.48282186303568064
-0.20840606412431478
1.49926445189907409
-0.17288765033862741
1.55039952580631568
-0.12497517873903813
1.61658105700506982
-0.06356267726043535
1.69618389845432560
0.01168173839588998
1.77783161204686602
0.09504827997877874
1.86113939900831138
0.18525296153971987
1.93940858242156544
0.27977685240662603
2.01423899793464578
0.37725978433969759
2.08202702476360857
0.47532237268186867
2.14155207807549042
0.57093313315073968
2.19253653795199455
0.66143379701161986
2.23123253191470772
0.74373566426506521
2.24364902568780122
0.81663271364892642
2.25622241702455817
0.86322318809922327
2.21442653017582458
0.88224771330970497
2.12799696855452858
0.90775125504570708
2.01741122309948873
0.93444231593612981
1.88045075922705007
0.97270170581264570
1.72325926981019495
1.03265762366001890
1.55359409449896013
1.11614619968593520
1.37450266129753373
1.22175986573504924
1.18917325813051078
1.33956802399009134
0.99910925790011551
1.46351756826158508
0.80322928702466556
1.58155192120073429
0.60238689283437019
1.68067742241711660
0.39586000802828880
1.74455016832548782
0.18372617356863288
1.76743639782404149
-0.02699954074976039
1.74595155345408859
-0.22627662388772143
1.69071674795793880
-0.41067296839570416
1.61238743576386878
-0.57951814054168604
1.51721417572163575
-0.73167554929304857
1.40996675356550205
-0.86521592111077195
1.29483252000411064
-0.97766048741223310
1.18531087127219026
-1.07195100607502436
1.11200639873863083
-1.16408418501508115
1.08322151013805490
-1.24443729359415722
-0.71971257646573816
1.63936949342528493
-0.67000854585276637
1.63168920517875460
-0.60066253594926711
1.61423843982353898
-0.53153689341964661
1.60796196679071346
-0.46616884064061687
1.60926767702442475
-0.40893130865493810
1.62202250270868631
-0.34667155252353810
1.62422385941617442
-0.29584302804201995
1.65639474592206892
-0.25103712174244519
1.71286707602728261
-0.19627987514821160
1.77691360509454732
-0.13123632519387418
1.84695553631127884
-0.05574270805286637
1.91807918903067010
0.02760267547726250
1.99496459167345930
0.11818201119031461
2.06664565985233795
0.21360351772615388
2.13447830386346027
0.31237465650994067
2.19617445292538527
0.41239751194481755
2.25061214240470431
0.51125752209032616
2.29689256533020991
0.60690784896884353
2.33161545540161130
0.69707981742650860
2.33944822751183956
0.78277919647128946
2.34671822721698309
0.85571347840258538
2.30725235050867017
0.90693034518504445
2.22113283151239216
0.94665905096918190
2.10336346748982095
0.99228240049492322
1.96627340790279592
1.04571695943848475
1.81085022572464327
1.11625489477000150
1.64152546507438379
1.20519502058839145
1.46028291241532715
1.30890221843881061
1.27031460691080156
1.42089047612865937
1.07308699472352287
1.53591447761296851
0.87083469368148991
1.63879045447778493
0.66089719550173975
1.71362095688131166
0.44155623065496763
1.75308814352162012
0.21965145552849979
1.75199411172746378
0.00081522307835960
1.70937430027449921
-0.20505334573626566
1.64093291999730262
-0.39699602184318561
1.55451271475728836
-0.57460065289719886
1.45471735241766775
-0.73698532531596783
1.34566184986337611
-0.88100039295381261
1.23328682692876646
-1.00531107072301840
1.12327079808485109
-1.10676067047664595
1.04705176340447248
-1.20161907561834647
1.02088760520921662
-1.28405377131223331
-0.79594350249557499
1.71283643632431959
-0.74424181931646882
1.70232228913488348
-0.67625455794890021
1.68745976154284127
-0.60950636485926335
1.69020043677713705
-0.54506366317607757
1.70188888417584394
-0.48565661970383878
1.72385759820370965
-0.42131824979373844
1.73993944021910996
-0.36927908684224447
1.78641078472904447
-0.31684426542011918
1.84466081585854114
-0.25673888588682420
1.90752197165194937
-0.18784946659531729
1.97192494148004616
-0.11066171341574212
2.03928509580955097
-0.02645564649131719
2.10835652498696646
0.06476042658394629
2.17444483707937941
0.16126083656213464
2.23687874300132794
0.26158013585841722
2.29401663666548439
0.36396677663292920
2.34484151630392734
0.46669075743566457
2.38824725658819093
0.56858162339553342
2.42104537518573082
0.66875938650105704
2.43302263925040130
0.76628106310600586
2.43040651305335365
0.85560444363134536
2.38585681214296619
0.92844774635599636
2.29823027774909727
0.98868607909938078
2.17919196427798845
1.04857318909447872
2.03963030571850457
1.11607199921377820
1.88422255875155198
1.19558527032836182
1.71512561862534141
1.28746279765379779
1.53247942804596105
1.39010872149419362
1.33757415772279398
1.49809303474385591
1.13352740420414810
1.60293568762835048
0.92151360523402570
1.69043490436926835
0.70223314815008786
1.74704739573516799
0.47684653054252690
1.76156909038319132
0.24807293160005264
1.73713515075256519
0.02352750001612487
1.68081274106105671
-0.18939285983616519
1.60329504175794502
-0.39067401967677240
1.51013931141847269
-0.57798698772038626
1.40540050919828241
-0.74821297886584137
1.29507628305821387
-0.90022027059098675
1.18713767468158937
-1.03473265638557144
1.09088652805186070
-1.15176983816734890
1.01830742195022617
-1.25260878724087932
0.99124349732369166
-1.33707443101934431
-0.85102178623378133
1.76813035282950470
-0.80098554058627947
1.76073751629136033
-0.73425270796612629
1.74727278454259682
-0.66773174291991799
1.75329825146442331
-0.60306899973523076
1.77084705412005916
-0.54097762586583376
1.79739145014148094
-0.47536687409708583
1.82332165394152557
-0.42267045197549030
1.87924963467688810
-0.36526175029042723
1.93918571005793083
-0.30066501368818388
2.00106359117137300
-0.22865907646191191
2.06504852242655135
-0.14935425246962297
2.12939593619913303
-0.06351450136050613
2.19363370856350626
0.02874527027616140
2.25573706163404886
0.12638157453254256
2.31452019834359080
0.22818680494033874
2.36867577400793650
0.33279208870555321
2.41729958056842742
0.43902219081133809
2.45915813087437529
0.54630713238658912
2.49098659885753371
0.65433577647828933
2.50524234679121527
0.76140442861869551
2.49679330507297381
0.85925330409620826
2.44415503565791159
0.94387497394538522
2.35298468993243448
1.02011210609932879
2.23427334410792877
1.09341002841247104
2.09435182904371331
1.17086339357212355
1.93827563336628605
1.25696351975142329
1.76852787874448980
1.35211792255352670
1.58516486747318153
1.45425613510562668
1.38665362252652047
1.55778984118526975
1.17618252402837831
1.65486579885858620
0.95689277342659107
1.73251795737718228
0.72955088595318784
1.77641738215265077
0.49610914590181387
1.77732208531787639
0.25951112069207727
1.73643962125099982
0.02567783567275439
1.67113814290218610
-0.19767406834042861
1.58694155923144109
-0.40508976778436340
1.48778344553198716
-0.59695441289153750
1.37745699565988122
-0.76976011310953951
1.26553815627746324
-0.92553231179564777
1.16223986378106670
-1.06613610575991036
1.07633312987045726
-1.19116723443993644
1.01738699021817336
-1.30042817679270994
0.99953816702294973
-1.38624248619051316
