0.52873788062896276
1.14690789413674188
0.49810069206292223
-0.36268456932883808
1.05802551163558523
0.89068348369665495
-0.53019595333072878
0.18879861789306793
0.85097826966475631
-0.05521220420128070
0.78561354567596153
0.03770023438669001
0.36833798622356462
0.82227445178947622
0.48914385945080430
-0.24676549686339411
0.21621422091309483
0.92555857507755324
0.75878078818339079
-0.15251293980258329
0.95642052467014871
0.87747339020087345
0.08516913248939562
0.69148064652637686
1.04716001332576836
0.32682941165269125
-0.15634634018758103
0.14080250128074290
0.35092899580773895
-0.13332819443763810
-0.04294570316655233
1.14108215782685285
0.67046590982258236
0.18848635110857437
-0.33843500833404649
0.81773031402362895
1.00040024294658925
0.40664855917886888
0.43158832177186790
-0.29841147243095745
-0.19993159722990639
0.24666595101271449
0.76304212412153938
1.19869943555521119
0.40949128276388735
-0.21847383180588220
-0.14646924184298721
1.02845657713938121
0.84437500963695089
0.99227693321655774
-0.15605205062695293
0.39210357331978840
0.92667817059361790
0.07961810164385275
0.20248198172636633
1.17777249142513507
1.57019066058338863
0.49832723045962640
0.48492318806646079
-0.03477669861267219
-0.20435917230325440
0.84678583141207131
0.73202951301849062
-0.02413551316517770
0.33739360291102993
1.23896020150476183
0.62483769193153171
1.10974858551675837
0.83296459919728860
-0.15277091292141365
-0.42878529074376887
0.86056223679605037
0.69062970769289500
0.93523920817213502
-0.12408900102973375
0.24058011372702448
0.88691663143065247
-0.03341958148942248
0.91336411125359285
-0.05003021430920496
-0.12200097571073654
0.68426786166920728
1.03024908821318428
0.72589021421390232
0.05668792606535533
-0.12481673205206567
0.11076356809427940
1.15169776926489753
1.32600017676293813
1.02724597828093289
0.45459456232998730
-0.00700058016965377
0.21731032578199805
1.09944382298731202
0.98201349002601201
0.72818617336957525
-0.20531039036186582
0.51213009416227584
0.98662881617039067
1.03866073874995202
-0.09042691674761782
0.64098504383372479
1.39722181256471156
0.14367038421794553
0.95174185006876588
0.02133132239906854
0.08376532942864351
1.09300218366899249
0.10057402525076553
0.05982449909468968
0.89037273391482696
-0.10021835673091650
0.25949540601084198
1.22669661502701066
1.03218751814897747
0.83235314670501870
1.19571478078015891
0.62848838814697305
-0.00309876460707970
0.78730530296013834
1.10075869046442909
0.56173296091094249
-0.09051910493927795
0.34491864437918318
0.04676200460874769
0.79982344549672535
-0.26063865478002052
1.09470312359053645
1.11678348344856548
0.83979020847254948
-0.11560639272830525
-0.10723650495843340
0.35176195812850880
1.24072902220948222
0.98783373430314381
0.79178235719128542
-0.35503515793229179
-0.00381628527351963
1.00512502765367873
0.59444781601217622
0.96611766378426711
0.00154422512373420
0.18998378000936200
1.00085682154864175
0.30172685809700617
0.98480958342601599
-0.01685243627253985
0.52515339643039960
0.98235496804334566
0.65943008004887260
-0.36546536626884130
0.69985089044481374
1.46930358490379609
0.79341825805455146
-0.11389824787819780
-0.15254774155524176
1.04716129650974366
0.62704308818037580
0.58098624192200887
-0.13770918871724147
0.49241450448172069
-0.01633232183930355
0.77699194728459720
-0.10930530717020137
0.29972688259353902
1.01753923871028307
1.04223639693369008
-0.14964790773973147
0.25607103664042019
1.12423796119426189
0.85073373887985926
-0.06504565178048172
0.03117661196048582
0.97652828613831089
0.70579779516403252
0.14783042093553878
1.19217875148013364
1.12487583167820659
-0.11470219735209053
0.37087738249219526
0.57457298803987800
1.19608417238753484
0.26929324717457059
-0.26646910346586350
1.14735988699239910
0.56965534935736895
-0.01767523707294816
0.53432248667925220
0.89310960059285049
0.22151408751818724
-0.03088845989719458
0.47244040387327735
0.10624259523342672
0.81895527167444215
1.12032414504340805
0.16002719212855998
0.03672117106168138
0.26981150403355458
1.39395425502656245
1.03267129691816750
0.27649812162100473
0.11708151975443482
-0.02642035214710603
0.08499845481370571
0.75771188912065857
1.35648907745814240
0.30335531495714185
0.20261675214326857
0.77475924912198879
1.17661456440450474
1.44660517772647923
0.17184598792996442
0.03371858343598055
0.45337938205084205
0.93916802344422867
0.10455028088219120
0.59182853376930256
1.27719716807450090
0.09796421007170719
-0.04222284567303147
1.30793991147160371
0.55808862317369456
0.09078131783268478
-0.27209932982113760
1.11584051304174192
0.08875237745533915
-0.02095116685328080
0.46908065317918179
0.00835892232829305
0.87492034599105883
1.16249058579340803
0.06201978351467718
0.21540132123449629
-0.02707714227099745
1.20070349193430159
0.74022113778605769
-0.37704470707197535
0.45342519801222358
0.80627705507741809
0.34776656091224356
0.19052287341835172
1.23972883742933382
0.20834119958977171
0.01004089117052898
-0.04033973145350034
0.44535156314467400
0.76539691736183935
-0.40483989229438910
0.29962451991539185
0.80790198538000890
0.69456211903530130
1.11220573908576692
1.12526392562549749
-0.03038715854142421
0.93889674544226032
1.21895256965243304
0.07492745893966146
0.29111187744720368
0.92836551279881818
0.72265295004882757
-0.27548701343172777
0.68096750586819899
0.51010919609518779
1.26198178534766203
0.81631223542774412
-0.02092759235642638
1.13652008580816366
0.69468164231619989
0.33193816211419347
1.27181072124625816
1.07610959840309262
1.01068197893729605
-0.20025532435976179
0.66557280896035298
0.95574196893517360
0.31734460108176038
0.38458452998081927
1.05266484847134101
1.26978762102675446
0.53848193855581938
-0.02961294952427629
0.42826924426899693
0.46807584303171179
-0.55536981850873079
0.30056783822993643
1.25660230520811900
0.93246442031621624
0.35286252506887106
0.08792062611897422
0.20011706598609103
0.76099140934566800
0.89856992571179262
0.90530182437887396
-0.26138628250952611
1.12259703357385376
0.22250110183692362
0.41354304072983383
-0.02461481210355965
0.20413588796930643
-0.12540938713699112
1.19254189829739143
0.35074945937249125
-0.04308845738346245
0.80808755395671406
0.60683002589253610
0.08905757458985220
0.37996774661813032
0.98341805057841891
1.17016115826425904
-0.20290224471316248
-0.22931393594660188
0.48015719636265042
0.71528378778219559
0.92827604477116687
0.45765189175883952
-0.31106966496712574
0.69719249783972748
0.14600608721506991
-0.09076067961012191
1.08583146542779319
0.95523868729438921
0.69085187565526041
-0.00747205285530939
0.30289934115177586
1.51668990672416060
0.65354708540092554
-0.39762739740647363
0.17721871413696844
0.97457242959907797
0.19062092047065704
0.59337120187756254
1.02072802469426982
1.25083189698196451
0.50869936367730628
1.04639058391439388
0.61678387969997273
0.05211924300083903
0.54942303694302708
0.86497980012967102
0.23307821973555565
0.02791803214160093
0.97333452232740636
-0.45427969458649625
1.04413955709818840
0.97394879583008565
0.57135220619199800
-0.00084934702538564
0.72164406696911332
0.81174147304797029
0.32871471306432309
-0.45731394860745511
0.82496093922336355
-0.03579209609098677
1.31007842960682885
0.05780530050389243
0.48073130214832938
-0.10023137141613336
0.88954111238447209
0.29028202771006995
-0.18261008396827894
0.93672062229625741
1.06015166476942579
-0.02181889228810707
0.26740122033150515
0.23885111453323593
-0.10161570582344315
0.00075737848858470
0.96599580291312126
1.27120156792519534
0.14034953851764659
0.83024523459946742
0.93048069225119701
0.82697863379728631
1.31452864594140717
-0.00240197532439701
1.13830564115243926
0.26056976105914542
1.24766482605428575
0.96040573853945910
-0.21838834628714793
-0.14594082201260972
0.89272823605623364
0.44311996337425696
0.90891613030917517
0.65218226861904127
-0.00459915216678952
0.70083274061833023
1.41171865871444058
-0.00244127597533106
-0.24505222643014002
-0.11489629967615722
0.66000839799068400
1.18827716794676252
0.23461509388952645
-0.11247952959607743
0.36089054496952233
1.11905086742028770
0.20571321584346158
0.38699416092756389
1.17389169021546635
0.31322707244245196
-0.46359011609148959
-0.50124917717209372
0.32347829050747479
0.06719420349763530
1.07307119553891472
0.58381303139600160
0.11074877752703494
-0.09755182895902292
0.68285549238205334
0.05306899441715807
0.24867100124128350
-0.21046032321065505
-0.22792992557605446
0.70000049937370512
0.87888980842184061
-0.35488423038246653
0.26468999884182082
0.59464544727419222
0.02199814349010210
0.36692886856293638
1.02357439870487554
0.63468767683063820
0.01913512375320059
0.82485853572861534
1.04112956482109431
-0.26292785972694133
0.53736137679893403
0.85653337471720814
-0.01992730736027726
1.16684694424302227
-0.04095089246149974
-0.01976350930012782
0.37600556446141642
0.98215431092870753
1.05371667180626316
0.01774078346327912
-0.03353628331600544
1.09710558860592400
0.20260396474039610
1.15324487270805687
0.97318432086949724
-0.11272004912229405
0.66195655880477866
1.12889532350011801
0.45607319771762178
0.48306348044567171
1.34427914014050831
-0.17684468693343558
0.01612517613040709
0.78791872333903779
-0.20703211282509582
0.85129900066581710
1.12831490433455661
1.00145328752508078
1.07739897701042997
0.11769055552726815
-0.38630414448884354
-0.00245407355765126
0.09837880969633950
0.26130637759445963
-0.08327595675157817
0.33546977787768761
1.17589957585984939
1.17355304891968015
-0.15628863358468631
1.06560555550520597
0.71349908314725119
0.87776475715423086
-0.09518696227986001
0.11704968296499185
0.04714790236005861
0.82016545588273249
0.91087676195106793
0.20120914848268101
0.22872236345848274
1.20810303503784544
0.39916898160405007
1.02976783792868076
0.46495942410413793
1.08321065645579084
0.79384187378595716
0.00824237797120841
0.53986461621828408
1.37954305265956245
0.83351565289542340
0.18279755553478327
0.27788887729436385
0.86298080580972125
0.98763794007436956
1.09836037258138663
0.20635074571084369
0.36077817840044091
-0.33472255096062309
-0.07128638585341263
1.11754418016130175
1.26300560920206784
0.28382029094905448
1.24057144414335285
0.64915231187821254
0.93030930681843105
0.71977252808284620
0.07870182927684083
-0.34031965118933638
0.49518368843732508
1.10772228393841710
0.73152847290438616
0.18518747412575420
1.26809428490361054
0.05673531632493090
0.47185490365594751
0.97712157047227144
0.16104063311678862
-0.14690105794644193
1.14409248596435020
0.61387133410952344
-0.17224685787581873
0.79307858541448684
0.20649669736987020
1.00402450054997727
0.57486677960012855
1.37760911184638113
-0.05470712433712999
0.10135136795749833
0.73936108115275023
0.77386174651393769
0.11053385076673286
1.01340006123060689
1.04415133804104876
0.93958839816890227
-0.29092361991851345
0.18517220995887052
0.02818093772971653
1.05076942418979158
0.60121407839344709
-0.23508728586932703
1.05334518258466336
0.97844973915131828
1.17602392824622681
0.49060881970335268
0.99592623170439509
0.89996034206356379
0.08241882772672948
0.15144199767414979
0.99760452543502809
0.57875987072792046
1.01166003489060263
0.64286708138784687
0.18732153754236780
-0.12599106418957440
0.92872017619567082
0.03252996211402914
0.35557883978671512
0.87896021875495156
-0.13460312417820730
0.21346660118716293
0.95278574458289111
1.30173786006460368
-0.00701816884138828
0.02843370148409075
0.33156143986132053
0.02234822517153012
1.21014706915731196
0.17517436852966661
-0.10028785552272013
-0.06919125365139567
0.36677308896082628
1.07316297705466379
-0.27341308818529386
0.52795973446914823
0.93661573820174437
0.03634865308410506
1.03926880534358101
1.19476577295499453
0.71899573854327481
-0.20330019879881533
0.41179971023164685
-0.15677758209981318
0.13538657250955266
0.83995314669918530
0.81314133345202610
-0.02050647983308407
-0.06728818041032042
1.11908826149417573
-0.32598113658154337
-0.08250324701987644
0.61555113097976744
1.45704997028825223
-0.35563128488717488
0.06022293612560153
0.31492558534496812
1.10392254801307055
0.22715806471599526
-0.47135451311815313
0.02544432780869699
1.04383245493029708
-0.01621487132733601
0.74765978380666764
1.00161094505854620
0.19323160129636963
0.37756110465352216
1.34709165049565049
0.91738221876949200
0.08422372397236194
0.54406097942790344
1.35594504383196135
0.25533655193788429
0.89805421317174638
1.33007816259416467
0.32811749051621419
1.09045379093023120
0.42056308081595123
-0.23019504779171029
0.11502980314727929
1.15643334218830640
0.34429542295103155
0.58532474263777867
0.05563507111415555
1.06355803394600379
0.39361497358990682
0.04042274502391796
0.21194073596497631
0.15689346294422502
0.87758631962511835
0.35130705418284286
-0.38142615447961248
-0.01004414577887613
0.74518966129554387
0.99221010221194006
0.66871819695257384
0.44747105070960758
-0.12640770293042491
0.14258486885712229
0.82515003396065678
-0.13276508768970452
0.36046020709531029
0.52606446555909558
1.09652668699665923
0.35679536768058479
1.10701960321486537
0.76435699160478165
-0.13900583098983077
1.08512495331386094
0.62556923589518554
0.84472947061924364
1.13416120067422010
0.77479624485569287
1.30878324750114494
0.77110788170516276
1.47207712695105597
1.52848178987305161
1.06595910718535691
1.29225819521332252
-0.06517562609661831
0.07239064657513461
1.24932945012349572
0.74317308754198286
-0.01434724520965480
0.26016432929098660
1.18207356791224627
1.29736454164049908
-0.27082725989612749
0.22669137134580786
0.71474745709987808
1.16041060967122145
0.71979932806855196
0.29651113849688493
-0.13071435138569143
1.08468059262315664
0.72584122018829234
0.46195282654977471
-0.07142599603384903
0.59935556877950769
0.85490412453420617
0.42095422316189396
0.03609998115025403
-0.09357036375527117
0.43620453124426722
0.61371787178445714
0.95807481021992980
-0.02113341482724729
0.40366030936243269
0.71779639261462769
-0.17912552330750819
0.60004242598549762
1.52800094178182500
0.31143121159396253
-0.14767949522065171
0.70657052057321512
0.10283234498209393
-0.03008981358522367
0.87096528448923005
-0.13864548317495162
0.04552316929600353
0.29374575620998128
-0.14273173018908769
1.08284926766093514
0.41196525598789668
-0.05131747091144268
0.50246226274343064
0.46944282513906849
1.36145758046810039
0.96260058704893914
-0.31255770116675463
-0.21018421550775290
0.85269727375832416
-0.10446426650271157
0.70221532071745185
0.69924595739531104
0.83091865882415128
1.04448552487237056
0.10006204375400735
-0.30332004645277155
0.37841475402390068
0.76387561269625182
0.09699061187501767
-0.22845931850141354
0.63319291637424646
0.26275362338084574
0.24873487995032162
1.14122057811021071
0.73064630885278925
0.00161462068176976
0.34122752579123772
0.96941070657832251
0.39269999047097198
-0.00965215974859457
0.20420722944647540
0.11830737646039591
0.09306299713610633
0.90593640798833819
0.93015162666850204
0.10295824272285525
0.06036922022091451
1.31486088288448633
0.53663837729811392
0.63219740823740467
1.45065822681836321
0.39451508624420606
-0.04799723206724704
1.10370601817256508
1.41726584416367141
-0.44781118917750767
1.04010781326989665
0.52599570879571855
1.37681671926365290
-0.15525088097827411
0.79317406761533149
0.91760370082901266
-0.18231267562542530
1.43152739412043051
0.33159659792117702
-0.22069290378051543
0.38527218920142925
1.09123520115660955
0.49745784616961181
-0.32914912138238228
1.30721685690487277
0.27894823022161430
0.04194954999403677
0.09103823000046984
-0.04308384983079039
0.37675010171378615
1.05884585172879486
1.08017840564125112
0.23108848719690223
0.62485256798799305
-0.23676410256657632
1.09268742069522706
0.67914386924900105
1.12438166809310758
1.12343861232482833
-0.36460916839717317
0.25353568614927535
0.27995955698253283
1.45199273277261609
-0.49847443415130455
0.35167785035753518
0.98506427585367329
0.36705324196042183
-0.42570146816892507
0.58387976669832442
1.02261069275227090
-0.07905924930778119
0.04356677956947586
0.74482398675537542
1.21581658192228037
0.57504242032618935
1.11951864950317681
0.05955880057166585
0.10620834822040881
0.73151609523341476
1.02509488244307367
0.63768160654405648
-0.21514140911855373
0.25521606065481206
0.67494072302570318
0.09900509129454282
0.24291437919488312
0.86004393561506109
0.59967596379271915
-0.22741644555129459
0.41307898194912329
1.06817459496638345
0.83893330023481805
0.75227998772894522
0.10451814017041250
0.23361931375745881
0.88628093090291893
0.88174914412689587
1.00085906258481594
0.73605672770320674
-0.15352300235083816
0.46590614897079907
1.14501339440905303
0.77981077892969164
0.81134675916912324
1.35839054708967288
-0.09452463499908981
0.75005908983778125
-0.11768561515163101
0.17932301774783727
0.92927328741498760
0.99395711652405128
0.08367642936292619
0.29698346839972434
1.08413529224977423
1.26667280078231692
-0.02931849737995396
0.90601323075162088
0.82769531546224384
0.30594172616127446
1.21419512647794758
0.83629101546841900
0.55290421012770885
0.95579471687336459
0.20270681213644209
-0.21357163180416838
0.68579887136863715
1.13298451155860502
1.20193972786604908
0.36900001868564847
0.04471623198344521
0.82445399398837105
0.61896990459781853
-0.13746490952724610
0.58065506194004368
1.18342331743707785
1.18447958418222354
0.77574899943595033
1.34901912220505271
0.11976253141805754
-0.14400517764089504
0.67994066742234460
1.43011102799898748
0.35150128274798248
0.19571633324454471
-0.14673193766144010
0.05703409911908608
1.14177997679726850
0.34391644225460893
-0.40132715542378938
0.87857776373722651
1.42001293988106192
-0.09176549066368977
-0.04293891159966490
0.51530618436610920
1.24539976360914983
0.86186085844826299
0.13547450685079188
0.99274148929361705
0.20391275760757965
1.20865713864551649
0.06947097258187052
0.02788983254457822
0.53072598478622035
0.11857513426069877
1.07121112912948524
1.47357075136389737
0.64143982957873691
1.14940128476118142
0.20344558038438793
0.60094372130399243
1.33925387141337215
0.21054231754195996
-0.04591507416761398
0.90971566302302342
-0.21481246033764567
0.15132833609510510
0.23222267635290883
0.89648484382213600
-0.14917416182916365
0.19885274475794545
0.29895268336467429
1.01615325858787608
0.89038614578729280
0.47504598829976763
1.07545023691330277
0.32988139955746004
-0.21697160720846009
0.11638347077578914
0.80435579233336219
-0.11519308889818647
0.51386847255585621
0.25186376488222856
0.01864780243192321
0.52272644651893729
1.33064668518193230
0.10476968661207897
1.05668278882851974
0.87808043590608365
0.29407901408549619
0.77905554700448609
1.67481318685087288
1.01202668814615215
0.10050899644108457
0.95956252363417938
0.30199761699806327
0.32040062331597624
1.00248906287428330
0.63010812362300683
-0.01256127190566603
0.51981490665353813
1.18091818158143980
0.96886309052233177
-0.36256347605629535
-0.01233275696253955
0.04199404405418117
0.83863043353126465
1.11793082411449896
-0.31156841695425486
0.71303404024982286
0.91748366457129138
0.28133950836952026
-0.23078182280098569
0.29600274135433796
-0.16682887348201014
0.38453269945787710
-0.17951300981416718
0.39399649252623703
1.04662370670706983
0.60694341590202805
-0.03915978430566919
-0.12361846445793312
0.65689892606758260
0.97497224605735511
1.24471993454629626
0.46032333225093730
-0.14454990548356172
0.73170533510583324
0.54006726812241790
1.48993708562166693
0.43716407346019137
-0.15258397742291863
0.41849530514538619
-0.22898901530095950
0.61496644372013065
1.33508382348131405
0.14521649964080863
0.76606076059283723
0.90989821479017008
0.19799434791578674
1.05485282579029516
0.67394012374785561
0.93824946604180659
0.05009885034615236
-0.12650628302032318
0.08047108071829112
-0.02171644380827820
0.15766430511540824
0.15045023761197196
0.73012148215518957
1.07573330378574994
1.07586508759309840
0.55488937371297298
1.16190067131422392
0.60954401668557256
-0.12631135946933192
0.24631313632531571
0.85995784716901058
0.99774120433661762
1.40150110971889319
0.97449812213870213
1.12804247999847895
0.28724455251755554
-0.28716186933004595
-0.31555730379153157
0.05361463509259345
0.73931836512657600
0.82604362900667372
0.66987144772371199
0.22311833416270688
0.41936388687499165
1.01332055769854645
1.04144582428104204
0.12063323383877311
0.01145392922099153
0.47973247132562463
0.00114234792840728
1.24566451288684044
0.82826390195105437
0.28728279124843681
-0.19960118250658898
0.92573898041615377
-0.14802789545187978
0.30311000983097736
0.49012394453016717
-0.00854369020504087
-0.07856722388706860
0.83590402494685623
0.88616495317386978
1.03279657582451789
0.52187016959667298
1.03314572095741619
0.65165648872016113
0.00136484433440320
-0.44415774648623008
0.48165639464739635
1.06412251765927124
0.78052023090208533
0.14705578990594725
1.00437578885745826
1.08736245095000816
0.65641053923404469
0.05668622289250602
0.07098155865406475
1.00109846575012162
0.77867970907982054
-0.26022224790346271
0.02209320310948881
-0.02146427979273025
1.10558250424254734
-0.43558381246724953
0.56745635099593483
-0.07387320488895466
0.24642479413450824
1.31130419865999426
0.89705685300551841
0.23623071282042984
-0.13781468748976011
-0.43722570318685217
0.88108988118505094
-0.19236678824562969
0.88716401787727373
0.86566495107174124
-0.02189598477824717
1.41694369602635084
0.49547581242033745
0.20984029740712062
0.62539203497239104
1.18427326902192398
0.33499614162162783
0.10155551585720035
0.62625073457393332
0.84903161098604996
0.59597217390726609
0.91553940174161808
0.59980459584783863
0.68794581274184863
-0.39733662855650376
0.69619204492292286
-0.50713817244858572
1.06661083588020711
0.55896330933157978
0.35059610874451763
-0.25283857093095952
0.99872644938582300
0.37129781128938061
1.09992102479029130
0.25673252452039630
-0.19368272126226938
1.00538948087315583
0.25993201157412449
-0.08951066186060352
0.50646774848473042
0.99667694641598570
0.44360395245533180
1.12308600465064212
0.03906228640035692
0.39991555439740251
1.24806971030725355
0.44122198455142336
0.02608628481057540
0.59162935965229635
0.81611489131343662
-0.07282036105327838
-0.00303077958014619
0.61882158614078953
1.01602960389258667
0.71063822054910575
-0.10930686210275331
0.55141158655407096
0.11234597745279717
0.81607583984968990
0.88606471019131428
0.92803795956348933
0.85500375448831001
0.38243877967938122
0.08403803354712047
0.13055542587532742
0.35381431580221318
1.17749210740370658
1.20985782881203519
-0.12500907680760054
-0.39215687669636190
0.65868722688245629
1.28736072314635441
1.12667183769936452
0.36225167250992407
0.12417205661593766
1.26068370624021853
0.01935806745013036
0.65139473218505428
1.03020038781764844
0.29333361066651409
0.06132015288824566
1.23519250232214572
1.01973062320028784
-0.52826584357179773
-0.12168605586945941
0.73069862110228989
0.12489567800202173
0.86066785267846513
0.89382555292113475
0.04034739094671758
0.28168479505455590
0.67779222821676166
1.17072645422031507
0.85190995819907944
0.16384716274436917
1.02743893562842303
0.32709413348255523
0.35466561822857257
0.90382191501455167
0.26848071799905548
0.21165164769475231
1.00590108176733795
0.55406169036466846
0.10836781430266862
-0.00659721231814625
0.84522626793664135
-0.29964408273661147
0.04624078840074097
-0.00294923323076746
-0.21824606038236705
0.21564780655338806
-0.06845214413382095
0.59565132348369787
1.07666809620049797
0.55389351425773736
1.25218587305257856
-0.15748039017899093
0.00768426411930057
0.49205554500635645
0.29078625565179400
1.10211206428253394
0.01949176804017938
0.45465427402996550
0.84323678803598667
-0.04682930448915623
0.91666337379850427
0.40868718921635450
0.16790853313407089
-0.08945373399359369
0.97167921546203340
0.31531865279889226
-0.12037985245535909
0.73915013212400082
0.78310076185080546
0.89152492401952510
1.28736088047772590
0.28304345287112043
0.76751205552628421
1.13519951610544556
0.86202208500138022
0.29668626775521700
0.23149114255476566
1.27801990912321695
1.01534109535728323
0.51075010691641443
-0.12921079202553221
0.63790496459356238
1.03893893436370055
0.24246492387652252
0.29670602733123175
1.04429161447034313
0.51158208355134449
-0.01850645001629159
1.06404843451197229
0.33031769400593880
-0.28908126388020394
0.40510523326664383
0.79607103607852903
0.74933041985687554
0.25612164848510977
0.18738149821938321
0.54643963881782875
1.43752301219958056
0.57688222407600220
-0.40310237378996361
1.17058824001325301
0.68260979053999904
0.09260231320139822
1.05644238868344065
-0.15241362203453779
0.49077746895368990
0.91803919945046575
0.55780314307966727
-0.21633517778185180
0.21564266936378729
0.84542999732236035
0.18518086491560160
-0.22746661121414036
0.16961003577080447
0.76006618026547290
-0.04709326147732251
0.16899338342820402
1.02716726434190564
0.85086352285460598
0.17359129511205973
0.40410356830355820
0.86038022936388436
1.00348620416059231
-0.05271162106649585
-0.04077844860072100
0.52480787635943860
-0.07784555975492446
0.98806167067924622
1.06017276048145970
0.98419257517301983
-0.03180764644982204
0.09153149719316478
1.02659111390309388
0.30479277443931496
-0.28449666749310998
0.59678326075975108
-0.16206774899557169
-0.23042782887006075
1.06938815216410132
0.61799679003027741
1.07838987093691263
0.31298803731234193
-0.50624728264665597
0.25015190203368937
1.01714582230151707
0.75896106018891984
0.76617526438363726
0.03024138770737728
0.10263088957062882
0.68743689683508258
0.55631697744048592
0.99678327157898949
0.02408035745911818
-0.21137571578795267
1.15764239589676254
0.14402933521236200
0.98764395556640194
0.80828032117578519
-0.14567139581379407
0.92965282876304589
0.39932808722314517
-0.54835576920040685
0.20074258387417621
0.77083518810862117
0.39993718864168287
-0.31745063090973269
0.40274343329572093
-0.02527424077906826
0.27761682419130418
1.55287640063872878
0.55890292803891262
-0.02752178797018245
0.35667223043646223
-0.11012323752610187
0.44227886569168473
1.09766939416936271
1.00403127911580414
0.13758189634862256
1.01788966397119673
0.51327104890000763
0.98377483843894775
0.97990407048361727
0.04703125244058060
0.25648265363956924
1.06832013133707626
0.44382375755975201
0.05099881539433970
0.63798139643338292
-0.07607725139885857
0.79246824861824494
0.82042188183242093
0.11047732766541152
0.98173378588274285
0.06850625055754933
0.20589327233953136
0.82928331688864843
0.14166014347150901
0.10275698150147250
1.01337810860246735
0.43862126361226017
-0.38573877449004024
0.42016238568833048
0.73776061620118361
1.29101573403393743
0.39490889939898310
0.10587344276433985
0.35267989781522230
-0.17869771072972962
1.39250405442350256
-0.14107422171868311
1.58352463879507832
0.93850937675464485
0.46759597134776176
-0.20769717971868751
0.58238063760963554
1.03559201483419439
1.16263984810597432
0.49073608900014065
-0.24272937125420890
0.34062174074282014
-0.04219540949508549
1.20070678849732526
0.30964648322236604
1.28101823283478855
1.08880876568303631
-0.04140640368345061
-0.09003780440998876
0.16015034395649974
0.94591016179328158
0.59288901208158518
0.50899418443484667
-0.21950620663738118
-0.61616955978844978
0.22565413570639525
0.31093216541057533
1.06476116468737758
1.32208332918604321
0.61523338683863016
0.71794984078976909
-0.75050230666605122
0.45280232574315588
1.09599993871606882
-0.02796934688238639
0.56548557216864170
-0.00692312981265508
0.10712927342408507
0.14386325522089738
-0.03859061261758834
0.13288796321185664
1.47155051199388609
0.76304398175819776
-0.38043273670643107
0.89615860559405802
0.89423341586104543
-0.36818020751337854
0.37276752909620869
1.18567515473855067
-0.26464915163992542
0.40962806829101062
1.09668146887007967
1.32287779974628772
0.65073799168445301
0.54078925027212366
-0.16118724205727297
1.22451345961177571
0.62623352400454624
-0.59461223036760658
0.58939830744431798
-0.10240958064611516
1.05096980920990757
0.89200277179520548
1.33826901632106221
1.05791592456760197
0.58652368532628363
1.06081982645979966
0.13704784959150673
0.29763743083676497
-0.37599556322309335
0.57668580449323048
1.09156221298072986
-0.00853329058515218
1.06283636608159071
0.54922599774659986
-0.13067241422947440
0.97170390173889631
0.85907798270152069
-0.27281126674590417
0.88701040055050528
1.04903816190380095
0.81831714352740526
-0.11149162908531074
0.53987309629128277
1.30345157161063407
0.68142054411016573
0.31914391750232030
1.08241413683081023
1.18736479401408790
-0.08699184180570596
0.05086175781959612
0.69309099296907739
1.32209121334764834
0.64942941115714647
-0.25882462487275115
0.85960080740851597
-0.01647984071925179
-0.05337975002649264
-0.10461172107851557
1.03280223311914376
0.30530710806404282
-0.27108870287965570
0.86280910978328662
0.98061974239724270
0.20707057847012589
0.74922068175472323
1.19687968979018633
0.31117571993484588
-0.35966259316779303
0.19884058746212702
0.30175886608339691
1.08111657804766526
0.90582532199576082
-0.01195939718343697
-0.23731365407464722
0.77607399928702925
0.06144521407738424
-0.22227123353386202
0.91346914932520118
0.76700435617889839
-0.02604750915494991
0.53877514332853826
1.25129070112239571
0.44518494021016564
0.98489336564289109
-0.23425872260413461
0.54371553691146968
1.04117363834875021
0.62975839258827815
0.06598115331705523
0.23246894661504980
1.02815890559621326
0.66029137481448452
-0.15079996975615373
0.93878018922290796
0.85706563567251548
0.23792880661291094
0.94361509040646863
0.78924701205722358
-0.01319253767276862
0.35315418956577915
1.01729246484684999
0.87318809476634252
0.05350490820065512
-0.13371377330773027
0.82641556328964161
1.09999828168882097
0.63410665296754720
-0.05979754722058717
0.39424576290921060
0.38634195079104150
-0.00532257860512819
-0.08242770217604700
-0.08493318970198283
0.25423591289825698
1.15482768736968811
0.75335889642425047
1.30703822699355410
0.65275552102256906
0.01643391470448330
0.32101284501339705
0.99263532545347244
0.85568258172447376
0.93282949483470456
0.12327198245663007
-0.08452575880389157
0.15134822305467310
1.07095849417377531
0.14970725947722652
0.21834992216963522
1.15792999980848110
0.32745268506298475
0.28868807622358394
1.29307897072557498
-0.34801431820036377
0.25213446624275326
0.81356349443293952
-0.37321500432223487
1.56304617746199703
0.35239575410710761
0.06956469778214441
-0.28136487826740042
-0.38690920594148881
0.80534121080804399
1.01108151987326322
0.67166796777612259
0.64658802723940711
-0.23570568119243229
0.00724097547638458
1.15949049023271256
0.74484602317032267
-0.02780735258189815
0.72313371302542717
-0.07804149073696232
0.01391017856989785
0.70911014512932025
1.08838533091811152
0.18378287779731967
0.43830064057822349
1.45804517934930633
1.33973530979829536
0.22341487647312341
-0.08062335243659080
0.15402381102437090
0.44426810447280130
-0.17464029363946565
-0.27549627969204582
0.18885989096855471
0.94937525531079825
0.47617367497423946
-0.21841875382836240
0.86759449594364113
1.07146781361863708
-0.00617804356447066
0.81016366813389196
0.95438621416539804
-0.33606330914537375
0.82474631399104981
0.39538927742972629
-0.03192217518418783
-0.32326992116384523
1.09868506790437337
1.02809990016588348
0.37228470404983716
0.86928326265782863
0.09372793428026072
0.02990815346954268
1.13135645523725836
0.82488699560762901
0.14690814777299965
0.07177989697418186
0.87016099051712503
1.13766678145111788
0.25453655067212144
0.25317593379541647
-0.07993641180513056
0.86180918360306902
0.98636352184016196
-0.12267852586930195
0.02803255743957028
0.52055891091316087
1.11228669710298522
0.92065788591708975
0.24157586506997564
-0.48329095116175846
0.53817244978388068
-0.14042156257918670
0.28976564930680987
1.10230632574294463
0.73451408115371219
0.16730532555395983
0.09578518701888172
0.49501985200907472
1.25374485266728031
1.01129441151658295
0.02698483355283587
-0.14108755089316827
0.54726146115790075
-0.06881915785228354
0.28863647970015976
1.02460389882688352
0.90824855007099381
0.90318541428814825
0.89644473220133492
-0.02070697063933924
0.01686623485167427
1.07324627666487737
1.02146217128042371
0.76593767924931710
1.12141800757632359
0.84169752996029601
-0.13413071683616173
-0.11544287368222100
-0.29608624126657768
0.65640113791647314
0.94331039049369636
1.13858015691363268
0.09362357510176078
0.00507808995646197
1.18438858329763486
0.33914758411879592
-0.26978049146231076
1.00626921002764624
0.47897590703469889
-0.17868038266913389
0.53098167023228071
1.01338098797390153
0.16876434807117813
0.12899730678448595
1.03023610019952194
0.56991485171462264
-0.40140453224825534
0.97154067574721403
1.18835593554069585
0.55864176349032368
1.59375193355717482
0.68744185734133523
-0.13765189219931206
0.17665047762073299
0.93998803523102303
-0.12050760637629754
0.92027937237035484
-0.18217598979251848
0.04815595250467408
1.22604643426338478
0.35917223382642216
0.75012620727242796
0.88096571767231613
1.17705049000031647
0.96484081898617036
-0.00247524523339093
0.38244336472182583
1.26406486932090445
0.94677879848388258
0.90559717201795098
0.38478696865490913
-0.31324503061287956
0.43717899423626128
1.08845696933051306
0.80610677493002580
0.06225395039033793
-0.11097782459994421
0.87551625253402077
0.78627583912176990
-0.00753603938730429
0.32545721604925903
1.33905540005711376
0.41146585534636337
0.32408931069520630
0.77989612974764444
0.19603246068345503
-0.07232771705929941
0.80211732277388370
-0.15797259185127421
0.81997647929018280
0.94363460876650995
0.05853641368793761
0.18056203987356412
-0.05230247734256854
-0.24373338313337045
0.96215836098565288
0.65928427134369705
0.77080684339663730
0.98457911150509569
1.23276541111448523
0.83473437387256122
1.08247848268086466
0.91586644666442474
-0.09574277227135064
0.02941570714411967
0.77613186087755759
0.07430930271793701
0.34570114931527951
1.01123507978693494
0.45343461524266415
-0.36839546377326204
1.25805460878786968
1.11343909207187708
-0.49664269571933095
0.33081794970114203
-0.31838819112562866
0.11450221326294718
-0.26949409857849504
0.20195809695008771
0.06344274558311225
0.89431404305454942
0.57200684311194117
-0.11420789914366136
0.52186752281462978
1.00282430439014925
0.99051332396399772
0.77124204742102409
-0.02323593312681038
0.37681603070227887
-0.00929803956423658
0.91069544212696618
1.47593882347076510
0.23114701395271603
0.78788265430001858
1.12258680420413204
0.31533268047783081
0.01680927175909597
1.21107369504362694
0.50381840118364829
-0.16515404175276882
0.80486139370976928
1.10943497679925374
0.32170315208254274
-0.17150033080847848
0.96797473846295468
0.88160405435732514
0.17891474591095535
1.02839136897781080
1.01680493728709331
0.00866222227668711
0.50299479957195170
0.49768342782065778
-0.12406683625028569
0.66757296037977409
0.76253019599408511
-0.38846506947751580
0.49852507205148078
-0.35195609282196016
-0.10990335282704089
0.78563494794367816
1.01632928898184693
0.09038060087680949
-0.16476212890955755
0.66944971390490593
1.29610666591722801
0.00666833035174375
1.07648190702942714
0.82478282545507264
0.12143175150210728
0.90553704055713047
0.94601663791227497
0.47817989916733483
-0.35890490582163237
0.46027453394268925
1.21383133628724971
0.97639383526840562
0.88926240534561229
1.14027683564097071
0.39914834469474342
-0.06516666411832173
0.31676669680956099
-0.16885682370789779
0.12807794373399384
-0.19743918923921244
-0.17009402124071060
-0.00020466664571739
-0.36902944839059959
1.17158689988665365
0.28425663233659659
-0.01984759139084857
0.42856245603300341
1.12446899994490890
0.55489768985938959
-0.17394895933311594
0.31728756555320847
-0.27573734656265902
0.48073060049752220
1.43617201386721360
0.89982081698515648
0.04697166473909897
0.01276917057424953
0.86436708617015490
0.81100488544337790
0.78724000387217141
1.03891192431554025
1.05494084439534364
0.03181214586970837
-0.18772659850491563
0.99261956189907075
0.95914901154721321
0.71375223444389790
-0.12816503126319656
0.36305088529895774
0.33536131600972957
-0.13795684147776988
-0.25061072906370607
0.35726286654651418
0.67819550274575402
-0.00206656966337349
0.60102702471930192
0.98594046345469555
0.42237371006375257
-0.02884452537723037
0.44830057946952706
1.00914403837174760
0.77971278527950660
0.06449280722542894
1.05591529656740235
0.18499858696084737
-0.16465979232530481
0.63797163486333386
0.88721205669703140
1.31565092181673782
0.69235884945080162
0.00428737767039133
-0.33329917192752007
0.26159611745567035
0.65280331858546115
0.15121444807283657
0.05871302819926000
0.97093079516862357
0.76543486367635050
0.06000735460815754
-0.08858584597621078
0.13800536844733435
0.74644685531389721
0.80304549137795178
-0.45713238736873729
0.64721217713160395
0.89960234445821829
0.09244562177145799
0.41457103490163216
0.11125281188450042
0.48139104068775979
1.30800609504179821
1.19898251366299524
-0.06752624025233656
-0.01515527543085493
0.60238771331364949
0.71644853623006055
1.03898967237786555
0.70328877975439885
-0.08314717284904427
0.09418015609833374
0.95326405158143723
0.03616621467584924
0.32569317812362308
0.89326249354879150
0.72509712494096101
1.02064499040230849
0.71925724068474661
0.01777873132286567
0.14277659063601422
0.00790713691070788
0.78223761020730187
1.05337553370471193
0.10210970772078642
1.07131769589113213
0.19712141918431980
-0.02312580830767141
0.18917643347435165
-0.06412168295875409
0.88927374337864484
1.03242537842312254
0.26078319847585690
0.09230546097429859
0.95741248561879100
1.03281927649598337
-0.20394989934401941
0.15856826478088326
1.13685444475716224
0.31883852416673625
-0.07066732258555253
-0.10410003311510474
1.12172474167320524
0.53144838426552987
0.13747940497656486
-0.20415973636782636
0.79993277569540300
0.34147022589398823
1.10150507050091662
1.33001254980332995
0.01783914224825855
1.02997349635357649
0.39046495718322061
-0.24566369999814219
0.44712881186840508
0.83545190736536168
0.80961075531353233
0.36485035569305624
-0.24580906746143383
1.18780447772171138
0.14407295706628387
0.17384612489303319
0.94039312537558550
0.22385141611056908
0.97903887256285316
0.05646559281000629
0.07086633520389535
0.97521972525037026
0.90818202594509179
0.64195641345685817
-0.21534952439314048
-0.11045055556699168
0.09146128710092760
0.51733426230662316
1.06302267269086270
0.89940060505839969
-0.01522763599058663
-0.08851299436333560
0.69364143324926253
1.12719804684579539
0.81527358833251351
0.21739573285150260
-0.06248963871463398
0.18111697405781313
0.99171759893177702
0.90454538599476342
0.17621170479236836
0.56667817115544217
1.30679058682605431
0.77060905498439070
-0.18448219493835760
0.44822060958640897
-0.29811380881033889
1.36918564425197276
0.64874846732693547
0.66210695385690765
-0.14239171556552954
-0.09518128521075409
0.47841598648639516
0.96960646587023291
0.46470472550883091
-0.23792743120454585
0.76072455388386118
-0.01835861508099601
0.20954743139989673
-0.21881203506882546
-0.22258649109312956
1.08290928505185868
0.67149108905912169
0.17503773851430660
-0.10315521341970135
0.87339482244031186
0.89242232939683563
-0.18873110631167322
0.52579072573890029
0.79636973905517172
0.81525171249321038
0.85368262709408649
0.90816808310085373
0.63748349470970722
-0.56596777680533372
-0.06509665413161947
0.16717467878396342
0.02672438935081656
0.82151901945492645
0.82918295482721593
-0.09423467166213773
0.72715691952531769
1.22500682295235719
-0.40063031958761242
0.60095079308792299
0.88432468908958073
0.83004897900160557
0.26778381032241039
1.07854546810763541
0.63458200681988564
-0.25222271314815270
0.16811579781158370
0.79091225986948066
-0.13589304236070077
0.79676255140513841
1.24617133755716480
0.61061794776127265
-0.25358619329724807
0.38315800752794010
0.75683040304645322
0.98528832804446531
0.21379149055394420
-0.04258088041732300
0.16395161032393091
1.12132104308839020
0.90352557084531893
-0.04584528199685989
0.78306815273629338
1.13621247615971122
0.35756754551492187
0.04656812063514748
0.87024347057970330
-0.25241732685514284
0.32457552906044540
0.98297029261584212
0.31225058463170852
0.01225877648294660
1.15922894312861846
0.59028128316724793
0.95084377483103977
1.51747342938305119
0.56738084665030941
-0.06185903036627427
0.57588722350597343
1.03454159206600260
-0.00277578163596770
0.74333786291339277
0.93333400536150635
1.29263411055237087
1.27429089264866491
1.04390070666391965
0.44595671228855266
-0.16491692334811181
0.66060815730424460
1.04940865183970566
0.40666763682580337
0.04178041387040443
0.51662321394424326
0.97166404763189396
0.99038187133143618
0.58483650350403971
1.13123122691200617
0.38346228951332395
-0.06454183593156471
0.31235610412751058
0.89192809183467214
0.76044121921585184
0.65616887025773318
0.82747489115854189
0.85574572786806891
1.09021038777391244
0.25415792162428386
0.12869968517117192
1.35812792671933202
0.59009254503553576
0.02132372800311133
0.83550506455975604
0.54799893331058647
-0.06703864044800067
0.84008905762147734
0.01124455710711836
-0.04583159950857019
1.13999188067395130
0.75518492862604614
-0.12614229378177344
0.95574634693468352
0.73103092062546993
-0.24742309673593799
0.74794822016421336
0.78292180826610136
0.12644918006709716
0.60871761879226916
-0.14868624260638275
-0.21178595527094346
0.59277421432145005
0.72914135340473563
0.00747338901094219
1.13033267540459814
0.89559832947877804
1.16664788866805846
0.55845227354772087
0.86315591076668463
0.11482372774644367
0.14559199761655250
0.75284317134001066
0.81708597282743034
0.11346521340039517
0.25399256893691446
1.07530102040314079
1.08543315262693119
-0.37067498626881668
0.11704060820673423
0.73179904806109541
0.89606231020165072
-0.32800167236490629
0.17558554693103479
-0.23881799433845929
0.62355720726363961
1.22609026328706383
-0.14080211452453328
0.58485968584951009
0.95647779710011083
0.08545645122294820
0.70870357382114679
0.96781092999665996
-0.13368803122617379
0.36725686294056448
-0.19321430374755255
0.62479931188619542
0.57699508694117241
1.08964266741822025
0.79004006449477227
0.07718107662174012
-0.19859871553716479
0.61878044931863962
0.97701692854662947
0.10146983475665994
0.87648193805322228
-0.18498305013190419
0.30683215529753133
0.91234190361788936
0.77178033419994863
-0.10410846157303566
0.93420854009464360
0.89040015284776164
0.18348386012813855
-0.08603429282194708
-0.20303964876084335
0.25744056869235299
-0.05504217398528799
0.88842891903018140
0.77267148443467426
1.18573144556063559
-0.03032168992297546
-0.10869321583149294
0.85567639515700411
-0.42351287249060360
-0.16370361384291959
0.92116615437218397
0.98991579112366457
1.03153430659560241
0.60771166181642700
1.00110214054531865
0.67441286039094461
-0.19069536566787659
0.73610874536627069
1.20044041925015188
-0.00157714355648675
0.96065426204591897
-0.09320769832854525
0.66009059437220929
1.11757767758656490
1.30020408597858772
0.22330099490374933
-0.38488578108869642
0.41995138379920904
-0.10119634873922234
1.16857117676334599
0.48326098324611194
0.06598298866038743
0.88004649029927540
1.21345720286913084
0.20547207174097015
0.14018238463613275
1.04619309108305192
0.19785943390101557
0.16830678647846808
0.21892448005193843
0.88772222349645458
0.63417521437048330
1.31408028442026614
0.01790126083082044
0.72640081577496818
1.11436444645075761
0.59840310827355614
0.74102974637853358
0.08863966534682566
-0.00677630655845696
0.81954087335440273
0.95236814175867934
0.11815617172697346
0.75031675434741874
0.78300515508395996
-0.09608054686495604
0.60391958405098900
0.67433778244558318
0.01805610331601715
1.29187956917662272
0.59296975933166751
0.23367155847842069
0.83972708600233859
0.57102092713991937
0.00600418294788030
-0.05825512777007702
0.37013350875771139
1.09946637699507233
0.87330346138599113
0.48426318538087654
-0.06239908675576655
0.44445361195414124
1.24105555946894297
0.96429377933976279
0.61177665750166410
-0.19503545001341616
0.82557848375022580
-0.06039944559131782
0.48023163509360844
1.07386038092195291
0.14365264300463276
0.16193317667008744
1.53910118375747018
0.31533252424434766
-0.10005671691523954
0.15951750353368088
0.98325070500311185
0.86131878143616714
0.18183381779493291
1.10117462916330866
0.41646499544519811
0.89122291998109415
0.22068035207852543
0.96296340761489019
0.04976413818128267
0.06948392895870625
0.45924418410150036
1.06478882799591568
0.18408757775417717
-0.12056036454492824
0.37657599423622712
1.26683546926792645
0.49080214695226221
-0.07504175929169654
0.95367383235926872
0.36818257021420681
-0.01675473009087913
0.98694582839115041
0.15073136280194444
0.95653994598546466
0.45772316740423441
-0.17614900526492339
0.31190353499116530
0.66557921986323021
0.91557625919302310
0.18631084259136124
1.35858854328009815
-0.10368643754443388
1.22268083841371689
0.98982255217649828
-0.09588811780684658
-0.19360151575320084
0.56891405448965038
1.00003056141094793
0.61016647421989567
0.86483332384675649
0.42004879875841683
1.02524654887308886
0.26726982017835627
0.04248120903999997
0.45922709489014196
0.90537829254816238
-0.13907782809950497
-0.01581692381202282
0.55232935687736240
0.45941548622031436
-0.36677248363047332
1.17206821183968835
-0.13379154984609631
0.00230638138786043
1.11270918401499563
0.66341441508565868
0.90796549823484507
1.22051643600482373
0.33554871201793568
0.08703368196015221
1.16102191173296898
0.20749353514322066
0.86117166615023644
0.85267871761868508
-0.04931412178445937
0.67914479990060961
1.06125907026346189
0.43389081248010680
-0.01908749236115970
1.19425993195490365
0.84415166081807524
0.00067360737587630
0.77834344770621922
0.76462316052599133
-0.13425103056787246
0.01772931460446486
1.39272350758831354
0.90265826828994711
0.01655139696407404
0.55468403375925435
-0.34100071342930405
0.71195611715836082
1.10832603348692182
0.48477806982630156
-0.26242777927665972
0.73973895581681903
1.00936983827051274
0.25833714356362236
0.85692323992062724
0.20255729393200661
0.68285658733096233
0.17915203613616548
0.93921787762883990
-0.08538637115390579
0.55308195059439458
1.09957262518518784
0.61369297299045622
1.15863822634957336
0.28164328462323940
-0.02380769774434144
0.20991813818671784
0.81158038507576991
-0.36013498118747722
0.30607115519810890
1.06058365264936172
1.08262160450079392
0.25745421117055034
0.20064478476692504
0.90057296728760128
1.22027433724195178
0.15673619531056010
0.18930056105563842
0.87617108499517160
0.65848177194607160
-0.07637471713667299
0.50656425589376941
0.90367771413306253
0.00566546111535415
0.10618730931411524
1.18984117017186897
0.77888029612823062
-0.54950187431701503
0.48107321443821993
1.55723056308457508
0.82515281147857689
-0.53325803285738327
0.27890119695015325
-0.40340053774776963
0.64392421977600944
0.35950159070863197
0.91859800035777195
0.66650288900846810
-0.14206373463478084
1.24395894585597677
0.74608563452032761
1.04800667180627149
1.01132036650598622
0.42465023304677729
1.04399978936802107
0.61804804522999124
-0.12366152663334606
1.10202553479001386
0.24222588974936732
0.24408104958790799
-0.07791242949029009
0.34831113127952174
1.00368672900900546
0.36458693677563575
0.99531801684793719
0.63930819858032684
-0.05260593305643124
0.92796234145334433
1.03655590618778914
0.40506657344951658
-0.06352632334442609
0.88120775100893833
1.23581773660940142
0.22244312511228798
1.18866208049442013
0.46254173886805749
-0.01267344205476639
-0.02169276820894117
0.19368481562834394
0.84443368013497111
0.17860974640338734
0.18179074303841281
0.80237189253241392
0.16597127394373901
0.96527824855414024
0.34270465560558711
-0.14618479108342564
0.33258177629811919
1.03623679741798314
0.65849121545232303
-0.44848194060605473
-0.06581532745667240
0.66227087753892366
1.12930807639779163
0.16097967632064558
0.84912979888628159
-0.25363016466967914
0.31345245996155252
-0.05488859929163792
-0.39403271026865061
0.38175076291258270
1.02242828700977473
0.58406130954247593
1.03165694183496370
0.65172619887100425
-0.15938620021413652
0.13734953838507891
1.06027212331023413
-0.01880447605637114
0.10972833623409484
0.34789376018195517
1.06857545103354878
-0.39505971532094020
0.35061452891836553
1.07955527716924160
0.78721072566867467
-0.01159124600401928
0.36751392600515803
1.11379970818162755
0.10561427455848627
-0.11584512428288396
0.91195762512953338
0.92283289056076812
-0.14565524402702990
0.47461399682591043
1.07616508796314814
0.48871045047318096
-0.12508287977837196
0.42849652030244478
0.97659237720914072
1.04532206214470680
1.21909007310840223
-0.06002246380055731
0.04640830368260884
0.80009589385440161
0.41547356322424922
0.89273845578273581
0.88972981517786287
0.88178283115176581
0.71677475479287767
-0.42031276957923058
-0.13286612889696592
0.93019260609859278
0.47115372974093317
1.02942023552762985
0.32386219920575315
0.04769120483360390
1.33317129787289734
0.40255921862207678
0.59146182167491035
0.98386024435722885
0.57385737638370915
-0.19045204456339349
0.48456150842685136
1.09503249764895183
-0.08839100538989542
0.17783941344150422
0.27296514733105781
-0.24228324991324535
0.52397713526134593
1.10462133498706749
0.66341848895136668
0.10373629943800966
0.82316297262026472
0.17348682536521021
0.39543997069276837
1.12643287533152980
1.08764634922580261
0.36110026908440135
-0.07042501910557530
0.32549472888726977
1.38653908856813501
0.44628984939172545
1.05046731208557675
0.91663853406133899
0.63078805285557416
-0.03011734226704565
0.10596502058914353
1.33920791598115319
1.37097524534277371
0.88622151307011343
0.01273954610913974
0.73364529068873785
1.04155263634269346
0.30501311912132162
0.70517079809428207
0.86372932775648403
0.16022286587606860
0.18782695271784289
-0.00092703004842964
0.28405295002583814
0.68687682053650834
1.15631107985069193
0.91125965773706319
0.09112958163018459
0.32426355328340400
-0.17267538798255366
0.45843695386443167
1.14526766214637421
0.16479845095441514
-0.26207656564791748
0.89006697899532572
0.07508543535822920
0.50046103988675128
1.16425736309505123
0.60975233539723817
0.00007213191694244
1.12712909074266654
1.03178621315512142
0.72415310563718738
-0.07369120706927457
-0.12327012838397999
0.81439281046780676
0.78837915227345712
-0.09406865645652240
1.45700002258683869
0.63663086316180917
0.53592468870298937
-0.06912662302910122
-0.16947369138060397
0.43263375822195271
1.10832016442699421
0.37501009645277927
-0.34412592979290346
0.02136734879280699
0.42690532784500301
1.03748339200360573
-0.17532777928731536
0.16020423849627874
0.89122947187062918
0.12821897871063470
0.60774247076427612
1.02447649373136662
0.43384288256578263
0.10474490662084412
0.80324544236434936
1.05059505330019975
0.03778324086683216
-0.20530868383801754
1.30233245681047527
0.50658506951074000
0.25642409864496513
-0.40125579632530095
1.38442609834211439
0.27353660328204532
0.32302605289942166
1.16546867896173412
0.63242107695968175
-0.10118591986406766
0.49970757849223446
1.44249929702574020
-0.39472811497262428
0.67077835569100086
0.18939538512502674
-0.31032766556269598
0.08515782982653008
0.47195494462082599
0.95080538972637907
0.32085039522360620
-0.30244793387557395
1.03971949846683520
0.48364033159786185
1.24118965505233891
0.61692631410206578
0.16132055276040791
0.98168386748284386
0.08520561367334156
-0.17748455657356876
0.58830607541526314
0.99659735205332123
0.61368528703524938
-0.36945929516730780
1.07521233709535946
0.09850376071545430
-0.01800919327494399
1.24029513552657589
0.31167903274408537
1.29812534554473347
0.15480412830471513
0.11829641829602089
0.68971197614960411
0.11531435168765214
0.56601715913007800
0.76552357560696660
0.69031715207337052
0.17552519500058658
-0.35317609521127413
0.75619375730395910
0.73216794039213151
0.13538505675717438
0.22420802374383852
0.54265099229763170
-0.07940175206499711
0.63857532782715110
1.10251374871663677
0.36117523742027624
-0.27613110399403440
0.81065030825620488
-0.16039379258383279
0.98002873837418558
0.60103033355363600
-0.44284380942598944
0.50564896090173461
-0.15320250688954185
0.01456896118535012
0.63574264691160320
0.87781697078863907
-0.09852338036549813
0.42875381854564698
1.02921474049658057
0.44154317875198401
1.24023521467700482
0.41510907622246440
0.84315185811339766
-0.00603122264805067
0.03629521897611765
0.98725362900376534
-0.13322158491540426
0.48342721912612685
1.02549669272574051
0.83257805344143265
0.69191371689684467
0.92686977984051544
0.40242628910861067
-0.14128340047543086
0.51414562677981324
1.21866704495693035
0.80636427543399081
0.84940542522392826
0.55651078696970957
-0.23048493943948800
1.18646653193741902
0.66734388372147624
-0.08186788200908401
0.76982022245294202
0.00556869713765518
1.13290218901275530
-0.06362933299724594
-0.18715776025030062
0.79718922438041817
1.17722066284077331
1.27220027898232435
0.53700644013007548
0.58216859654347408
1.11977545606516915
-0.01065095903550284
0.34668973106608425
1.02548676945250716
0.94001563658004350
0.47377333950537370
-0.08910601314339783
0.12780007632971657
1.07607005263726596
0.50440006640489909
1.09753743107090496
1.11392691948226652
0.40277552685172918
-0.27442333555600962
0.73827816269336677
-0.05827951047123936
0.28347976874965597
1.40704708208842488
0.68132722779574051
0.31832595901127403
0.86563534781476748
0.31157432034918497
0.04157051237283826
1.12638439182001560
0.48085055855751291
-0.11123838786323326
0.36220520069715478
0.23374435041240205
0.20375602375928448
1.20302600836190687
1.00229275256100925
0.13003038924121113
0.08362066072081287
0.78062959781933450
0.78948492849410823
0.28657755010427755
-0.03039519968185633
0.05201822710986248
0.06562576486876481
1.04993152008429247
0.66704467843907889
-0.09629430296226815
0.41859106715515548
0.63213357744051391
1.06496177186083951
0.24057687928145960
0.04380874503682952
1.00094698767385548
1.15673384762656051
-0.03546662992997673
0.25693043986257003
0.91649902197981314
1.08265794158833240
0.15752662944037568
-0.10793606508090769
0.49785738001083890
1.11073791949318545
-0.24661434524503290
0.29773604074140225
0.81868173654221921
0.28062323800204825
1.12689720757412970
0.89082550383501169
0.58942654597763000
-0.26515730995283116
0.42711413419533173
-0.12867025606873939
0.05883814646113816
1.38857432550268078
-0.06896387299647988
0.25260381484005512
1.00669942460382211
0.63478345037003170
0.24091208650691731
0.84963351452786717
0.33511101442399632
0.05894578980187659
1.05219655607976614
0.68015784123160083
0.21226352557403855
-0.38753049286983798
0.73112356989468741
0.80652860185533637
0.19746374209926026
-0.05967465424682705
-0.21784979850567254
0.56022866553152673
1.09177310199974031
0.56107230645574346
1.19927391709968267
0.62225405940671896
0.21201891257114025
-0.07024218840161134
0.46537395388323916
0.90678164347749957
0.89202233163843170
1.31802794188114181
0.23522673843720954
1.00827808738064606
0.23293505854643770
0.00700742964837231
1.00310389017835977
0.67263763907604157
-0.23510948648225927
0.38311148496281777
0.45321930970490543
1.20236139975806444
0.71155602495058334
0.04253997286571531
0.60671310824011271
1.07589316775131860
-0.59335838127743956
0.14968858917437602
1.17350763041577522
0.30746325956598985
1.19150605601604354
0.85309633076946478
-0.04550009765278906
0.84335847765168970
1.39860850399430148
-0.08305645714458931
0.05764823481004000
-0.19690348551963754
1.46921999960735272
0.48930968097718675
0.37201186267177316
1.49977295357967932
0.00793643931931987
0.03640898183249153
0.88673880995744447
1.01038012278164491
0.81415431780542691
0.14979819451412868
-0.28972831797908294
0.95388517530651384
-0.26405162317657505
0.97111101747930872
1.05855026075777614
0.71992377290750220
-0.14647887457266995
0.30536267142986950
0.78054091865575836
1.37151400451372618
-0.15365471657743868
0.05079032352416046
0.68214300496454561
-0.21574283384012882
1.19400968662759199
0.87335220494032839
0.60724149783357051
-0.10384684572791580
0.24506590895468150
1.11354621025457723
1.14834307091390375
0.49233586383083783
0.03511209850068231
0.03591229083597491
1.10070903825097033
0.99260924561730546
0.04280238849730345
0.30581724065736549
0.96329398679728295
-0.05487893272133360
0.52946051777502245
1.06058519249162275
0.24780868242085674
-0.20682431902250309
-0.02206334332236159
0.19330655566759941
0.91728668431195759
0.77118742903180570
1.01529924177402875
1.10217378605986482
0.15637607036863133
1.15071181149054214
0.26170218771327169
0.23600183802742114
0.99549182188605712
0.00146699518481819
-0.23652297662752453
0.61923693108566458
1.18029795823743955
0.45413094570674922
0.39443436684541905
-0.12208998926453307
0.87682574107088551
-0.02079458929817024
0.49860694963484242
1.12143531479341974
-0.00065255797515440
0.43388872737421841
1.33503654666931704
0.32682653720489857
1.10400667371057160
0.53779957762254016
0.08232041604255980
1.31607729622693737
0.01321804937833804
0.18082016215643743
1.16801128413384814
0.14336793070483411
-0.06043917759165707
0.37594509349567695
0.47362557351046797
0.97872736936689320
0.63832472013883323
0.04807484235495196
-0.12838165885148267
0.86448429030610385
0.95080919121634744
1.36280333155207778
0.06670961908647510
0.50372526071767154
1.18706974397716003
0.24666475752910344
-0.12728819647787082
0.74511006737364605
1.22167478075993508
0.60184058820773378
-0.05375885692621796
0.41008131082201205
0.55818544296429751
-0.12347245856048084
0.69341513801063126
-0.16050216806680617
-0.11069209881908249
0.82282497217308515
-0.23065376390907499
0.18228364039272771
0.82588000949151530
0.18207955030900047
1.17298987597707272
0.41582769089836696
0.01700180674837126
0.86528328913402353
1.22985051394388512
0.22483396853839663
0.44277087521950809
0.89252560915772472
1.01782050534610224
1.14700505800665109
0.31120976081619633
0.22059461565210214
0.83439040235202921
1.45324859614355040
-0.08156027169208141
-0.19093857230966305
0.71391441990846394
0.81468625443430398
1.05110814412614584
0.32970905727232225
1.04597499452460330
-0.01548860183487810
-0.00130586494912988
0.49796816448912423
1.44147641228818779
0.91280529887205031
0.29820701788974779
0.06645651952372100
-0.02409544034989086
0.54149119468616080
0.88874171714907690
0.33158811477822037
0.37234313358254578
1.15391525008016105
0.41742977776132750
0.99055386956997693
0.88466930766405827
1.20362717384788875
0.32443600299553699
-0.27510507544266738
0.03657432713458553
1.27752189353858037
0.20420718366791810
-0.15285430120859522
1.12501083996454199
0.62311439729617324
0.10591005496125838
0.24299024399231917
1.16429965427624071
0.11713256725540810
0.19348686307926433
0.11202791869175777
0.34657956358555120
1.18467780751560881
1.25217687752208695
0.37478062867719036
0.02348209557948078
0.85423196625879849
-0.04758969223446208
1.09418098023558041
0.45212973917841587
-0.10811984320054502
0.07304395523981722
1.01715020026407488
0.26499083640621757
0.87494427390445295
0.60087821264370256
-0.21814039392209295
1.30537864610631971
0.52111398732441416
-0.28211149221314313
1.06625435188617868
1.03011864472254255
0.46420054348970374
-0.06873427962054257
0.36920918752688570
1.28606149652908286
-0.14128756865509129
0.88044457081231353
1.01835351942753682
0.91876498648084581
-0.10765989856768277
0.90742995645876878
0.91092215442919666
1.00922260113522988
0.39582544615164472
0.08355771463506467
0.65299714570540901
1.18985551513042132
0.25983734633574840
-0.23691800128635099
0.39217784975076009
1.41329231429891400
0.68629434816560342
0.82822633227640208
-0.07977479707155144
-0.12762788902942579
0.57798634767404500
0.77031467260357567
0.99202979940280045
0.32669030539631594
-0.00040330060438409
0.79772965012892083
1.14046281557181972
-0.08617154393568105
0.01352331521800509
1.02422381872467860
0.86549449626102759
-0.21841512951208908
-0.02041623986243346
1.01044751621529261
0.41164919757632190
-0.44047542649334026
0.55537520101908378
0.82476448175514860
1.46240527512017793
0.86509092716878111
0.08514387490634812
0.31445285175890242
1.07813042963928596
0.80253576672025739
-0.18943353145955377
0.49197960064264967
1.14836960888381712
0.14925349659533460
-0.11898641875171678
0.70639056358524210
1.01708937669566546
0.36182364377087917
-0.16111707263254416
0.81513822709338890
0.84595926661190579
-0.14514857574311213
0.25111379070046125
0.81752425692807829
0.66927366113903453
0.79832758545944049
0.96801762964973559
0.22474648219202670
1.05512809187193057
0.86698961563429400
0.10115029725619595
-0.32678369513867001
0.50103093722999337
0.97075781883828149
-0.59486852816588054
1.32314549073372811
-0.03491379738298073
-0.06322309321795944
0.01377578262639056
0.64005710541751071
0.00074311504396152
0.93833705915416799
0.21661834734181229
-0.15688054989006472
0.20861926949000997
1.03635714349776142
0.90332663740109398
-0.12507633125881235
-0.07349802751764034
-0.23589275232600604
-0.09708804686578165
1.42055880958640612
0.17469792210696439
0.72537785350696815
1.08849020902302240
0.40820312533441383
-0.11856450939083052
0.37270253603241532
1.04151142345807335
0.33538227055255154
-0.03032197185556584
-0.22155658033090420
0.18648370680773235
0.84257304145906997
-0.03405932094660657
0.41190464256842735
1.06686843358782202
0.94462324778347528
0.16013312297806592
0.19256834658108613
0.22898557378534201
0.58530033673365234
1.24659830862154641
1.11489801008861567
0.49275432791305468
0.97527518035049754
0.09562468837639088
1.18686531531521555
0.50706988061691027
-0.06033984958822258
0.52702683918511772
-0.00980936547387712
0.14526346991163497
0.89831211691421531
1.11477759577119784
1.06985296463721058
0.50060108249311153
-0.11654754935614142
0.67991325250688583
1.18595747755704717
0.57768018383126263
0.38968076510341687
-0.02080513314599208
0.68449472786685550
1.11499013052644669
0.44290591954381803
-0.15584497799477004
-0.33176847681970567
0.63015161719176838
0.81173286616126306
0.06758015811684082
0.38072019565881565
0.85695824435272838
0.51452916290609818
-0.02081911615210164
1.01845389894728200
0.95048351360928263
-0.00678408357882809
0.38722923262182291
1.18154450038023362
0.45383527950972546
-0.19424281881080688
-0.39738436412018763
1.05288055002170178
0.81011775477993142
0.20439933247859127
-0.20979237414033547
-0.30240292015118198
0.18999805923726587
0.66797430186730200
1.14370416784455675
1.11876857292900223
1.02419224531955422
0.22454523939675997
0.78151802117114533
0.94147351103570132
-0.16372451592949588
0.43112358141695684
1.09173341540405611
0.25185347477384695
-0.31182618678988416
0.19588934650783030
1.23467410513550258
-0.36896712837388768
0.81152811487608312
-0.25235383779923093
0.20215642239824777
-0.31058482908798768
0.79773385718195589
0.93942132457849237
0.52232865959164987
0.80795786511319645
-0.27387340489645123
0.16534049522668959
1.10766011043659862
0.63607808445218172
0.95967936233330842
0.32865248537554753
-0.27099609465822283
0.73195487163484929
0.98405704078369993
0.48876165307193231
1.37594446455423802
0.23920113865545156
-0.17501689378963448
0.37100405756673416
1.04306504235109410
1.08416569431973286
-0.31630382436175142
0.83557495115867264
1.21003309858760533
0.05813533828128492
-0.29676897659861973
-0.24814481473807259
0.19295933731493314
0.48972472199444872
1.00067135126058515
0.58990507674958459
-0.11478874636856007
0.38827412730495175
1.41604124585354452
0.40324644200200371
-0.00312016434659002
1.02568030008535716
1.15150349615831660
0.39405608585995744
-0.26011191026464697
1.03622883889359052
0.09952478024874944
0.46438371693193264
0.98526935377982305
-0.06012255218782536
0.26595327016649428
0.62137103488682721
0.97995158876373867
0.48164922091053125
-0.00336792098057259
0.01954976986116352
1.36687900335100876
1.02922211780278960
0.01605959254260414
0.11785249586116592
1.25113042792412843
0.70832254076847478
-0.04194408441629194
1.05452521564710122
1.23474018738529612
0.39803392763721351
-0.20662730127095807
-0.06457818160228462
1.40047724773038862
0.68974204776918935
0.08789949424947674
0.51208243426259625
-0.20462484128177572
0.76326411913628878
1.14816195642901864
-0.10071677937903822
0.76859625401612619
0.50143571890592131
-0.01623645293483300
0.52023082727220027
0.97558039374557237
-0.06860020693690172
0.92835906863069839
0.41726495063984692
-0.25179071019277099
-0.15154575040776130
0.67090440581197264
1.17705218894095021
0.91106991880851540
-0.21237895297271026
0.50456100730723874
0.78204477198131206
-0.17432707672599868
0.40035376973953596
1.18120130956768010
-0.16791453163172954
-0.24445059821133774
0.29866295559986555
1.01360614101371160
0.94068435092171843
0.96378493749381877
0.40719882695128962
0.96360071022610305
0.74516324148277369
-0.01769733271325491
1.01139374786506453
0.95331812604708155
0.16768393982950291
0.15701302197876887
1.61557981157596653
0.22540794815371484
-0.10703055015562712
0.80473009531944029
0.46032492818755127
0.94637593479877535
0.24565196511031506
-0.29091582926478238
1.22981323242459828
0.99138638218623321
0.61356665271158906
1.06828505832037313
0.33736969455523791
-0.01656665777158817
1.21013728646612173
0.70064793969154027
-0.21220525324214834
0.57862588126626091
0.68640386879847437
1.22129020146392109
1.19521645947740551
0.05065915507022706
0.15512977545753603
0.74085606511864621
-0.12132959045141567
0.66052818973113725
0.77960118266564049
-0.17165880861964677
0.00659931976113082
0.82385045215627417
0.82598840062694556
-0.51682622968749292
0.92195997935777552
0.71337319084264961
0.04352733606836423
1.32061282002186875
-0.08976833620823277
0.96888157863657376
0.45017747561409088
1.42884001850753517
-0.19635401391960805
0.51358985028489390
0.10574644809401135
-0.11522379778827674
0.93395691930035696
1.31209271386197024
0.75568064092775100
1.32608372990664969
-0.02939473898309775
0.23386031587082878
1.12149267718129608
0.63230810471510335
-0.07160658943000453
0.87512529392511995
1.16877080823890367
0.02050739763396459
0.79852885430076270
1.01902571091074146
1.26567670136491306
0.27366977612596421
0.07637399252247501
-0.16771529915553507
0.43931450557683971
1.25191275293270365
0.31187930517683388
-0.02555364640796121
0.93703194624476494
1.37799537665131089
0.10632335736998111
0.96592687153363588
0.93754881069438256
-0.24571874214072875
0.52252783502242650
1.02074227023315878
0.06116213229200618
0.22904972862176792
0.82697991843155916
-0.01040659930955068
0.50856699683246120
-0.01714837095374100
0.72001979031103180
1.09247090424449400
-0.15185124297771435
0.27921195099016416
-0.00300934320552582
0.32070428080128799
0.94734981901236492
1.59663182985684848
-0.01997071289006680
1.15322610100017053
1.10435479084838439
0.16780656094255941
1.05125254689696135
0.15591494809021023
-0.11704650947207573
0.78402450750756136
0.15972056929964340
-0.09059049272164310
0.54240919057049841
-0.12283301397713708
0.82873030011983173
0.90777582570950710
0.90506142910840826
1.31653249815371742
0.40872789334577664
-0.17420265947674507
0.25510273534755223
1.47311130466778395
0.98636333158552536
0.17891577162296451
0.01015436204217135
0.78585948214875845
1.13917782694214953
0.72111152453295835
0.97215019425413052
0.84640243163832629
0.94670366144694307
0.09902793765488549
-0.14862597121006205
0.46263695637734864
0.03288392793487971
0.76628566823833177
0.90664541984759839
0.06979781152073328
0.93712865098151688
0.23391588639602434
0.93895461250752565
0.89020466613736349
1.06987046573726041
0.74554642315632003
-0.35976229417520755
0.45634549870357249
-0.08267604783720139
1.25886823169471573
1.02296485897858092
0.56020457894506981
0.12623520697664714
0.97513387888819358
-0.00531526774768531
0.29463799830170012
0.97658266092563362
-0.16549425336790369
0.25459452178576014
1.09092123736085034
0.72794895687928485
-0.15285366228806763
-0.49575795606686585
0.93562933983453123
1.02980598299745685
1.21112746252368897
0.22579130072388404
-0.13367705761365389
0.83129545541370997
0.78435119974376499
-0.21064703283180486
0.00394487055755532
1.32113804030860615
1.09940853307485997
0.35757489216282756
1.15812825663662400
0.70107837332634459
-0.29118526165213987
1.31342646366874494
0.29981724482863792
-0.10071132799484761
0.84368317231478018
0.08938126378521838
1.05026947882465715
0.77897815807648141
-0.21861855833456001
0.91257320544102749
1.43876599793741855
1.07316270527324176
1.06002022041261079
0.04826781051632467
0.28671944248494030
0.89733757111098289
-0.23916964449931566
-0.40848721504791075
0.84165583143342393
0.78178494991626146
1.20538518219857194
0.46377212928161182
-0.04141771379964210
0.73808245080494783
1.50105358481461737
1.14518059141770490
-0.15415084365404030
0.02657052288475481
0.91728715373219427
0.74312276983268966
-0.15082859435372131
0.41119369216535817
1.27710874207281511
0.39093470590789736
-0.14081701314746298
1.01723901986673826
0.47729822188302284
-0.14833020809896635
0.70471505587331706
0.25135363719507120
0.10535217187987134
-0.05917422682833162
0.19431994305813927
1.05770582654184908
0.63815096902718316
0.74387506583184204
1.22403790769548704
0.86283694586161874
-0.00577178425123603
0.03359509352009793
1.24220262798864889
-0.03454864308590855
0.33305962892344770
0.84064152075323717
1.11240419203281204
-0.15282379057779394
-0.00880660030100899
0.55749757118479260
-0.32587109219608557
0.94575754617763286
0.22353667506709551
-0.16748312733677673
0.50881173984363981
0.20153498985240725
0.18348822472560855
0.89473384335569783
-0.06639397107327860
-0.19499594758215533
0.58882609757024229
1.00528726556816861
0.43645856474175293
0.02677454420136760
1.14286396647368971
0.94353242533457848
0.18087751428948340
0.34569969987963900
0.01140110559755925
0.69996496417863652
0.96951838043909622
1.07490486082595149
0.20920850977113875
0.73532954262522587
0.71155246855670973
0.22131150056420512
-0.01256906290269133
1.04636070423576233
0.80809575044304305
0.47466659938739020
1.00466257100799172
-0.05954574373096555
0.35096474810510447
1.17278965066947527
1.02808836513107194
0.87146883386124263
0.04118691102987748
-0.07525673714124725
0.08730012660082742
1.12092547149283206
0.39252471305867964
-0.08452027858785249
0.11192035576880011
1.22892387991767160
0.89859729071972883
-0.01584868170700127
-0.13995218977528789
0.04664962272414730
1.34935906263668359
0.34042586467144553
-0.12706886821911922
-0.53232344360683292
0.82601541288922042
0.62233207773031451
-0.04377382970441202
0.21151155739042693
1.14598797619857407
0.34663726046013776
0.96604616524402576
0.02328449978632463
0.19941200813080096
0.97756001729280162
0.25986304448602421
0.27482761331986549
0.78451151187242996
0.88231287065817332
-0.19701344303624435
-0.18569201470459595
0.32392526515589792
0.99276843300563622
0.65724640217273811
0.44565712353560283
-0.53806092689365492
0.12664850466371835
0.62995396410978099
0.27510803013515206
0.93692253362481615
1.15804786097138490
0.61665394909692905
1.04987659034487857
-0.11802208556359850
-0.07772535031093653
0.48418464882968953
0.17385188527631557
0.25544147779415338
0.82027002774833280
-0.13801687401888274
0.15978746251310061
0.95429391037180489
0.24493037770955012
0.96343972886858709
0.62625939085923299
-0.29684198882364476
0.91791138516324899
0.75533795588916175
-0.07054796798052143
0.45087653157399349
1.23835113372912531
0.56495465153523849
-0.29888175979806153
0.94631879523705154
-0.01515014767844658
0.55211182357715405
1.13497389570735341
0.14960441379818534
0.43701635044907261
1.01947098373570211
1.17217948703163022
0.45274747777273661
-0.22231154967029743
0.19625327966452560
0.45187619529418066
-0.04516405041537053
0.72422046443866184
1.12660004793344592
1.16184422424374612
-0.14499849024503964
0.78224556590755079
-0.25307129680730311
0.14496550976029821
0.97095685920193886
0.58349412213925878
-0.21009063643466797
0.62210711197775170
1.14669347341835537
1.03647254670396505
0.88268461650927277
0.15072388031549100
0.68578365848228029
1.37722813538929256
0.18534065856437798
-0.00155179334684585
0.32762622509067540
0.94615631716770421
0.56389427532051306
0.72775639252517466
1.02739758898215761
-0.15937488250478971
0.83287054824584872
0.81501357041411882
0.21934471034008218
0.31079353965410284
1.35219391453776239
0.79647664244393479
0.10591001626652508
0.72936787527524516
0.06924066442358545
0.26387788063157247
0.93491310420316309
0.06272221606809492
0.65374178807442074
0.87852033366624915
0.20345671225725015
-0.23164569497445497
0.96298357169302040
1.14556705781399959
0.62243769110472247
-0.20822052224411458
0.15422200691912399
0.32126967123159433
1.00309501897677023
0.78098520728187215
0.08050665214556618
0.68960174273704045
0.01543742889540645
0.35599708439135491
-0.28402475243190850
0.58897826703863854
1.31550004665856535
0.93641621241262163
1.01335516447577856
0.65050826309357324
-0.00288040516586696
0.19103246780748090
1.08021750198747402
0.94552718657919754
0.56107631851756934
0.64199215022050593
-0.23167956244435095
0.41124164180637190
0.86433428725670980
1.38111856846625658
-0.04218314368964798
1.52735142073820196
1.05033600596492205
-0.29443104220804228
0.46646768719456383
0.98814222071781532
0.30866633052948611
1.12038443801604592
0.77395055295391524
0.54367813652955066
1.50568509866624956
0.54895473591174737
-0.04523169357664703
-0.08472066067665274
0.07961984750205919
0.99567892469587105
1.12401896935864909
0.27428000483386306
1.20626003880721422
0.71998074913427101
-0.03585730683801946
0.31961912009190641
1.18601940134625350
0.88102340960282388
0.19255175269808555
0.77553977329663082
0.06204224957169902
0.45720407245109518
1.40599345579369017
0.05358961467866108
0.07642529220670702
0.08311458945549977
-0.31098018421227513
1.02742973706202467
0.03110845732667999
0.84735793394214887
0.13484333527409986
0.10253504717138517
0.94871402496594071
-0.18512860581039314
0.16884616000123043
0.21194013955553936
-0.00354549066613197
0.80774108655065691
0.87529192607861994
-0.46730878447529844
0.68030426075889294
0.10796043325541160
-0.12505942764983913
-0.37289881470309538
0.51523095301678634
0.80323333641913597
1.03828674466214643
1.18666540648082952
-0.03248957175732597
1.30801693729170787
0.85674748202135897
0.88167920180689285
1.04614176609012643
0.29625856218965474
0.18665698872412539
0.16219389822964697
0.03036251393536393
-0.20528217540150773
0.72310591959129611
0.82898736202636836
0.20382660371577555
-0.29345994535751929
0.70518139626812115
-0.23726527435061084
0.58085953806324842
0.38446704944418614
-0.01237499716798385
0.50034997125010516
-0.28409213417095325
0.42334325303652642
-0.32422942944690125
0.61625500246233489
1.03464267412248967
0.45762352485460345
1.20872271351679816
-0.22129935298941894
0.01497881479030788
0.50288274827560775
1.08607301466449191
1.38874835218323156
0.92554615558345188
0.36716797513966454
0.05432129795348650
0.20342406312802030
0.18675223161500831
0.77828764648286430
1.21519927617537360
1.14324152513235355
1.05591344952751642
-0.12811453659476724
0.48217757206401385
1.05518604306089969
0.42240479899246514
-0.07027965266286940
-0.03218385595100026
0.88511084989346922
0.78381453695105818
0.03015854628681969
-0.19123354885993815
1.20263776661099664
0.42909434904452048
0.21123680967664993
0.07110001938759236
0.05929501040754548
0.86234481163206400
1.01316786776662848
0.03053062977372589
0.25157684801740932
1.07130014466538137
1.10242017123144365
0.99149120831765014
1.20027463520092947
0.75169936117654557
0.97548123691070510
0.77312600398070708
-0.09072638952864165
-0.08847463836818592
0.06789490439749091
1.00299054566894497
1.16648447734638183
0.12803152045777000
0.15334315356163336
1.40122148950197412
0.76948606935088515
0.00497837851739724
0.17212865050810525
1.44146716939474651
-0.31730096838086119
0.44736905737332217
1.34508150815975802
0.49569204393986449
-0.07182159093557761
0.77764906171053860
1.14169099285714171
0.34675160216218393
-0.07401764936798483
0.47246323989191275
0.15625795793929342
-0.00858164156591512
0.40048699557141054
0.12750098322885706
1.05707240183620632
0.99527927508397496
0.85279304588674176
0.96578701018943724
0.07018358379297129
1.04136733754417787
1.15527775291454637
1.02985034150537214
-0.07159636439707640
0.36292078011689144
0.87769426422528940
0.54841092838076244
-0.03677595151863011
0.31062164810473447
0.73093850583910436
1.06619729230833693
0.92558820977143608
0.89031816433388644
0.16495460690661190
0.15418544054409933
1.07714539961913847
0.07624386622609725
1.01058085482892102
0.06851258991476161
-0.07344036220605199
0.72540714747888635
-0.24224214099300279
0.27084944488934976
0.78726401799421786
0.97967319845887124
0.97503816888859285
-0.11515274200837622
-0.05505698098720735
0.50672932817393879
-0.06026314143197198
0.43865239063260053
1.13126425921543339
0.77284872108719593
0.95881003013298816
0.14249852098456028
0.22167616801754164
0.82242917419188322
0.34320496348230350
-0.28828917693455136
-0.28999208631507922
0.87677006767211385
1.01334295936165675
0.79808241230546284
0.85070285345304408
0.78949694971845097
0.98159565991233544
1.02229042509936763
-0.12685835709226134
0.53877919164300070
0.04458539667321704
1.16639536039197633
0.17873842796502043
0.01843130909654467
0.66366445196456403
1.06789099241458407
-0.20324395018547425
0.28109475899133535
1.07550845515899574
0.34406922514137561
0.97646183526995145
0.11814767915229030
0.94890314498905015
0.20446072100633061
-0.17454754463496136
0.98631427441829489
-0.38192604193898327
0.91099031225090132
1.13472079837648243
0.46216073054545598
-0.10153459693332612
0.29421030634690171
0.54544527557737110
1.24611916937846479
0.66369184657087554
-0.17716663350563233
0.47610749182780687
-0.11381290502930042
0.73226822085638366
1.01479276922434902
0.98991959068137403
0.51278314573525596
1.08118453863004604
1.04837095724949636
0.02323903781136383
0.31661584854127356
1.12044049248876032
0.50279147773987509
-0.09672177652971758
0.64011432548470781
0.89103631645035331
0.31585606146233236
0.01669876569542950
0.78751973173310974
0.81924524964076950
-0.08378702040542019
1.10470554584914704
0.51832248993553209
0.39649368930651774
-0.08637923751116738
0.02267505145214976
1.02239659624866186
1.13757422890012116
0.64007407924058901
-0.08976835188784693
0.25739790437882148
0.48423245360236677
1.18227444405929050
0.83913766407252899
0.11026249788816800
0.99127371726955138
0.82488237959300936
0.12309941826100879
0.05906648817849458
0.74491892293476014
1.15110997498636469
-0.32941958010123107
0.43876492070011641
1.07703971385426445
0.26095912724675374
0.04214176992602137
0.82033789306226224
1.07367036913800740
-0.03866545592111348
0.28994169169056572
0.91931269347752065
0.28861816415583585
-0.26620609763791503
1.04214352190235404
0.09584057678929425
0.08153873439864678
0.55935749247692079
1.31646710714947845
0.35842865250132144
0.29991705256105727
0.16176935017749938
1.44142881737245698
0.67677790097215174
-0.10630467130642496
-0.23228185014552605
0.64629500185189981
1.14670464437841146
-0.10658952732611304
-0.36252719392883570
