0.25446243576020688
0.55330325045547013
0.50342453509521345
0.63207309767169428
0.36735951086811469
0.51451551006650431
0.22173234248649631
0.42785997871004178
0.06399867299492823
0.32893857547975713
0.83644123806826021
0.64488471246940260
0.23298107750072961
0.21062894357165041
0.62162594182644471
0.54068912697799232
0.42841563811388361
0.24753114620613303
0.71138436564838314
0.51873396922692550
0.36039998203818402
0.38047369451048596
0.83153450644669313
0.58132402392358284
0.31171051962963303
0.59652072687530810
0.63994933736385129
0.51435622011113735
0.50376257919055456
0.67714128346200164
0.43174629082276872
0.45158228956122320
0.75157446466373623
0.69601508069196261
0.41834890736640840
0.51013195426147395
0.69585422571465616
0.66848156926009339
0.27060249845178125
0.38270166883964551
0.47284233924235303
0.64746655505029072
0.34542461889436471
0.41634521316391615
0.26415634853745446
0.50404041840310787
0.44377232103605124
0.31716564483962167
0.16356351389090473
0.43327873970244329
0.61452607314978769
0.54451617757597148
0.40154118337565053
0.32603871827531472
0.44834914391864877
0.71750556232017682
0.64987392248983189
0.49202524904542244
0.36511873554439866
0.63114031850494190
0.60087463406189323
0.56053380579377454
0.24720900786493105
0.54474770982964871
0.81223091727919217
0.51798474789266524
0.36294993237887552
0.40442355962503862
0.43055554086917308
0.44991462925006026
0.28314899907923907
0.47633466198817348
0.09608586594982871
0.69877039060335333
0.64909079916512402
0.29320591847951644
0.40921732461301891
0.64241799339588956
0.51370324369992626
0.21887694434038452
0.51733828744156618
0.67299035047213718
0.28874145642992027
0.35018077075818677
0.38808873723588955
0.63247759581496121
0.20669499539985392
0.42316965951970786
0.40072850978167074
0.71333823765138260
0.28085332480250835
0.51046460955794726
0.68175167710957951
0.68557256317468251
0.23806683293788944
0.42390313280708297
0.58344744846562802
0.55129560198783034
0.38580916559131284
0.43104883005457345
0.66355535952804900
0.57361826345657430
0.51662131619591878
0.43507142878132604
0.77289378384220786
0.60712993934418102
0.52809606527267305
0.45363476060051028
0.71503395367308442
0.56970711636505400
0.52951702829117409
0.59204188673772773
0.64619607257386391
0.62185790158490384
0.32440004650169929
0.49538928177689823
0.49117569538558231
0.76703837967377686
0.75542664383706715
0.53736604317180181
0.30468189004750845
0.54418836443036656
0.69876924675776930
0.54926657151874603
0.21887654843396898
0.36084155660281930
0.53376642491347182
0.51285637616585777
0.34300985490945279
0.40792733052096236
0.32453272830116880
0.54930514644928685
0.40341221133175648
0.37071626856600071
0.24684858395353970
0.42038564933730072
0.34922994770231830
0.35892331791166970
0.24409119277884828
0.37946970863594398
0.50152469317037851
0.62931598789670118
0.65621305445166789
0.33971502561115330
0.49261948052871729
0.59888547166998629
0.77399212407271611
0.50827674664363653
0.18688642095095742
0.56143316495651896
0.42118104389269784
0.54051303546978779
0.54956475117662429
0.49013489657320564
0.49829013530762289
0.40749496810935937
0.19416865496065261
0.33124539498179933
0.18665453890839123
0.44626467801736158
0.83662388366880469
0.34138993885431645
0.38641734709816522
0.55068658426368577
0.63422087986010078
0.28850317040164686
0.54598609697090617
0.59943939524567813
0.45259410680463136
0.42100254488264832
0.47651091826998226
0.67782768531918425
0.18227030563609636
0.34403570378325288
0.49198458095365200
0.78824144064284640
0.34506168842927626
0.75201985941675797
0.54098772369088066
0.79363944737375680
0.28265506803213725
0.49133249508396698
0.54248612162403498
0.62335242652103362
0.35889812800505605
0.45935272524603254
0.76785406574929349
0.60214804384797249
0.21216936421622123
0.34843180366372173
0.78124933234254990
0.58692289819647869
0.35779935316936784
0.42256128380299190
0.79853719146067870
0.34300833711083012
0.26210438962755195
0.66480459198116471
0.70152666313260570
0.61240220378815446
0.35054048091327650
0.53444036102440762
0.56459622742518434
0.65660860023142165
0.48470964274820916
0.57145722465816140
0.34209604299559504
0.81896211933393570
0.88398617394617574
0.54405805578591915
0.67906025832475492
0.51206902200099291
0.83245215115938886
0.49293469029730252
0.29903655943104468
0.53865377069462272
0.52806010566976636
0.44937990941502592
0.54442757333004255
0.51903792937262905
0.33221979671687374
0.46743017427226047
0.58670844384754683
0.30472668779239398
0.34109391471385231
0.40598729558993440
0.75001449860880209
0.34666153724373666
0.54409176284934557
0.30833109629386846
0.47738303477746913
0.47936189832596987
0.74820784750227953
0.42059515538502623
0.43426192661553409
0.52667641934031939
0.41197419970802707
0.53623018964118618
0.04059359330971801
0.47231178166004772
0.58776358608346124
0.43986259766607938
0.07672045857196341
0.42893516346591770
0.60147962103919261
0.15788248807131955
0.51000773283824841
0.37667554134219200
0.31360030565591435
0.31432018779820337
0.76418158221103327
0.34074525867793626
0.49289937294524283
0.57684165505132134
0.58361626849827508
0.51695365728148379
0.61464922339888639
0.85560806805743972
0.25733847753809957
0.36077626975652732
0.51643533262254060
0.72451525885193468
0.16742312689777694
0.47807587515642680
0.46078453966362570
0.87530885092571020
0.32038073054071792
0.56894303588194561
0.70042505133042998
0.92037117742619423
0.41294893474262195
0.56436809450654812
0.61650515189112753
0.62727224586662889
0.21248559485682073
0.39283061202039876
0.76562047782520859
0.47848999249151447
0.38629731693162495
0.42488487862647834
0.73756138848996811
0.24261445637305856
0.51593536804721851
0.29072549830038485
0.52933191676583768
0.44028933795272124
0.24164128107810257
0.65977217322400306
0.77580852752113161
0.67578258319800955
0.43416776225060949
0.16121003629425179
0.46883570186320500
0.52293799290435861
0.71742482166267529
0.32323468961239687
0.31923614142176182
0.60859253637451316
0.75210258988997680
0.53884605340703506
0.37591107763795861
0.49079247195582898
0.70462025260869865
0.49079751141880990
0.40147520764131323
0.87276396717473947
0.14111604857322657
0.42951939029785580
0.48793513345981177
0.40229314447110587
0.38759754982254940
0.45037258066150260
0.56361106219920987
0.24919483190352609
0.39494061416367271
0.60321163774303144
0.07696414645614358
0.56921091780363708
0.46473659559730907
0.47443437984833481
0.17907022724711652
0.50993672149051894
0.79803956348290983
0.49985374437737023
0.54338049441556413
0.41843543195227489
0.39872559627474691
0.40832286500985243
0.21912220673533955
0.34939523975219328
0.72333509316210265
0.27888148280413494
0.27338285973236498
0.53101271576178599
0.38228578682282394
0.07797608149534774
0.77757696678547839
0.69785376266214993
0.17255686893104394
0.46503895227178615
0.56344209968430181
0.39662210785135649
0.49949628168280075
0.60256786516627725
0.37365274053294928
0.30453593098555853
0.71812220323355980
0.80733620231369341
0.11241936623245785
0.37745224108454245
0.31785777867286669
0.57449865632806441
0.41129591057972664
0.75281780343567406
0.59478644399326386
1.03676468718188874
0.39074346648422426
0.52986578292707109
0.48319901572815077
0.61856071357539821
0.41867010809789884
0.39304989842951737
0.74842193641979526
0.59248705825053127
0.32051720216870794
0.42388908573769474
0.61881269553806217
0.37667088555428940
0.49837426728654921
0.37659137740646897
0.66013752739470921
0.19350365733500408
0.41832060700515722
0.66201806966583709
0.76469718361260564
0.67965900685313374
0.69044720491731626
0.47557932024377886
0.59599863303234268
0.48959974665295480
0.50701379306914862
0.35176466561206043
0.28106366984626741
0.69727306692445368
0.90208668990967411
0.53122029565405815
0.57172722144883503
0.54728202821161909
0.46815740342206691
0.48658838476681421
0.24425163852830201
0.60166963410282748
0.53898060164655859
0.46470754142969706
0.66298500214951328
0.66398895104960920
0.40088125762209043
0.62229463843871302
0.65430679488401033
0.26937620061280976
0.59734435106812767
0.34965445735168210
0.43664674359058497
0.30804553593194117
0.53422784311054461
0.61980274797811785
0.05758606953098633
0.49563415091529522
0.63225459681339080
0.65084930820343589
0.04563340690796269
0.21229200582250218
0.49862311041888030
0.41631326535778967
0.17903240457872371
0.28758636123607584
0.44073996769131685
0.38467884424656962
0.11878295239376002
0.40049447427607437
0.72283322724906407
0.29491683290357268
0.45267790907427730
0.79997567951429782
0.44623892549622940
0.32126119898234085
0.52119435746483733
0.63142291961542729
0.27930468674993503
0.52119859641564903
0.49117340533166842
0.51306940109038179
0.66151527489588946
0.73994607188544181
0.39566287107711545
0.49486219282059463
0.57989806419452938
0.64270641717335897
0.34890498159198335
0.48897022287685188
0.49433010207625572
0.95862479043204474
0.43629077733545707
0.49833160821993017
0.52619593185620139
0.81388978999714390
0.45790418802957011
0.54049950751435716
0.52173864523372515
0.47229164459374484
0.43969245804184276
0.31606902133963855
0.72613424145099847
0.50990660300799640
0.47315578939170366
0.48009028865697001
0.62099335386691878
0.38684886394523604
0.47042193854582942
0.61237436845195914
0.52415992677040757
0.28894625048389011
0.57731513191757100
0.43092364882599743
0.67170704141981807
0.49829630367525268
0.63101001771891407
0.05463494326774054
0.41551858962024696
0.57907561821299225
0.82894021214426106
0.37569619005999477
0.29529241659890360
0.54315032828986187
0.90128757920044278
0.55777058801507806
0.19757067587453359
0.50348039007145517
0.72228021846084955
0.54561151438897171
0.34091117707976049
0.69504026442927458
0.79989583694610844
0.59410785324393178
0.63355233570460834
0.49964579894694833
0.91546901337396391
0.63046341447660859
0.57805198030968952
0.26972599233577066
0.55993556878552686
0.47727170609518255
0.25513051138237464
0.42618375060174940
0.45633523650331764
0.62980429415156647
0.40110373452876946
0.58539643793606144
0.46472577444175395
0.73857655146437595
0.27732610234400434
0.26723040152778543
0.43361989907156545
0.40460052284886616
0.38148846125856817
0.25784315026633020
0.91101251406966421
0.42868619376477601
0.56784461532299457
0.46383989742734560
0.75926145886937135
0.25366586837995997
0.49599718263171794
0.56662894878698877
0.42194589151702655
0.43666427655309792
0.43869198048290409
0.76470541862692176
0.72551710041931028
0.81266329153619921
0.48119195739630094
0.59639650248037390
0.55007488915455094
0.61568741222237910
0.12075002646515964
0.26397083440049368
0.66735171316136643
0.63493015021303356
0.40746311477559022
0.48696113891369663
0.41700276192670371
0.57158929709532114
0.44319735952349298
0.34498324152310089
0.51741778745024336
0.55267655181637887
0.49552678682921725
0.31585741305928738
0.61273628408761249
0.57803630446495557
0.41583110018878294
0.34674522459197538
0.79228018251660548
0.51286765459731620
0.31443568655497689
0.65372127578806283
0.53998988457176100
0.21467871377181813
0.58365353677090503
0.61342572449266219
0.44767547930328105
0.66870720846430920
0.65339440143619554
0.15570435697405360
0.41463144252176420
0.54792298567239417
0.56624375029804264
0.48831249817962979
0.55775600885798338
0.62325058818924362
0.85767018883146262
0.47723254296214929
0.36591290524544395
0.59571040938426645
0.60723465191323911
0.50199840739380197
0.11560206651950666
0.71968299852207829
0.54448686869918528
0.55637681365841063
0.42609274039109790
0.64502721007460351
0.93253157729498615
0.45906053832570803
0.55614399220556576
0.41137103298406769
0.84023337124357811
0.46061263028501509
0.30997566702166668
0.32812053608530078
0.60744307716387802
0.54472166882512441
0.22564466585981813
0.41520194864668442
0.24954482255077953
0.51586627384952521
0.28200042718735002
0.69528226423685890
0.43041845237369353
0.62511819899374799
0.39908242592000814
0.24567916003397883
0.64137580278803308
0.49655887255419540
0.48086712580781765
0.35314364707276946
0.74980048761637874
0.46045265837665572
0.33731024406766374
0.64383582377080251
0.43563759233149535
0.49664868469662504
0.30911216839307987
0.76511357372423316
0.45273573493755570
0.48669416805393595
0.14113894331101562
0.67693006048987314
0.73612745850686867
0.75193004346589798
0.26364526149128620
0.37585345601426678
0.45904665101354769
0.51035119972620846
0.38514188263629451
0.30070514880602633
0.31656416126578180
0.86288818527054567
0.42976152812805141
0.32893496942739642
0.35930044262213995
0.80184591661760862
0.52742509522664660
0.15433823971514837
0.47197039362200527
0.46923691852778493
0.48098694318934343
0.15889120214135566
0.61879027217761151
0.71181213784714847
0.37413044654508409
0.42493502280386503
0.82101468388311105
0.45897079192240947
0.38279675664400442
0.69362252864391150
0.35405202418770931
0.31176993486422666
0.57562092097695428
0.34676602154225589
0.40084158028641781
0.57254727856812937
0.67670361431241810
0.30495949103477593
0.27109276719868525
0.81145867094569424
0.67248579127963004
0.56593622620499828
0.48479755903343458
0.80002905613060216
0.81032531669945174
0.46153767402323836
0.63952970802991338
0.64695901612022155
0.54488878134535057
0.57178883836176642
0.41902656640335945
0.71221776027313077
0.63443671631114729
0.47448354318263131
0.64917709830921011
0.46931036467532738
0.87838786635077093
0.27178333045103376
0.43559419469551786
0.46836647933104109
0.74530445747872986
0.42786578606728365
0.29757325673960244
0.45862053856106699
0.56037031493864720
0.58909521488061389
0.12643164271456309
0.20923663476056353
0.38903310906847410
0.82665845317667219
0.57497033854280177
0.26060727953174967
0.41978665515779440
0.72533819843983427
0.58987761707899300
0.14684125236881373
0.83071355313814255
0.50407075442147509
0.53429848515695411
0.58180302007063500
0.39786749714017972
0.63482464061844612
0.17609058392382110
0.70990672636176577
0.57038434233141821
0.33972610550072069
0.23880978052944085
0.75504121192497631
0.66049403765805681
0.55472930061595593
0.25758418833179864
0.47442733169815371
0.66395605688730841
0.71912651035598918
0.58625341692947264
0.54234488546681603
0.59630792158143620
0.42624357959557191
0.47158045710206214
0.45469248610202284
0.23258195073818355
0.76334642271278130
0.57839264211295960
0.18135333832589229
0.36112982757695439
0.50464130969451348
0.56402803787382849
0.17709928080462611
0.30875447368418385
0.72688499926523076
0.48357284295731717
0.37000233303373442
0.71299914293471467
0.84353678060044657
0.37763562091555714
0.43207042864410877
0.75184280866940023
0.58573161399759155
0.23613655840946168
0.32333876071877943
0.59399014591347910
0.70196460050445242
0.64144241848505845
0.54844223782592139
0.21671831998269953
0.71717518390979995
0.63849344516314610
0.48696850326778685
0.50862343386490427
0.79465611314315776
0.67274899513450670
0.68192378248285190
0.70230745308290632
0.73087743878186706
0.68579018288299032
0.66362864014435796
0.47867626282518477
0.90689660029725683
0.44197851195150434
0.57361468376779523
0.48199281644631387
0.67009238836817475
0.67518152761470696
0.16177556560061068
0.59979569367085284
0.43125501609452921
0.52897762717880425
0.38920555416373637
0.26100109382432712
0.47824659387286578
0.18230292775118873
0.43016260288646274
0.06688090403148184
0.41167218766315578
0.37419985825263880
0.70659867520820729
0.58560433186721639
0.28031922318469393
0.37947464172587486
0.60423245023497218
0.86777113333118028
0.31069444047521927
0.37948788110763398
0.51932621088683262
0.50196308313029114
0.54041503098096244
0.62843215279215281
0.63649926660655975
0.17185153195540948
0.73747642072880359
0.30734998743417685
0.60964687430463416
0.28536730860230075
0.63877998552212634
0.52622225804920264
0.48068058436395977
0.32748241695254421
0.65423040299661006
0.65496406136456031
0.74433640424766634
0.48566411114511543
0.34926043767863957
0.66745437327735346
0.67066757827132017
0.59149142273280730
0.26488491836765182
0.26083624564461783
0.75807564730005550
0.45999152905951829
0.48385602016576956
0.14439554406534832
0.69168942626819807
0.67532994552355607
0.22330168650343718
0.29950793005963650
0.54351460019928055
0.64299721176254199
0.35767912318723710
0.23069689954082262
0.85064365343472803
0.61542866475367597
0.29606458778437861
0.53826651779236079
0.83102988313931336
0.35247921369890711
0.29618147593553845
0.63232552570364797
0.57585817980744292
0.37824988851133878
0.52362592490632764
0.54620883863089997
0.59157499372537325
0.75749164363878341
0.92839425990959912
0.48319127296167136
0.80400922030545707
0.65399844160038600
0.40375227955767523
0.64665539084242796
0.91675079376860968
0.57696787323900744
0.65817545111122133
0.65740919482416960
1.00685805370174375
0.26879610550373856
0.48271465010682241
0.46881983166132624
0.67622244675385912
0.23784458134915032
0.28602918349970730
0.64184369414406972
0.50984618039875251
0.50873851108815027
0.33286204991237012
0.46967568960891248
0.64769811979128822
0.51020494016982765
0.22882692864239029
0.16323630694992586
0.44478225233360846
0.51334455527904743
0.53411306042235485
0.49041616120872256
0.38553516132392562
0.50702301120455329
0.35609652017768706
0.60757063864601979
0.34194959575626094
0.46706028534646549
0.41026412294739240
0.64424228259230298
0.39545858539969925
0.55511660327898504
0.64577452403055957
0.39434900823239027
0.67872313027427478
0.30429696793500366
0.74759753199093293
0.09290554728494194
0.75296871530756115
0.48087552947110868
0.48589039785114441
0.43674987566100365
0.77342460723915663
0.57441920862787110
0.26267750508634191
0.57076368800509314
0.47414251280007869
0.57629882402082788
0.70979610391497072
0.62093619655861176
0.39349553199829657
0.59839932646091998
0.43021442674269539
0.69740898057423006
0.30842967834164009
0.47780045839445573
0.51419696853876973
0.63124662688955036
0.34362444116921742
0.39325215801106850
0.38009924048806576
1.09704958531730790
0.20065643058063795
0.41198303147347337
0.47150431522153124
0.87769647636202230
0.46495514334111543
0.31238392794988612
0.69181498875243330
0.58611067999628474
0.35360429787728620
0.33828176178072539
0.57545786792003628
0.17380617354489308
0.15461944887075141
0.67431510010883433
0.47056962391414803
0.47835944817855403
0.77569230009662249
0.68322874798208899
0.50903002596993718
0.35463568825831360
0.41659955714510843
0.75629197484884159
0.92064167392733753
0.50365390863201132
0.72158622596939614
0.54302838209542448
0.85809994402155776
0.24591353005451044
0.59698229594118279
0.81168761191347283
0.73752339150998725
0.25852225145700147
0.55677501625048986
0.68898031157885664
0.53958464161127562
0.58242085193785731
0.50827861496666205
0.61448059920659603
0.62394550311993158
0.26384519870878231
0.55837242399456277
0.53837210872513797
0.55947874635440553
0.21032025718082670
0.36669584172187403
0.61633228651429794
0.46296991146256450
0.33507824107079054
0.47922051073285910
0.61871925526203753
0.36348098122800099
0.28760040709517032
0.38800289821848233
0.51761621827692428
0.39180321533573981
0.16894473882669403
0.44032791048568287
0.36794123000738455
0.54985660868900488
0.60748852706340162
0.73963753413888855
0.45438896806414897
0.70548355888208913
0.65924822338275213
0.59452221679454720
0.54426792420156334
0.64656750523742779
0.63541988723845710
0.50902368215477256
0.87369368589719365
0.76114329894357224
0.38013411712591572
0.79250702112580207
0.79480613180582327
0.26731871433094556
0.45836357339066020
0.68488528884613820
0.60215023142934054
0.25664207305156417
0.38469310674098756
0.61631630411821403
0.79512761273618793
0.22433307661494739
0.61969157622160065
0.26962884354374522
0.70989707603469276
0.20564489033461333
0.23408954697883122
0.18751968495376486
0.89187444301254115
0.40844141023170405
0.70671888509896474
0.47103108961614892
0.69810886834239727
0.58703138274160704
0.35760999958059492
0.51640211835994643
0.45411631932329688
0.44112015035083046
0.09899322934315735
0.37376653855213138
0.20789553749772033
0.82459249422923153
0.70511121384271624
0.25192475126679192
0.45988750759720670
0.65752314465470452
0.82138500309536600
0.58822160373091048
0.43341625520329430
0.63564760596772407
0.66796475982904246
0.85303217090985406
0.23018434416237510
0.63878973266641170
0.61155393347513665
0.73616108250271206
0.20606283849519669
0.66903214276619249
0.66170667442585307
0.53922813118613411
0.29063095871388678
0.70060477749563854
0.79613383480517042
0.47431563348770867
0.21601837122070611
0.78602180586677561
0.38409749788393777
0.69404640443648813
0.28070644019978497
0.75310409253234067
0.76678267267900979
0.51007175087546586
0.30911039602700119
0.51714993716296054
0.71256245916727212
0.52647616140671538
0.28150282796497605
0.43947587171548241
0.40240889296452342
0.37978503697087623
-0.16678574367853427
0.43789811605193107
0.41904460424425527
0.38506905321834528
0.51095614218617835
0.69049554962557547
0.49422389808035960
0.64862768198732879
0.52650008913091906
0.63814208151709151
0.30759399949218380
0.50704780599341503
0.58548486321575044
0.44039755136301006
0.75397436513454430
0.67709698022860121
0.61747780775527894
0.49017603790340725
0.98319213410706785
0.43661855214967238
0.47081711164778317
0.58892611182380428
0.78493892129929699
0.23824290619426136
0.29526337936540709
0.62779219418310661
0.59178919292367183
0.02548589229365106
0.40979975929301848
0.30625431883897974
0.84240222609653148
0.17454996828412669
0.29287331263237948
0.13814705869902741
0.72773490750492154
0.44002588282442578
0.36632023732464830
0.08356558939121450
0.83736257948036663
0.64775462662623728
0.49356972571791247
0.44736782286149129
0.61742708186675910
0.51819082139964667
0.15315919069111494
0.29391831496253201
0.55582640222806456
0.53802561488039635
0.42934308360038287
0.08907770844262408
0.42802141637607566
0.55643167919365422
0.71718095893041867
0.28139434072386316
0.38283563669886100
0.59862856480951931
0.83054543758971267
0.61570155634110391
0.21227049525580621
0.64984358922206986
0.62541177010581306
0.75450679952527411
0.16038600359924382
0.63075158371105666
0.74565681964282726
0.54654714511942837
0.23378537475008149
0.83146583937216711
0.59114657290873895
0.32964068500388621
0.43257642314323380
0.91322502471860223
0.42685511847178059
0.42021101318694887
0.22151105692577047
0.83381144926934525
0.41012334091092223
0.78655766918250658
0.39247966629935060
0.80566028049457228
0.61218582166771607
0.45967787892560169
0.28601867966733185
0.39034222299214794
0.75093974566807109
0.69364763464254287
-0.08219144866230021
0.35226546600375730
0.08114818465425155
0.40633801712013984
0.01856137432348604
0.55471107136616726
0.40073609904170043
0.26401580983472706
0.58185847703521021
0.77021428900716016
0.41082381825830000
0.41579421797095439
0.64009911005943376
0.73859611525883562
0.72521583454305305
0.69749258978553041
0.38892559258623161
0.36777338000547338
1.01506770817816916
0.45315092828149472
0.31581698390320045
0.68408571054517764
0.76676436707406948
0.28346080873838875
0.48354461896574108
0.41096911227386324
0.78975245388003779
0.17115220410948506
0.45134029841430334
0.45913705390281917
0.63782327919344683
0.23809234145207805
0.39531116461878935
0.08389956578718721
0.67823171524545756
0.38175090610344198
0.33631538542755390
-0.00526672073382584
0.44248237909300031
0.58409673076601709
0.54740260721611322
0.13859328292976070
0.56659635950217346
0.68635116416344688
0.27232798345042886
0.05709089036096138
0.63797056024298959
0.52858574193581420
0.31476765982900023
0.15019073150702567
0.49999960733262733
0.50642317191919206
0.57594500464790666
0.07214413131768438
0.40785277831789013
0.54772021009720928
0.63561680658674646
0.27074582691487531
0.09743889465336264
0.66539953273050179
0.54319334296710542
0.58179701079596291
0.21463347063874194
0.59140363811229002
0.61439548780751474
0.78439090092428776
0.33788052268837976
0.65465519142373252
0.56839887925970689
0.29451067894537042
0.55179852365561244
0.77602842338853284
0.41049656949477864
0.44653483622279111
0.44838141264151093
0.81636427193460248
0.38135360027966625
0.37189353721139773
0.29408104197618234
1.02439045791658412
0.49964373073436663
0.64789451269417220
0.47697426022816158
0.44228011843030357
0.63447347785072505
0.56936349152869004
0.41973535670378914
0.44256300192107256
0.64388198248162698
0.40446688553403493
0.18502996697737772
0.50271601668622989
0.54258729854012744
0.25851955766012430
0.37511724895555354
0.76011387030166244
0.40435400534366084
0.18397086046650091
0.59532776881579741
0.69115208235473535
0.50011084389878979
0.34140838286838981
0.53337008574081557
0.88603388810964956
0.85398373353870394
0.19844110074185617
0.60718081760355691
0.62663375904147678
0.78197131849255541
0.28735417408438213
0.46392293226848486
0.46195656794480588
0.61556825919237412
0.24541808938074333
0.35769499526742055
0.36467067804546660
0.24868354970716888
0.47163772025421680
0.32804944842624090
0.08381926359591396
0.51074866239017913
0.23298929491744913
0.42629560496125241
0.14379129739409346
0.43082975708465709
0.40481494916747701
0.35555261255879150
0.36467870271417702
0.36829451065950941
0.69044228316061984
0.57928746019346933
0.16466024541961677
0.54932307219286569
0.72634659572642901
0.42196332282366938
0.25226331515084560
0.52943052484846997
0.41378294300163487
0.46098546385100769
0.26377161846867325
0.43365173220398273
0.61080720822686108
0.45745488982885396
0.41249316677136083
0.41723446443558665
0.31718912398162352
0.68341141172826836
0.14218087732615237
0.36786655987155592
0.48014754918552105
0.55293948856068986
0.76816441738481867
0.45617755920096081
0.71176468332182674
0.49205633255397857
0.76973412959653786
0.73695357223406133
0.57419499857302614
0.34767363719345579
0.45196933254496113
0.74911417049419382
0.81842638143818824
0.31874543902108149
0.43746215447683845
0.42645393891750383
0.88720583598989933
0.46321624496446601
0.49644338560077139
0.39615654824690910
0.80614184683816592
0.58853626183229879
0.10902700725508474
0.54840513700309546
0.26329290214293766
0.61852332397916809
0.76190065067854718
0.40277330042141857
0.62186961329095580
0.67208985813530553
0.18436190995278656
0.38613245851555267
0.74601763095065943
0.42374730966374063
0.29911316517815290
0.52044653147020015
0.51899908722773125
0.52592234034799601
0.46267768060070380
0.74099468080670539
0.82830256979816597
0.61207885070940260
0.35894101601369754
0.77933577034485058
0.41043576441283602
0.75105255173829100
0.41510819596018711
0.55363092683046178
0.60835933518298457
0.72254301329733306
0.20848854130637484
0.37841908002899016
0.36216710674767633
0.60187270092232792
0.20096926904389581
0.16834725103299691
0.34629307476561755
0.38915877979559993
0.44832941637653934
0.42224313415640102
0.14133216020378891
0.58688216597924270
0.46254358873877877
0.32144545753501419
0.14746605774462584
0.37630969285472199
0.55982301909021448
0.31744742095497980
0.39051252121254798
0.40041887331174236
0.86201122269949060
0.28628053291601152
0.44070962221770971
0.44980519553256748
0.43738491678104813
0.44772519551613665
0.27573535917122133
0.59006509439817090
0.59085174334625123
0.49904948034387431
0.17375948432054922
0.18140315855151218
0.73807764327053582
0.73440096989237524
-0.01909579933048972
0.33751012840240741
0.34699935810523991
0.60464365966010780
0.35212801149107364
0.38854694794658079
0.51823409399475440
0.68424833832335530
1.43236446056491351
0.86657080314414292
0.52986068888596605
0.54530507361369029
0.56656956417284499
0.80508364723570913
0.63700438056337660
0.39982403075339246
0.58783764023616059
0.60334000932762577
0.68174623560556635
0.38238389424977953
0.24015567494774415
0.47138058313403458
0.64083991069615620
0.41799121850114657
0.34374672457488520
0.51029424655050160
0.55333904928701649
0.42565297138369812
0.45893713094192518
0.68809204393519907
0.38405497613957962
0.59311691849495030
0.46060222702212683
0.54167055137657427
0.65771432102806937
0.47411065866692725
0.32100284005669810
0.54461960889192640
0.66666153059719147
0.46310379779502958
0.35764787221265681
0.66917598853639837
0.66909731973355857
0.47718877136834303
0.52068675044370472
0.74885302460259817
0.56913342555650803
0.60380412734275724
0.30239817053296048
0.65453122001948461
0.63879056826503622
0.66142313932417252
0.32320824760143330
0.36819467301858566
0.47484179623615574
0.58636231602628663
0.23232514711277574
0.21218213776750783
0.37217627403145170
0.32925490282568665
0.55351779810203494
0.40890900234862509
0.30408586780614477
0.70583357029697391
0.65234734001574146
0.40591614112437607
0.23141001722399945
0.47935716598671102
0.28777373550615337
0.38199758905472880
0.25376121543682023
0.52423703010932021
0.47832619482513572
0.32631641728673255
0.38023559840106441
0.52469287292437827
0.55488002707379080
0.29274821473079493
0.29258001197878564
0.70440435533640500
0.64348327346436096
0.55694392836139917
0.25035123297410966
0.45659289771029976
0.40796280398969709
0.49983665419445267
0.19363737199358366
0.07840164435459618
0.63681242226931811
0.48751805365451056
0.30646746884531051
0.18991274532277935
0.54909079251832749
0.49175010908944017
0.79912775481459364
0.75118158566633686
0.34241468232386701
0.41103096127967842
0.67721321711836002
0.86951432397747530
0.53624951559414546
0.30359107221876702
0.58933056385030458
0.60925270080002336
0.63609011208912380
0.31099449096766862
0.51561093293623828
0.69077743355995480
0.61778895405011180
0.30505698512636498
0.27209943830606048
0.47904726395388941
0.50697504188453935
0.30583278640234945
0.37972481012579584
0.42348583806882562
0.53671076009333130
0.32980952549075770
0.47304603079723789
0.68832475292045925
0.86413044203837797
0.46792823781230070
0.25508555141503153
0.52610836852840537
0.61634557836286630
0.44640130022792890
0.29559394048319765
0.74729753000819088
0.75642764462212475
0.42342217533168647
0.50975463623867068
0.63292268160345699
0.56946346816319848
0.46226507484188195
0.48436060673892189
0.83159690616721849
0.36164162327269561
0.73861690233450683
0.29563852857509010
0.47202563625553345
0.41658464993662830
0.40962262027710528
0.36249257136158530
0.18520633062406999
0.42495687344269267
0.52710226900144863
0.26746337814223642
0.33036070026171255
0.48281412765773324
0.51207359291750165
0.64505210881272090
0.20282901719031887
0.23703341626162000
0.70779555547726314
0.45640830995095161
0.35014806303659274
0.29628381084940447
0.74708221600470304
0.39396193938227198
0.43718637860036136
0.35039798647668902
0.81915816971686650
0.34267526739537679
0.27258063450344872
0.44755913232085803
0.57118673268327225
0.39478964141167866
0.38767537183910195
0.14860449807750875
0.44537069829022558
0.44511646246851921
0.48189171558350891
0.20334998367321921
0.24052299470068228
0.50337102066801753
0.39168262389733288
0.50188997531286050
0.09964925749335296
0.65704275311901450
0.32376883920968436
0.62447418338487382
0.42481977559061951
0.51699765859880520
0.38281495502566643
0.76274489614459795
0.55769811921154322
0.55704569330969178
0.22102038849313854
0.67283441085645590
0.75515988549266122
0.61855819169850235
0.33241412359190192
0.57724562136006985
0.76037292702528347
0.56862294401960600
0.29202087008554911
0.42610795306748400
0.53895289977614480
0.36170414363716186
0.33740461749244655
0.30447999506398293
0.68606421698454900
0.61893918720345575
0.41699723209624673
0.55399699981405992
0.61145575982652089
0.63881872319336619
0.44099916581769699
0.36604611091112460
0.53393994781829801
0.78956184552547737
0.46336686074018996
0.43963724578442354
0.57216882977543326
0.61049582769609767
0.46368401929764030
0.39066821962421389
0.66708988055689988
0.60017150616941706
0.31664670365114411
0.55105557606930200
0.60470693466691272
0.37713330784639182
0.49689633723774806
0.53599862049484193
0.44472293556907794
0.36191678665140942
0.55817179046936805
0.29530775020632272
0.23133797442513548
0.42216406362398495
0.38669691874976131
0.32227460025431964
0.17857110772257423
0.39998005701018358
0.37546119293964431
0.60428495162074114
0.34766278282330293
0.51113739027770755
0.44498606942016417
0.48719258637137464
0.21035666838056799
0.36886870681265621
0.62421287953825633
0.41816776821985280
0.29810253342235449
0.51058463479277139
0.59417824014129961
0.37661450860658358
0.60325864139251539
0.41846043120524723
0.52269179088302886
0.46138265667057909
0.35445919102025936
0.60204386721693148
0.24256417298926458
0.54792303649632834
0.54933683241129505
0.22616378973265550
0.29590496277352751
0.42465483274335636
0.49017277907280998
0.38547413603101122
0.42169192155162427
0.48443264565568600
0.86471633703274353
0.52160188558085263
0.44063281945127919
0.52540286779913137
0.45467997178957181
0.83135626110182670
0.41713458241217938
0.63507597387785819
0.17031600792350265
0.70903061142591850
0.48471715833098095
0.63416720489498057
0.35485095240324382
0.59988573997784733
0.53581722003372234
0.63673470807787980
0.17261040349313939
0.53316367139279541
0.76665197505238236
0.39186634849101387
0.51326294608078271
0.33329696545596355
0.85099835978904936
0.27151478127257855
0.25931953214246173
0.42134528209390665
0.51358434983116985
0.49140001299033298
0.38000048314883078
0.25915605579255441
0.48580435231519448
0.77166188258422208
0.49499827546331943
0.54979419179221478
0.50654309317578050
0.76363494869114157
0.42614842576187451
0.17979978607308678
0.62350962974746116
0.49835691854616848
0.41713976944792763
0.43036907256609813
0.57499013475240668
0.51757063463759267
0.27640297054403618
0.68899004654191331
0.43681607641552328
0.15862268087372877
0.75065249624903596
0.31302069265660815
0.56723076155360685
0.35403215228999141
0.36428273347543483
0.42521553002420220
0.11927839546131946
0.48894250503386444
0.48798101128635141
0.24381565833975744
0.21871195538248883
0.34167727769308198
0.48615784552008462
0.65136987985005423
0.18684664182896604
0.34633327668952735
0.68292752207638685
0.46791116198700700
0.14230590344992944
0.57365518187668041
0.57543688397997506
0.40238455082938307
0.46554356222295079
0.47339334071095707
0.73361209106214875
0.33920680048588708
0.48655854007122445
0.68746748827846038
0.51297009823285644
0.45459303576464694
0.56628043265262162
0.44688145253802880
0.32033614363172425
0.53274162445130746
0.56249258801229007
0.35578864113550213
0.24183568407895240
0.39923588458518156
0.52645741575075600
0.62537632953837163
0.48550042938542048
0.21232963418722406
0.49736229423292377
0.68797101576386954
0.65794672611778782
0.12884629680701576
0.19627778565764847
0.60155711834018888
0.24665186939644412
0.56072048635055627
0.16623476326168174
0.57346114394906478
0.46032662941160507
0.63375222911929929
0.33575962902282830
0.62528156354053666
0.67544171024218713
0.73374443847759319
0.29945588259942235
0.70087901357700155
0.74705963458486035
0.29123883673320827
0.55380174578851338
0.41735018697673887
0.54052845464967181
0.39662268758002872
0.33135073953259431
0.53940436073561293
0.39349831519961964
0.62720052022587680
0.61287808051780701
0.29189642909255564
0.43176942819652725
0.71074446545160586
0.48696158415479412
0.18072617359313270
0.50390908814321267
0.32629656467756762
0.46516539037104337
0.17866710646420203
0.74371509730667973
0.55087385630692620
0.32735166148205475
0.48272463626246204
0.49540274281403851
0.24882310715373734
0.63523103841563944
0.41766649108134501
0.75659908955575905
0.31235342276368616
0.70419307702648060
0.42966256040612866
0.16061995431791698
0.59316209709529377
0.44235589681480492
0.34773269742569907
0.28539084888275612
0.41727828074206497
0.45746840559879193
0.71402034409804305
0.28130033430123791
0.37586401455515472
0.60398757146965987
0.67497030214893938
0.18891901849974135
0.39441274273992788
0.67019241881165947
0.39827353487174855
0.15975390760653396
0.61876087195319807
0.80002825329988481
0.20769834360767769
0.40089547133977271
0.63931415879227771
0.78305720312622951
0.28294568852675195
0.47208155260960577
0.79876745230504242
0.39475424479384369
0.65688661706348128
0.55636120855427218
0.44980150684609266
0.41208968505017368
0.53885939322830423
0.46570014293890538
0.74863981052892103
0.42336347277790642
0.48674154582795937
0.27220158289422625
0.89397276025226990
0.60057895629925151
0.38018456802079742
0.21535067601511060
0.64288876728837829
0.59747645516671333
0.47715796496675900
0.03760861257275450
0.50377380653166792
0.36060828094678143
0.59703001248454135
0.08227911205641003
0.39147720760871779
0.60525806137859262
0.87320849885865215
0.50634026341858429
0.56855523629139837
0.58745718308790629
0.54277777047151055
0.57015694557294849
0.57741696900775930
0.69972321263001036
0.27605025234322578
0.46382646337660111
0.68136209865897390
0.56946650937873466
0.35376356269822262
0.77036236526192592
0.60478608303932446
0.17015620081344685
0.61899993708832746
0.67291115982785465
0.28215242524316597
0.38180583230280363
0.66167398370493657
0.49744407955795578
0.05132443905452300
0.60670976585380954
0.57076586420853503
0.39360585776713058
0.23508126176999516
0.71815169309812321
0.47290461749340307
0.42727087180265055
0.55000420308667064
0.37441866949840574
0.09455647225060637
0.73468266847344810
0.33480911644282707
0.52208568144788792
0.42596666192538896
0.53738373695478958
0.44972941144519796
0.24102670978415591
0.66243274648298311
0.33931186390361906
0.44929156084014510
0.31502498488019254
0.26709348039476366
0.48550323408458584
0.76697247352935438
0.33757158748115479
0.41942983475730355
0.45251881137486138
0.47556759918518132
0.22506624981761769
0.39458115914372693
0.54406565488939862
0.41483138903891459
0.23298712748032679
0.56194722342710857
0.70274401484759619
0.35307477054172182
0.48167860695248788
0.54042514932295593
0.81094944525284096
0.45258392229555783
0.49934927107125471
0.29615227128717969
0.56675270867827909
0.74029828683929366
0.51871045854334685
0.27738420714810619
0.61117130135146525
0.47576584564952795
0.41107538807594662
0.69486898907421435
0.68332804482127085
0.39435848112075533
0.42695573618620430
0.63934158630036575
0.70561673910241718
0.57220052120542741
0.35755912765817477
0.52586948898388364
0.55616578457001764
0.65607179067081489
0.07298600723393295
0.34931992788943045
0.48011832767003187
0.95088636586449393
0.75212918358753766
0.53606394594311668
0.65448219723500478
0.59097731224034122
0.67469315256564910
0.64737548224886321
0.66586675144035479
0.32492624661120173
0.60002973621940459
0.65347200842294373
0.58877518230807757
0.23320000410125996
0.65820211519924010
0.84403636075137822
0.36556782408785149
0.46296977513384069
0.73565933810147455
0.44042183017989250
0.53786773621099671
0.39958320570401895
0.65534041825446632
0.25174987225339562
0.45906032740438474
0.58324152882431346
0.54347869147694228
0.21397814347973687
0.56633249781918427
0.60614230140912240
0.30889424131048104
0.17915045765186166
0.37465110925001965
0.15558168251124516
0.48734192289456296
0.33287214676253818
0.33092042618792528
0.28532548707212618
0.67393661083465817
0.41377198172027418
0.40357486394605646
0.58167419541292498
0.43483631668324374
0.47324579741822370
0.25190477236552800
0.68361945597562934
0.34880596193130925
0.81717949240909082
0.39476013424750472
0.30550739657318859
0.43576044260516278
0.54065713340935972
0.21868396861469042
0.23141487599527605
0.58206679569599251
0.39913209485410139
0.40855449915033959
0.40899489698862562
0.55220986316778564
0.42266545753994811
0.28108103128464390
0.53625272932967583
0.81554588095357139
0.41532881979417402
0.46387367306584615
0.44622235444063862
0.75535660690829964
0.60046603153250000
0.51135493309422952
0.39766607988917213
0.77769382521261843
0.70859717402335809
0.42459033454130235
0.61082526566949913
0.78569226009836324
0.34548263151347469
0.39724562378388706
0.73278433922838615
0.81403780362996181
0.51278398468691222
0.67958735718242236
0.62501752764781515
0.77635586120013966
0.66175020377632898
0.28742301463659520
0.30805090462200846
0.48252667578354430
1.11505670726704187
0.67237398700315132
0.53776089058099819
0.59386006806605218
0.56088017467476747
0.84695601906374063
0.50694310168076673
0.60503651969797212
0.25479197163766110
0.67064525669246622
0.77071699514080194
0.60464700856489406
0.17688719912946493
0.60304050363930084
0.73518024278507199
0.47304223156051872
0.40054891288961114
0.63611983936952288
0.68655645062558113
0.20358062247183251
0.38068035354709340
0.67120432757237125
0.31485053239979122
0.30566383298915445
0.50907129748517466
0.67037588151817062
0.15377376181561142
0.54632423709134770
0.59087084987267857
0.57059717732236437
0.32603800598714527
0.48722847037433137
0.73364757794190771
0.66437582646826887
0.62575246399994133
0.42640005704181089
0.43781308537421265
0.65328415536228790
0.57136731358345461
0.25126338234253165
0.65565996730949838
0.53133506340790426
0.42719714123914132
0.33078319420232200
0.81945090169687296
0.34360054790272626
0.25816842432351106
0.50919609326324622
0.40841237047841916
0.34060149694280251
0.69808333318346860
0.43726920924864859
0.19062667305959202
0.52474671125556316
0.73481164097746954
0.30605743758411630
0.21478598830844264
0.81822844570757691
0.43658747276672139
0.16990098612904769
0.43330648198903676
0.67005547041619706
0.42827301613857716
0.64280236887618403
0.41664971736763862
0.83258176996987443
0.45274058984760956
0.46480759900425561
0.32463213001753466
0.61313406677534310
0.48569202835274783
0.43424711271429678
0.44744527030967646
0.66145639196893846
0.49492289099200520
0.41158486214953233
0.66242398086782250
0.75160202049984604
0.28607469690540355
0.52051883298133705
0.70551235131392531
0.88031349461896213
0.73057816954534804
0.50628502163854816
0.29705177085104661
0.48563525923804479
0.79146279599730551
0.54697275298408776
0.44063256588304311
0.42760574499017012
0.70063640102428004
0.75931401674432830
0.50337179436326174
0.52746912054721373
0.22490108165578504
0.71727694107269979
0.64800302247090313
0.63016592576757136
0.20346182471988350
0.59826777199192882
0.69059198301772728
0.54976111370709957
0.32644389346062952
0.59130535977323206
0.72853412280804231
0.40025292872161988
0.43920193640606287
0.58107178175296037
0.46411163042787790
0.45975062842823822
0.37081167137219351
0.53238797349831601
0.36920398902434126
0.31892134904670172
0.52777335961150684
0.80122774332897384
0.07577208653464418
0.52397912259321966
0.63422935574835282
0.64702474992546066
0.46113711652251110
0.39145099012478579
0.57769727299783225
0.80172834423258543
0.68631373967182918
0.52584277662140033
0.69807544449222980
0.46936651756452419
0.61525431007260067
0.32822623296689246
0.69450685452297511
0.38786409340334871
0.40577107051141681
0.43834841270179015
0.78645843284877215
0.41901704996271166
0.42825406086081746
0.54559661583212993
0.31567771442083831
0.26345414754098950
0.77667287543905472
0.52221708151536939
0.17190029829658060
0.49697250412810734
0.56684973659517657
0.52053858735777103
0.12553662052188685
0.55325971655884321
0.57154947240081055
0.21972154406726696
0.23865268736082718
0.76547290852950489
0.43118956728552293
0.21384064219182664
0.31380536190560548
0.79598630257460634
0.59666462435986567
0.38981165212600460
0.29743852625466327
0.82356570446533151
0.60683163180618638
0.49439828411062864
0.56396821634744532
0.72353562568784957
0.23452008367288213
0.60909821681747123
0.81571394614853565
0.62147472881167498
0.32071250274181839
0.67404951086702136
0.38178831239846833
0.55404524845326519
0.73919848807129063
0.53815266820801344
0.42392801141173309
0.26837384333975334
0.91400604337376856
0.53310356296712691
0.48519545300878159
0.31255352831090921
0.19338373829788102
0.68556439985758066
0.71842089675197063
0.73691476610467821
0.48141206376921386
0.66452087658348435
0.68558122505141883
0.64078827085514700
0.21837333245119328
0.54032327361173371
0.84652111351832338
0.50011360946335015
0.27539924172854491
0.62706310781741470
0.82459708153710576
0.24997394858024624
0.26067999516068047
0.83854995913214136
0.37112198057506190
0.33282820056401752
0.48746391511338616
0.65016240120291757
0.31785545062470433
0.41787025931823402
0.57553410008714234
0.60430268145792776
0.49553834923753776
0.41914587642454076
0.73891168634949511
0.79656493231729331
0.45513558272571358
0.19149240897710396
0.69744628856136803
0.54279646530754244
0.56796998389779263
0.23477889452483847
0.76181016630302512
0.37692245270869057
0.50747942520000233
0.38060025841314588
0.69729091434460455
0.29620012633428688
0.49915836810307879
0.65000867436699461
0.15833417177546805
0.19394607577307821
0.43283490854567869
0.40292697561384339
0.24307568819034875
0.38751102799776466
0.72322908697163013
0.52624246453455781
0.15274350583055518
0.47483874421078498
0.52289788609133869
0.41619698426262031
0.10539282078642753
0.64902261607787748
0.41207755224232917
0.57940523823105128
0.35623357879917011
0.57363508026650967
0.38608814592076107
0.26397251128713439
0.27574634167746082
0.69524400196193747
0.51128189593832651
0.47559970480497410
0.41506329379338486
0.69127342606579145
0.26353960845712054
0.67023325916880161
0.69625772273855180
0.47533047583617960
0.30173424382586167
0.82480550624610405
0.62057877868351330
0.50800087370608304
0.74064120087301366
0.67271100360044278
0.33613984536977615
0.47500202962469346
0.64758118165396905
0.41773349434440044
0.66071499729735383
0.37405482437488707
0.61739620307587928
0.53024143911038579
0.49697622326233437
0.62653002642270983
0.31707905372623635
0.68234724023930826
0.55684867030470753
0.74498800623460659
0.22854446002182827
0.45479121002304534
0.82443460548315828
0.72633661464057886
0.16930880846650453
0.42810678203035823
0.81882578323405886
0.44207584305269887
0.26707672186834119
0.50524626766614023
0.64877364776017366
0.38710979405584756
0.39725610984997728
0.80020305075961085
0.28057245957541649
0.39789961178060729
0.52558374554174869
0.71127828486200151
0.33728930890107289
0.40041378596694804
0.66549861764385732
0.79692730147268653
0.36357218646544837
0.47330734355803578
0.56072145364277537
0.73149461137053207
0.29959245879300406
0.32193918410948197
0.64367431376352635
0.55282080339726802
0.14533756042546153
0.43452046264564015
0.70052825770796245
0.36656470270699343
0.55552379039432587
0.23754351607245267
0.62371774402918934
-0.08841255654799562
0.10275014723857984
0.47840872865290240
0.36822896790097531
0.41219286519661147
0.24375255316145739
0.36447080378293623
0.12460590755339218
0.52704805556503886
0.63319045847255351
0.40700972289675769
0.05470535859750103
0.54736665876131729
0.35559355301283979
0.48347293717419282
0.24875427424603697
0.81333598748333746
0.44495309107665687
0.35843108712499949
0.33376979943044610
0.80893730660942353
0.37688154282537834
0.35070101773021767
0.38375528001791848
0.47927658868739920
0.19702494813290461
0.72738190373270895
0.68813983845935278
0.45000820303386080
0.37895137716146365
0.79227033090214982
0.57262840950610239
0.50547179176006074
0.60886288651863851
0.68867167790733785
0.54825532482168060
0.42578553014981713
0.88824378339460075
0.55386751141124235
0.29593044149058634
0.41486439108921597
0.81662019068122016
0.55849202167073031
0.14362852459291275
0.62627378478948192
0.31185039771779732
0.50767971126917710
0.63012858558980356
0.73069053428577646
0.32135371134427304
0.62916137540161765
0.45740160736136115
0.68388602514528207
0.42324862278926734
0.48997293608481812
0.62760865274093391
0.53734451532965233
0.42162561717934621
0.32272982142898055
0.77686815658686426
0.42381951713261690
0.48915433480998571
0.31107193802624589
0.37330550934654894
0.50122251362439940
0.64450037274907102
0.68926433459458858
0.30138638897275261
0.39979902166262904
0.51635030237694513
0.90479705570680691
0.25840192729602740
0.64882551291177337
0.40557474535882060
0.71672189267443409
0.36703688524416361
0.37880761878773817
0.65402637376081008
0.55877650239538412
0.34020809690009646
0.44973401134034929
0.56722446418215489
0.46298385635936196
0.30490389729899170
0.46675671497471127
0.73478502006924484
0.28503593838956143
0.44044187892647724
0.49648338781436019
0.71247436453317292
0.45721454120472660
0.36726777542820144
0.53409960692145031
0.33400484804562580
0.73488996703087484
0.32196848179976312
0.26938898397297784
0.11304523416367429
0.49580947409703685
0.48278453822068146
0.32985219315165659
0.17674851480749809
0.49254429127343868
0.34140593521370494
0.30530713454725122
0.28770117491354258
0.89478438191121423
0.31313214326036931
0.52612105474085413
0.48979064945240908
0.63169823119891033
0.19111918071487455
0.68686558871236403
0.57047488632638033
0.39260625346031763
0.33467482495407624
0.66590542999543201
0.45566604211354733
0.41446920684429445
0.54759477861764116
0.79337008161342570
0.44929478858952959
0.45568557823873457
0.87075718058142704
0.47098219473548647
0.33766776399185505
0.57075912666597084
0.72788362447547350
0.40460234596322875
0.32501709059938633
0.66651375015740366
0.56247213185643041
0.41433017702556341
0.44772368736142965
0.77993468703423097
0.45150971707869947
0.37920482871716621
0.71140005792399852
0.52165823746491036
0.66490554915334110
0.46708102583953992
0.65641358533104799
0.69015027307025101
0.36636288661626715
0.37805290382512025
0.67656639860186296
0.57996886525898261
0.15590903467248551
0.33360017216100030
0.79749670266013950
0.66105473302571149
0.72998180801965185
0.55857070765163797
0.35912973075945454
0.35260788879829941
0.69328418786036916
0.74507139896048735
0.28119001911367869
0.43533704024089037
0.37850039052181472
0.65373169031025080
0.32228695301933763
0.31529297432276404
0.58967200665127928
0.65924338622111001
0.38538133789684703
0.39330456960407217
0.76763743759643321
0.51060620570640802
0.39831134165398974
0.45089249069350262
0.74755294130927386
0.38403305470140148
0.32252691361276531
0.37073234334919564
0.64396572206094382
0.42263360111903980
0.59670595624320211
0.55357106633175979
0.79757761255872694
0.65066179083787334
0.29991134199644653
0.31104224792338153
0.35886497145597646
0.34920061199997576
0.39136508178277329
0.29870429633655415
0.22796579624220470
0.48595899662953401
0.55519452745012288
0.25881404874729053
0.21250081222339345
0.85888863830004658
0.49047080034711382
0.28684350256953239
0.70034381125124967
0.58815076453558712
0.29295925040518789
0.59543884061175922
0.41819540365311703
0.42363981344541107
0.19550548099152149
0.67521715264232018
0.37033774495729355
0.56558487612689801
0.40613963529893676
0.71253178348322943
0.46274428756116193
0.52998786865472347
0.66261589261873721
0.52943580286756997
0.62059271494450208
0.47210756162005835
0.58813951331503966
0.50566500847112772
0.37766404324604663
0.72560492338999105
0.80129885643083454
0.26981269779912803
0.26957237536330358
0.60004920096014502
0.52112679104361836
0.42637366700071011
0.44650175855003560
0.88279732392859900
0.71219497698127388
0.46698242716915539
0.74806504984327193
0.66002181935451953
0.66559609080575532
0.22697701564503447
0.78695236996066964
0.43835181001572732
0.60695183211012360
0.54903413462313655
0.59909978433983058
0.57055352203866494
0.28296810782623250
0.50486500547104263
0.41451407334688595
0.64505950100023568
0.74948491366319814
0.73543180634581706
0.11803310806183454
0.20084273993789570
0.47099175427668361
0.59275220614999047
0.29722652162987956
0.22706336382035786
0.41691406155603061
0.88754364221775206
0.28060807439974994
0.43145713141217484
0.62559832102404378
0.64261291290904188
0.34008945390787682
0.45126530073680127
0.63944810087931747
0.46705721911054754
0.30515546460313359
0.37183676695136225
0.66058415374583246
0.32372456500304247
0.38064719404223002
0.37793192194933389
0.60391867471942517
0.19743263773317493
0.21176882738903136
0.53169876882070977
0.77351373875941620
0.11958444429351489
0.42696517088068597
0.20690092687681816
0.41220590686631231
0.24242063261033797
0.56753771676905262
0.36032987952522605
0.29114290507576679
0.59201844957411776
0.66332142826954144
0.41148292609829662
0.32166140653464964
0.64303411091968266
0.17509775922868986
0.64567046684173102
0.60340152757263021
0.54058103075442387
0.24587149823037469
0.90271604056867738
0.52130158468051968
0.41996356672098456
0.40406921411655483
0.86901056677060284
0.34112892174916187
0.38838653313747895
0.72298885320669626
0.67509441710682960
0.25191861231462642
0.53856639760692127
0.48515454669726332
0.51403680231448889
0.45460226839661066
0.53056234499280197
0.62226394132316465
0.49529173683653349
0.32616177462147500
0.59552550664020099
0.76776080929089729
0.51858530869193642
0.38089310793675224
0.73340125688494728
0.68768934269754989
0.64013159361914918
0.43370900141639990
0.81765094589387788
0.79558139914197135
0.35115972822281938
0.59661111880586959
0.52689867349706898
0.63577307443444930
0.37529020862329160
0.74249351008988174
0.64178848049160198
0.45804417514229706
0.99813653937056535
0.51996621699104151
0.68864495157898742
0.76172014632607299
0.67774181177579551
0.18906002788304999
0.57340591144865161
0.56431860671273515
0.92627942741055502
0.20358947234101643
0.61105820292971191
0.38612388900742567
0.82954456986890457
0.34373916819973577
0.25932998665579077
0.50348186035496101
0.85506508534662506
0.31118076399731637
0.41399156886793698
0.69288369402348282
0.58688499159648189
0.26991328156832117
0.36834208182199468
0.73250895538148852
0.43689678555628797
0.32215801128356170
0.26415513248195233
0.91793156598485870
0.35245771322622810
0.55222884936322036
0.52564787109134348
0.77802304381949494
0.33064059114750560
0.53400578932057718
0.43764212357397536
0.70481481291218318
0.17196932436440260
0.53596218144875440
0.54834878062127013
0.35554239029600743
0.36385330303421370
0.89080717416752586
0.53742106850854732
0.34423946618128920
0.48426829666097893
0.61501544040296163
0.69442427026251063
0.56591003231560733
0.52448839417614579
0.37620754136092405
0.74089110831997695
0.53889453624167061
0.24144434256011293
0.35818845814648048
0.85874952047917330
0.37815277973260031
0.33562346651346353
0.61688449686547475
0.78012422661204750
0.24307312242553908
0.52590239200338451
0.39065758624238389
0.65758390490356178
0.16492548824947584
0.46032133561517763
0.67606392938724080
0.54085842383697658
0.43045255270839666
0.49152330410575290
0.83472697479613711
0.72608834762345875
0.32715746305887106
0.45152561563327709
0.62891537463418268
0.75279890596050869
0.17974991411049734
0.62959959175391134
0.59576477551207419
0.63244539833782909
0.32110736782329630
0.59056199038344404
0.71599135091134136
0.40445698000246461
0.33186697460702719
0.55333487731230435
0.65935776426600723
0.62986460645777231
0.42187506608472847
0.65810738545897141
0.82949692790481466
0.55875270171999825
0.18006564714078310
0.71562583612518615
0.44560366792938316
0.67387544685737921
0.32216143077493109
0.45447758874753386
0.58976897089934166
0.67589766927298456
0.43103684876274950
0.56719927230946021
0.47558462809885427
0.62665741479385240
0.41199183762993064
0.62876706832832729
0.53265858419506640
0.50574627885018397
0.66552975071102582
0.35903808721429536
0.68944192802804660
0.52093671693909083
0.36578081348429969
0.32973806561269625
0.76307381276946817
0.44813826896646830
0.47629012628813672
0.43593407389508304
0.65801282694076324
0.36202976401854237
0.44238961479258265
0.51917102237803447
0.74592127220366333
0.38252860009245443
0.68573331243077129
0.44612235544401146
0.60681350995758776
0.33413527812812216
0.51185126764711220
0.80103451970256212
0.19735451621662659
0.46354660852000917
0.60662267208298615
0.62070081903250274
0.40985164986410699
0.33634473123935016
0.41446374904051475
0.66584436330693253
0.48434260505594484
0.49524264181270961
0.44278256178761222
0.81485528871136770
0.45948748571106973
0.42801753139783294
0.47450468681822255
0.79699253577339779
0.37543310920349421
0.43526706864057840
0.47369294931911193
0.73553211547717312
0.39949871239169216
0.23012309805434739
0.40100912895535923
0.62029292171495198
0.61403816329593086
0.41538391234825850
0.52917559662865210
0.83582118046482023
0.76514183634901245
0.42087189428961957
0.58224513619518659
0.54856842449598209
0.50593516818820727
0.37193768015999185
0.41810870428033309
0.67662861986634382
0.35571116933875452
0.38026427245754113
0.60374157046706478
0.66506940258887359
0.35961064989812552
0.48776588801123966
0.78387760668184769
0.60645454573175939
0.49639170007192002
0.64217612487694042
0.92845872953042974
0.54347785582824659
0.60568904777062571
0.64112976897647433
0.67129028106412991
0.53292335193353357
0.29050799380000769
0.52871513138029647
0.65420879613970417
0.66838740408820985
0.26135999112081021
0.17068310190772085
0.67966704332788175
0.60342651738154662
0.46154946895804605
0.56486610820099670
0.50013798451582547
0.81411681236720368
0.41540263534730215
0.51156985162357782
0.65756623432879069
0.56009523758205426
0.40367984544257857
0.41965346857987257
0.55085068541417559
0.62936199789227598
0.19078593567533775
0.36604429776255332
0.68404235651255108
0.39652722572317323
0.37674399299495420
0.49950236235761875
0.73375714462252961
0.44462560354253200
0.39441512067278928
0.65263311183282813
0.87653884808319749
0.35936495367779420
0.44522610762100245
0.70728457497758013
0.49341200783545092
0.38128362253053044
0.57096894539778376
0.89367341545883694
0.27153367316762816
0.34146392228330968
0.54837794954433017
0.92582312529599264
0.54905729458526809
0.64928294661729757
0.52364890153111943
0.40928819554586909
0.48916373125541657
0.11700033040864832
0.47318240598667144
0.85419257529173032
0.38306218279781606
0.37113567157545146
0.51392671121231459
0.79902091286654708
0.49202122368272988
0.64045037005656591
0.59603172053637066
0.76102995735514534
0.70444706520700462
0.42219815526267979
0.41954768589730174
0.74731191049880197
0.91433001682131143
0.51363813122073998
0.40228600338245468
0.81038493403363410
0.78807019648259802
0.41733005650250099
0.46647101348553338
0.56163558415913861
0.44890894338883008
0.39802928125863035
0.39092731075017251
0.60819498513725501
0.43871221046190467
0.36659369657201979
0.42024079692532007
0.85503856469642092
0.54616498128811430
0.45478639299705242
0.43106433171407543
0.53956799887841422
0.79022991264424269
0.73879049021629639
0.63019885245130991
0.44371655730365311
0.56179115519101341
0.60896354836502464
0.61348487731919510
0.51468618718305847
0.49096738374149185
0.39677290165139256
0.74578231381876781
0.54707432392078503
0.37946696837291699
0.22433697332043512
0.65595220492229078
0.76576842531220302
0.34541325508066123
0.52960481154239258
0.61583104835988745
0.42145819652178584
0.63716303741641067
0.31782249918878303
0.63406557702860411
0.60920081379268198
0.15821694128756103
0.54632688986222822
0.28012344631741259
0.63685502288646101
0.16092828767345746
0.44530527985788776
0.69847823797066921
0.50283344944456887
0.27490348466358971
0.48177658706708071
0.73331317221364012
0.61602806360973916
0.19873433720454914
0.53716353105036097
0.59329236994300272
0.51809664322493787
0.48952345741128700
0.57529918155040227
0.56724556660781100
0.38800682148287902
0.34096717628947626
0.70184334607745280
0.45762513062723653
0.27484743256329491
0.47543455320751343
0.77417580432146393
0.49456470475625697
0.37299387727840172
0.52051760333937636
0.52939043176274569
0.46725607531241697
0.23178267426787302
0.58569097949090421
0.53264827342271936
0.44724595848761950
0.21638780844186289
0.48402819683415205
0.45048515268696976
0.55820401865387126
0.61821325936237881
0.65374410456966947
0.70322639122515107
0.79691693516654449
0.52976246248018721
0.31734638070866827
0.60631131559950968
0.53801703269084844
0.53775568849730715
0.35805304406704463
0.61788653328356258
0.59851872350968394
0.34267834266157210
0.30341205322425091
0.56929774568840497
0.58984676334479003
0.24303868456203365
0.29481187673902098
0.57868802955215926
0.52547599874724371
0.21168970886242716
0.11605435918372320
0.58682815786604758
0.69951512741216659
0.54501979171372861
0.29538159885084014
0.31207302561314143
0.66509287303649489
0.57250447001566018
0.61048494151192934
0.49205766232130388
0.43456792849644088
0.67667160297497631
0.45889591819387265
0.63484075488835057
0.00571716624257002
0.31470536908397989
0.71753969604228240
0.60826019694136924
0.18257030175559230
0.42080684627271803
0.65995046131395352
0.56936173424134506
0.41579654529697674
0.37250356796190631
0.60246555288565784
0.47433560241690909
0.32155155074282105
0.53494993073545150
0.21183171285577607
0.60458381406587258
0.13819795229705967
0.33206828095042024
0.51443274221018442
0.62705035971358525
0.31326123400253136
0.36550820417433638
0.74622472312869081
0.54852108706421210
0.40229672020987139
0.48508964787350561
0.67886951216696545
0.62435042184726974
0.28992071616737058
0.42191118536401501
0.74683179072662864
0.67626939728453372
0.13624020320145025
0.68776445234967487
0.57689212726868511
0.36805624352169264
0.30149650262745664
0.76768826593268824
0.33729370344681997
0.39643223579598541
0.54301956683185404
0.67669175470146392
0.39083215634908619
0.28872579794795256
0.71446335550154438
0.55606106768956987
0.42381186354079631
0.31025374952855961
0.60153717881593494
0.62505616062619784
0.38985700954029490
0.41963081224847099
0.44694136051872047
0.69172440179989181
0.71547761871355031
0.52306914280006978
0.34582244206807422
0.55402760709425170
0.65321758321772838
0.50409539279871329
0.24710160076664511
0.52452842561865820
0.73397525827749377
0.46681658939145265
0.08203979972104491
0.44413007543496597
0.76768769450938223
0.38774682820978779
0.34362598076055273
0.44117490938794168
0.83287363422614880
0.26982260710831557
0.31074699905470093
0.15008195258865129
0.32457083038743251
0.34503122965730143
0.27284430442876206
0.38495779142565745
0.55100241981331421
0.46326438049343527
0.46327671203981768
0.14664540254961755
0.65024410778117070
0.73666774990796868
0.53064743981230655
0.44866046252158231
0.16240065927519665
0.62101782021028584
0.56781721953182640
0.51231342758326615
0.30333786659439721
0.48961594276923542
0.50488217934345692
0.54400047426979015
0.39862547426143358
0.47103657155654632
0.70834374248898424
0.52929537360379819
0.35002481881874137
0.45113794081964259
0.48600398204538842
0.67743567751773970
0.09731631785622491
0.33824603979887519
0.44961303987610568
0.48938301583187171
0.35542086681778451
0.38789138284814950
0.64803827434722261
0.63987734237729099
0.42980231490500337
0.39956696018633509
0.81517600560606984
0.58012555906235597
0.46908097268890347
0.60793797826512164
0.53757068153444720
0.62569423125646417
0.29151276065575882
0.66957086714522074
0.37769282912654401
0.63106110442514529
0.40869597688980053
0.52280568413590034
0.56280147234966915
0.56969244116899809
0.46376241215212677
0.54807840557268594
0.18256772716479341
0.52651566456363974
0.67450614443131718
0.46711688601136847
0.50685109863277389
0.45325512819424396
0.77260128218504920
0.48664770015700354
0.31891421046101587
0.45308996624738790
0.48572049819056284
0.50745700172601160
0.63818339577938221
0.58907335889587364
0.20072798909220024
0.50309441884534656
0.86460198672032984
0.54200977242699677
0.19742322224567377
0.45450650380857527
0.77360701511480690
0.48023497300791473
0.59520502893583194
0.40354697231105013
0.56853447941492274
0.42479324908017591
0.51391494431203577
0.37228646089286010
0.70254701574566059
0.43847897194653201
0.57886219940811789
0.22373796161507617
0.67180660334656528
0.22840318686566036
0.49628520282122712
0.22105476275082342
0.72791639621160975
0.63048666354308425
0.34833026108507453
0.29783503745515427
0.59179774977915800
0.63541680358177388
0.42139791115836778
0.25289983434669261
0.46008082987009613
0.76280949731455794
0.53602034682930055
0.52016448751148847
0.28036599142761465
0.57790715122426639
0.58431737904741066
0.52429816169182752
0.21608687910405544
0.58946548016515299
0.78747608161635563
0.53032959626546039
0.38250223330337796
0.58149504709327537
0.62630636781827287
0.64852068993691847
0.27584123081927980
0.42653543027026675
0.46884551246747058
0.60857411605296929
0.35422441034445035
0.26417302836421863
0.55173946930404183
0.82466164125066765
0.54743716834513811
0.26250162239547381
0.66672254601355008
0.57297260096746550
0.38930650277033052
0.58991583106001766
0.79633839443864429
0.65173192558405690
0.55622949293535651
0.60561498612127873
0.52639288679135310
0.65638984917014476
0.17241916807778890
0.55879615926196780
0.45932119946529948
0.51890567772888652
0.44043179766572393
0.33701898270110375
0.40995643058153347
0.73414369969833626
0.64603173406473458
0.44755493586362821
0.46609765356306609
0.56864396680017071
0.71961916915035096
0.36627639063544526
0.52295672904573376
0.61663209591756318
0.70232763787397867
0.29225317585430155
0.30617062475854145
0.61662809886466430
0.36819242157172488
0.41617496251426517
0.53550702820017382
0.59614384187182090
0.22856774112885747
0.51131319715323786
0.22976002881764890
0.56590468108840386
0.18953900144455249
0.39509736365096559
0.67276666202732949
0.54632088821837343
0.43057625721678622
0.27178968104533607
0.80946368626071041
0.60546430772107918
0.47419265544601163
0.44284068032237178
0.60725999569214095
0.43319400574613276
0.65099615257867760
0.21973543407915797
0.75002806533811361
0.65500929280867237
0.58251261136101806
0.33987168391728795
0.55200858549873366
0.62948925248483689
0.46131587124153361
0.47790443685823547
0.44371030512906229
0.85869854000550627
0.35202415988232805
0.39338246792477627
0.20169268819352251
0.54722897381671454
0.48401015716650719
0.52935985653809992
0.40722516362398253
0.62413380030322296
0.71306409228861212
0.57922692226344430
0.50849777351141390
0.69815260066793816
0.66590220043292214
0.55960294404682753
0.35454013423243080
0.58581912081092791
0.24803842290596156
0.80656864955828900
0.58856220240829105
0.26687270292127163
0.42523521823482180
0.73531356338999776
0.55549812202939763
0.53072134127422843
0.31233309030361089
0.45209911545614595
0.71882326661350948
0.64575962469822512
0.80629366602127583
0.55150484306985170
0.57026771353481898
0.57636689879259750
0.70740535435855567
0.50120995499215626
0.38527874128065576
0.46866081440076535
0.71849763207604711
0.61447970281113662
0.21244445279400215
0.43179544696681676
0.62031753776587251
0.85502633073729395
0.41270688066438471
0.24188642266907456
0.44876254693626227
0.60602538835454023
0.60171135087763938
0.44343430551256502
0.57489606749584865
0.41368150202913478
0.54687380579790457
0.21671844993462930
0.38996312312700221
0.76321846683828520
0.50957823989807460
0.34919089544037896
0.48902771888175400
0.74367947720737748
0.36899117871211923
0.34527101498313589
0.60189842165997831
0.63064925140629080
0.28955426122018124
0.26594648067260146
0.32933317570571952
0.67765939350266757
0.66252337180077325
0.28347764625295391
0.56381366424486679
0.79129524676956220
0.60076270199946291
0.29297782099861502
0.60425265255625193
0.49867788558868975
0.60384644667808940
0.25203966324072019
0.63055106813924322
0.64556563037340620
0.80202236492002366
0.20913501322597089
0.38345151957641327
0.75820732349393083
0.55138820009441736
0.44337886127367288
0.49786211930590235
0.67386720041220682
0.42833847130887359
0.30556068154582894
0.32851579321003543
0.50787506077961608
0.37263754540015137
0.55733544147307224
0.58421792968441422
0.60395291187906919
0.57890218110707303
0.48433231819156020
0.12809431977025743
0.59232001600350970
0.39406397128910986
0.61178647148525866
0.39764143723067974
0.70799771942768275
0.46760783790776028
0.62667377139071967
0.50734255333825162
0.59321630887350696
0.31072500127350255
0.61912330086527811
0.63080913245579084
0.36779080181373608
0.41464667572578073
0.42058090679613896
0.62866480827900051
0.55848152853454458
0.59166533489593665
0.41385859138317327
0.62374462987424040
0.66533888890867365
0.77611383548770152
0.41654811202325570
0.36618002363729230
0.37431671719366888
0.53077449156691581
0.39471380748722718
0.46670763644366975
0.31204204542721681
0.73731659336843214
0.47883228125186544
0.60713227607954390
0.53372396487449836
0.56248831504085794
0.59965060714790308
0.50775111117613025
0.39906342797058869
0.52373706722781033
0.57393307273281347
0.54936271805988224
0.23848748693792488
0.43153465204908448
0.76396649110803927
0.41347585921861413
0.18134413651792380
0.31888422268605970
0.87620821388070758
0.58961348791584112
0.43063732996396975
0.27080175183458877
0.72272326177198221
0.68185506973721632
0.47475261770390814
0.47645045687507925
0.62027539457583081
0.69559637035010924
0.50202184620781654
0.58062201185199946
0.71838638095339635
0.71001410962750566
0.31839878965732360
0.56280902026991875
0.54407105277097290
0.58382464197860706
0.25379241025538946
0.48323948029532549
0.58090418632054297
0.67443091851383097
0.40145779890888822
0.29425183575803382
0.68656825694802248
0.79506132555129228
0.21802375719871747
0.35699679523643318
0.62518490038746333
0.56428532171605783
0.19694505999956724
0.57327552065768306
0.56784084124151057
0.54796171357308776
0.45885108214478842
0.38390107890997349
0.61662478047598657
0.74891670039523772
0.55901407131930614
0.16788375156141799
0.44542597939659928
0.54506787797584633
0.44810105148863616
0.02320150220513517
0.70860688640924963
0.61241127799767348
0.40846867053659874
0.33647667617796528
0.77523383532620804
0.28513648678152742
0.64918676598217806
0.63353755438081483
0.62142688215255637
0.49498018824167522
0.66247485834463005
0.79225062946318248
0.71057144782492343
0.49791249026928308
0.34186746433605009
0.59155514491270522
0.59468504339092809
0.67908797589390546
0.50567347219173620
0.56476285611567834
0.42576411966368982
0.58030203451308915
0.30455464865470427
0.49689245451344599
0.30489641985838295
0.72779006687634806
0.43780436444937620
0.46420764350711552
0.32396315313312718
0.70444652372927963
0.59928012752454118
0.52123282587880060
0.10666216408170481
0.57386016008544460
0.75298307765637174
0.53110515855969265
0.24361047333845887
0.53293785162557161
0.89649109346355227
0.35604208770281437
0.40903759136648699
0.42998925140804295
0.62424227176798697
0.43426811323363035
0.37956852241581146
0.18697483497946893
0.56013913873747923
0.35605242015021266
0.39030230626462681
0.09597223352268069
0.60717211235802271
0.77812877584847906
0.27696445868646014
0.25247403800188095
0.47878316038412366
0.52208988878890050
0.36113574179720931
0.51951601796247682
0.89403676519985686
0.56940245551312951
0.33010323569838362
0.49630308877504192
0.57746326289060201
0.53910100365442393
0.36229635426078349
0.23755813031331430
0.58075504626646968
0.52645496624613597
0.45179760098572574
0.09355521174878823
0.73979528732931921
0.53770997806635523
0.41871933348302304
0.70533372954747198
0.47604364443154012
0.66376301501125257
0.70798422110917170
0.41560367372217866
0.41044886742825892
0.59297609818416752
0.69165228586209382
0.24507803073119805
0.40620666204997413
0.50436848035281012
0.48814471009080962
0.40962167984643971
0.39035320413056074
0.74210456088737375
0.45898066419068373
0.33406180079494208
0.74471913637496367
0.49288143306044335
0.53050768505601453
0.49513163267958937
0.73687452722285585
0.30757830782651729
0.56310757329301031
0.59982571802295337
0.61388066136062458
0.35809592012548042
0.43848895913611630
0.40996758405824762
0.82927042315795541
0.60543690576582054
0.48120620881391729
0.49231874091854938
0.62982533564393661
0.68570330697133353
0.30383534981401028
0.24255625785350676
0.30105413619933563
0.82690526721437829
0.41948662228844308
0.33546864067866744
0.25666106004660422
0.75647742676422480
0.44455021265913686
0.58381450679649438
0.30967914590874168
0.75266848882181758
0.78991545255773354
0.60764002613910573
0.34398457704137519
0.45507933328923733
0.82889778430987571
0.43607769401833746
0.26541477030003424
0.66397637730345949
0.55068160540149336
0.57343386241849115
0.37926364587469796
0.44361580296417447
0.55741643902042826
0.50387008759388052
0.39669025136719471
0.26075644630191386
0.52836485065751571
0.71490852481732858
0.26745988927179737
0.22492985177754266
0.50998481653408212
0.69278744258015645
0.29287325548198462
0.47311508148182346
0.59792389378583266
0.51429864314310370
0.31695134017866833
0.64987523719214302
0.63040638573759022
0.39859788440232408
0.16320248077019983
0.36949750303139689
0.60121491330471843
0.53027874847998357
0.55490649017745719
0.12169980620491050
0.72289053462483732
0.54492188774229133
0.42981122432078112
0.51128917696263387
0.48476963261525652
0.67492504797216069
0.34065134097873651
0.75953749951084382
0.31592121269850904
0.49680103049217533
0.63163564502464442
0.44341089423355468
0.24078634082327277
0.43167844827757418
0.58974273351670370
0.31037821632721607
0.43362794649912639
0.43653883123339959
0.56030058921094084
0.39046613667031504
0.66035633531510096
0.69284210193193796
0.48389443307795366
0.44182245643858581
0.89854740356200302
0.45770947500218173
0.35884797068985719
0.70938624928859806
0.48336599987305851
0.59738952143459700
0.38594207526764668
0.67971247758173470
0.56458179527775276
0.39843111857538571
0.21215630255182399
0.18648002980440576
0.67549709391736146
0.70286138909500773
0.35140162195647640
0.31306143331590441
0.35158525148419145
0.74547261393551478
0.37464658827543529
0.34235489921120410
0.21532589379951778
0.90414592740967636
0.39954939091570613
0.56260651542472073
0.43547425066951606
0.68321045550461723
0.53022074617123838
0.57610789295509457
0.27706063275379134
0.46384398366557555
0.71552197083110058
0.48326578909831658
0.58813390313369984
0.55871228577673548
0.83482231383373462
0.37368226509553387
0.23205687708387290
0.72932921138200579
0.62982111315039968
0.68117913562946564
0.34604569719268491
0.32026054325473319
0.49834734543909776
0.79872699279628179
0.32345958073218029
0.35694369611804422
0.43797173377683318
0.73184608521205763
0.03336159912768938
0.08495145383362490
0.45991263857854564
0.64509515767779502
0.41024882397192147
0.59851754361569809
0.55809898292937465
0.26205271076959891
0.37978932533721549
0.52287195069076209
0.47147180548820911
0.38395891206017069
0.41404023771586979
0.32035176444484831
0.69280104690372957
0.48962017673342695
0.61062000148113549
0.01798317745625400
0.75889572149897910
0.30767537559957225
0.38802661552737938
0.79095791477413502
0.46979875758323519
0.57457946039640617
0.64335696323333491
0.65974492458854805
0.33059649134750491
0.41439621528810094
0.58189102007463622
0.41397940868443817
0.25550648491550287
0.27733636665781458
0.45683585104417546
0.48909100876029538
0.50852100402331157
0.40036366571010784
0.42781933401254213
0.60600219325052496
0.75311429828998255
0.48445499535883740
0.41354988737635856
0.52755480971387603
0.75033884923081973
0.45595978906809342
0.35023797614629526
0.62836813546816683
0.60776751601479773
0.45545972219019193
0.35969442594025752
0.26501996807531569
0.49085186461814401
0.46920310999673986
0.33231309675121434
0.32797524906959685
0.37615662476491563
0.66235668785757951
0.29891861240053424
0.63062799554659277
0.31851867512988119
0.72444429125987997
0.37934087509951614
0.60286326161281967
0.43534009169456356
0.78717664516183938
0.53472430062402809
0.55717287430301632
0.63201912597192145
0.77623246856403916
0.38190038830538808
0.55155282316337251
0.77056095763895238
0.61510221954290289
0.62570922878274071
0.51379004178474819
0.56615622055524017
0.88503559020784395
0.59655100616439127
0.46284193437292620
0.35996710710939700
0.30729694166041210
0.50580263935401037
0.93910399224249741
0.39768552727161027
0.58303227488851050
0.43758285289948090
0.81937226027925514
0.19198029619812940
0.25648427691664433
0.48312525659374084
0.86338999302925501
0.30296583012747558
0.42313296535671263
0.36212102327861706
0.38185521353659435
0.66121891017055234
0.77608027727797324
0.53476598626835881
0.31316907907646219
0.45185742003919704
0.59804961590638139
0.55268838147776511
0.29117286980392121
0.60794111501010206
0.52580023006916643
0.61549496749808519
0.16044462641184254
0.60899878424810039
0.57549710263252551
0.53851653871766536
0.23408263347684199
0.60065037992093617
0.71810229085016652
0.43120548638729816
0.36579457640712498
0.87048384857919781
0.56632266273509291
0.19153234072762471
0.17218466674816096
0.45269091779501874
0.49154195967714076
0.39004006884255082
0.42585746247818868
0.48808800329816582
0.82813688382213135
0.93526926274088629
0.29077372269387802
0.31394510278388410
0.51831666042331925
0.69877123024186583
0.41144528061955588
0.11155138396885023
0.44504680054444923
0.67824933276328081
0.43511923039656758
0.26132143867729596
0.42306735959761821
0.53807307622403044
0.47220737045275257
0.27283837264098498
0.23660309626059034
0.48054807509761205
0.68639713306934780
0.29373594389427560
0.36676472998707998
0.29365161471309342
0.93498566848053744
0.38254406727179635
0.64025233061640019
0.42127007934023974
0.81682836217759835
0.53689765536388179
0.54357571664904769
0.64913445086421517
0.88355305051221522
0.47440960187904124
0.54168326967296854
0.84726218843755041
0.62752497498407278
0.25414806727572858
0.52107379180939739
0.64325478777202671
0.87724438343186817
0.53681453538986135
0.48215542061299954
0.51259599088769581
0.84412951135039871
0.49704312744160573
0.79129631642400144
0.44058675799191988
0.45412217299468616
0.45771172087062378
0.93969211897432636
0.24621173705286181
0.26554209606553958
0.39911057651899051
0.68470681754786389
0.23586143174039270
0.25618594051722410
0.38921792374049130
0.72940242324996696
0.62259739981802042
0.64149876891632918
0.39865628501382394
0.40364828000044767
0.57626373133500297
0.64737760244325004
0.50268147647210948
0.36744058872925645
0.57357897210099329
0.79741226294969469
0.56237219022718465
0.30134462374539839
0.66442356735208907
0.67006844871418281
0.62152298995004418
0.35247152316639629
0.58646200752484723
0.48221036064406553
0.45402509493554194
0.22892330558337814
0.73369625788954951
0.53443299274919243
0.49137815684213504
0.31963897610253139
0.67287756902958762
0.51500559877916952
0.35446848935596298
0.20422348745177754
0.50984246694162239
0.71948083881139213
0.79044966303875075
0.29752978128043595
0.57647255650949047
0.55979058861179576
0.96360514367238637
0.33214180086215961
0.64023117253798201
0.34295533983915927
0.38478773366081764
0.33860215837851892
0.33203240906812337
0.35021858402148387
0.31119192730258988
0.28657524639979304
