0.03277299048692546
-0.71805265404293972
-0.10987600977014569
-0.48601168261219863
-0.20997379313026224
-0.34566380538558505
-0.39273330604578460
-0.06970719296764447
-0.50161836036808405
0.05497403922323382
-0.67779109416269911
0.29260633780591327
-0.81607186395682663
0.37719587529007526
-0.95608869419570608
0.59268761411887672
-0.99796784813178041
0.77949344999485359
-1.10185996501751271
0.97257072160090474
0.12851660231205536
-0.55146471220499715
0.06289437692817318
-0.41068539879739652
-0.12425312132595928
-0.14753680111378992
-0.23158491723930993
0.02579863059208373
-0.41659203906810105
0.31808179022130101
-0.52248386812065684
0.41670139741582857
-0.65627945033057444
0.66799396674846034
-0.81766989669965129
0.73042570860790046
-0.88333801225759601
0.97282037161257595
-0.91822085776175277
1.15441675780135378
0.40719930224319534
-0.45575883962108921
0.19456262535334051
-0.24144434627527422
0.09569421336633895
-0.05717443360905775
-0.07570614619316759
0.21398015254362360
-0.15889073193299663
0.38284339804743950
-0.33193745080116172
0.68720069209834933
-0.47298414405126155
0.76805856545478746
-0.55360937216979045
1.00278683216121411
-0.63351530198843387
1.17493922648961679
-0.78762325918504272
1.28112627936337442
0.56778343333202852
-0.32571432090166452
0.47808470889173654
-0.15702771622135195
0.26170537278454820
0.08218998690138053
0.19974764545329945
0.25633432241754284
0.05202542563256429
0.54907631263084822
-0.03433385072382587
0.74199243863605635
-0.18493928807562082
0.97723440151546670
-0.32825028332251716
1.09368068916100514
-0.45351556868682896
1.30606021085285984
-0.45254606883648563
1.46145067604271395
0.88123884877394265
-0.27821300749948186
0.64731747992376731
-0.04234355745787934
0.51442246420471460
0.17384391395199456
0.31862651844707712
0.43754913931863448
0.33134978551789995
0.62508771753014580
0.21119054460167816
0.85302797868285085
0.14563068091992551
0.96725905618047636
-0.02802329021577262
1.25256178703399157
-0.08372928407751094
1.40538231198589791
-0.21546025589901288
1.57087260614478708
1.03319519490139289
-0.20934290660975216
0.95051107924389799
-0.04536383025089363
0.72433003093348747
0.21730750236451185
0.66762774475469766
0.42918396050898716
0.59289962712038957
0.66046310783882678
0.57833946650637413
0.83054533491485016
0.40493961859548172
1.06127826571601225
0.36529006796321128
1.22738495940913928
0.19150900711051433
1.48612371195751058
0.18239112667926011
1.61996400194443346
1.26296880393028110
-0.22000337577590773
1.04033040927531539
0.02127020251086414
0.96134567642069368
0.19698145991092328
0.92094408570218811
0.42660639034825276
0.88708993192920749
0.65071642165594556
0.79560024604577706
0.90358612024919049
0.74116953641922789
1.08702033835461598
0.59064003523790620
1.35789669385508982
0.52943724181065377
1.55014256396951566
0.42888462543307071
1.79909754244037368
1.37167880889045368
-0.26458770181527325
1.28957878055543995
-0.10719850220471418
1.13342956495975877
0.16430579482286803
1.17603992156362791
0.32354001512253761
1.12395828242262485
0.60425791636185988
1.10000550938212016
0.83222822912493277
0.95616541775841901
1.16364985964158674
0.93220595035841614
1.35012625282621590
0.77685627180561601
1.62280249190891390
0.72109670270461135
1.70685823457261820
1.45285321262479594
-0.54667085736128074
1.30388624208583659
-0.28154337950074854
1.27283430444473855
-0.12631031389489528
1.31917887706901382
0.21141811805525682
1.35200180719824892
0.45593682314919559
1.28045809810105826
0.82916019135713281
1.27412319414685715
1.04330661702245608
1.17090514062798778
1.36023017984438366
1.07057788192391889
1.60909338408897229
0.95267449428178785
1.78290315442722758
1.43514565742979805
-0.60707449769278332
1.38811557783647777
-0.48501884984487986
1.42466900150130371
-0.13824192556303588
1.48651605101670858
0.07423464687802915
1.48846198482962766
0.44404576984294852
1.50283274167501224
0.67432186372791103
1.43561015830364558
1.04181406159219070
1.41674884947003887
1.26842244982682195
1.27546446936229207
1.57902480082410857
1.21914340130811172
1.71664344604236696
