0.04641724209373037
0.93399357453066456
0.07094810273568525
0.93061601318816267
-0.04309059768899939
0.86640584557633149
-0.03990946492334788
0.76406481304343132
0.07949272368641402
0.61249678084402304
0.14853743931657387
0.49919831153193595
0.34829927691221030
0.35493096760569243
0.43953764273985962
0.31861200290467451
0.56754356930268612
0.24308228445979074
0.68208337517453455
0.23704638008709650
0.84265325485260067
0.25149636308972390
0.84603283407141816
0.36583806462479174
0.81606520013604511
0.43257593220148483
0.68815805333955171
0.58392261933989087
0.61021068660728961
0.65406552197557311
0.51844698279420354
0.77605225065495465
0.43744079093058819
0.83459888881108357
0.36198248676331540
1.03795842034389230
0.34354021751178354
1.12480006688720202
0.51467869305139380
1.31523400041686234
0.66427052809209020
1.43171532032182247
0.88293051167132142
1.45841431882907857
1.04184611140574801
1.39503338633002016
1.23736871339952659
1.24888902913544708
1.35506490989624262
1.00605511201728848
1.48296946522512796
0.87056872523853557
1.57773165861597531
0.62782193923135288
1.61081290429607593
0.40420557725480055
1.65142200461060495
0.10980779649918428
1.61672186150519792
0.00240367400988163
1.60951111615813369
-0.12162466755817464
0.17904297230889882
0.92263725727426293
0.11240027043003334
0.88131944469398060
0.14624906791910372
0.90745387546330836
0.10307900223924528
0.80508283467618524
0.06268502233893097
0.68357553388800640
0.17091288867781776
0.57036617924303457
0.25523172467109440
0.47679118087078576
0.39217383216620993
0.38431709820679694
0.48524897625457125
0.33960041229103949
0.70808425940623132
0.25909790603176813
0.77828979209030780
0.24981924537517436
0.86316148651447144
0.26361097143675855
0.78076433488518149
0.37313338264206553
0.67418615127424553
0.47167061720696030
0.50208009112028607
0.62566771332448279
0.46002705275347411
0.68092332232271435
0.32383340463453741
0.80977451901727804
0.24078879494890684
0.86189591271109622
0.27598775880018422
1.08202374075866903
0.38115663252715615
1.22938781193707580
0.56848465772301737
1.37125986706798852
0.74179941120421089
1.41833997422158054
0.96900598984993191
1.39074434731257779
1.11020719587268291
1.29030542384747759
1.26182105363413455
1.10894494787948261
1.37280679690107399
0.87910309641622975
1.45521281769737776
0.69137223791423941
1.52643775634461276
0.40537467836769364
1.53930707307248782
0.19258275284970860
1.55476651312118719
-0.02871756448809139
1.45877992673067247
-0.04535165136036727
0.21728604975711555
0.94111804150378620
0.23548451496907863
0.96224288018684723
0.15734476268409958
0.92457907949822304
0.17212631582963461
0.82665558532248440
0.19756575080320282
0.75340055961443908
0.22656773161929569
0.63945285899806392
0.32871595898095063
0.53306556861189547
0.34326285182700206
0.46426530795292076
0.51503187257170724
0.34612597746758655
0.59535501075358332
0.29061164434196163
0.76863989962776480
0.17630066016120419
0.83198265424886075
0.17486608164986658
0.79220540808496243
0.19180809777233387
0.57126105626045620
0.40076315280403818
0.48206531124495955
0.47953764572644308
0.26574747939463850
0.63123003558149759
0.19274883434910270
0.64764744599188284
0.15789718425323002
0.81603051894103085
0.13339986359150174
0.92517598494813402
0.28840458150337661
1.15765449854020108
0.40591850297350612
1.27956004328313955
0.64531222934863974
1.38184137452747158
0.81829783603024109
1.36132439043985376
0.99472452385796084
1.28741394529792319
1.06725705661050663
1.12324262211323300
1.22672018869276145
0.91589585698412823
1.32363551598013918
0.66920597404333892
1.37485739996944378
0.45271895912668170
1.42031633065136731
0.20131168100465030
1.37818028866629128
0.08254518663195702
1.37635533277521516
-0.03623603013741292
0.34275415137725840
1.06077164432591409
0.26267573249448162
1.00657554512607472
0.35482263096679617
0.97828853528877657
0.31788212892440498
0.92239965056962825
0.32355349875556572
0.76929147351492499
0.39140472455521974
0.72019797286479303
0.42928824783813480
0.52728092490479328
0.55302044780255133
0.39072968991000900
0.59227097945427754
0.31738961866295207
0.75551347183620954
0.14380484847314839
0.77138710562422064
0.09104474809637556
0.84847804471255550
0.00846912976365273
0.68568366261147529
0.13040995396613200
0.55321206466000672
0.23607816748340585
0.28943656285452679
0.41273175544307011
0.21904758236158089
0.48934538093237617
0.08882802069349593
0.60844775628603665
0.04136445363008229
0.70908839519372346
0.08329476437353921
0.93030909491669489
0.16380230637171486
1.08586103604521655
0.33324145879225031
1.26835166443887104
0.47648691658533415
1.35980946567416905
0.67445513981713512
1.35877729201443098
0.80166115237851598
1.28243927868897512
0.92806603449959912
1.12058886661486601
1.04072600374048618
0.95175369077661087
1.16779172074872784
0.71452718317878305
1.25706618785677926
0.46332696939171403
1.23992012616973368
0.28397221649615928
1.26884685705023736
0.09006173813090357
1.21330047123344698
0.07036176521315796
0.37454077241450229
1.12464348172142992
0.44664375228138931
1.08057333230317032
0.43927940870387089
1.00150891623261251
0.45003587192969313
0.84585361357764055
0.45906010304972544
0.74330538652413214
0.47363756384832856
0.48993476620317877
0.55511406365563698
0.47111523521951743
0.58814238976767363
0.33683869479639744
0.73150056692674503
0.16493428666638904
0.73276534621329137
0.08642518043467301
0.77468240833317781
-0.02059504371227289
0.68270943514356131
-0.03837179887432110
0.59065793576065362
0.03557212827158955
0.37691247596906452
0.16702571808246106
0.23154302227496132
0.28221700407396233
0.08272662813535447
0.42710669627827957
0.00449540880003078
0.48061049537051637
-0.03164885280168067
0.68400459485973886
-0.04218430877267491
0.78928901342926538
0.07241475682183154
1.02275609299973991
0.15364763484296090
1.15927682568757473
0.34366673609561771
1.30739623805674943
0.45152412130101760
1.32535094107994400
0.65760879018489415
1.25445278298942720
0.69575119283382847
1.14346491553734064
0.88612971104652416
0.93122778059994626
0.93589787031347627
0.79808881100526652
1.04161878210665271
0.57975292723751981
1.12962455238993820
0.31847536379841029
1.10581874190540397
0.22164017333810909
1.14520435227300088
0.08296993610576323
0.55501148399199240
1.15970906142374597
0.51575146357051049
1.11093859394650507
0.56874344853302716
0.95479267643669541
0.53837162272583661
0.91657936887634228
0.55800507547231237
0.76730988067458927
0.56734516197157636
0.62644768199529521
0.60286905642887278
0.43127552922144835
0.63252551507443378
0.28578022997332847
0.65009670508766881
0.13649261766008541
0.71754115549262265
0.06880053984836915
0.62285227730922477
-0.11930388445374787
0.60720774020940549
-0.12109134335494559
0.41624576471990010
-0.06383637452784488
0.31768127105684468
0.02449258639778770
0.10037320160870977
0.23514630225248184
0.01778022587681338
0.32149993139676469
-0.07639352613344341
0.48050057199665425
-0.09818075881724141
0.57568887985548389
-0.07647044779808983
0.82353054771688816
-0.06613403681196822
0.90030901272361985
0.03509959778938108
1.09647401541462397
0.11794947709500685
1.20796110622951258
0.30146165053477081
1.29834513861031109
0.41660876630128019
1.25777948006294071
0.59626983594405614
1.11197647907237585
0.66169089130536785
0.99412406583887791
0.82790361334383467
0.79781397847799485
0.95146913095493058
0.59909812744587521
0.97330461627915876
0.45858023568535061
1.03893082933260783
0.26012438868288290
1.03788597230295854
0.23237249101689672
0.48099767870781757
1.20580339661876090
0.50496101398633142
1.03270339542768896
0.54948551567207793
1.01730421432091189
0.58121100958503269
0.89166000335480822
0.57450509581650888
0.85551934545342001
0.59991966748304126
0.50467077093426138
0.60381428824743277
0.45786896372107233
0.58216087796046534
0.20939971469830682
0.57234030965892557
0.04697828560927642
0.55883784591514307
-0.11677702965882136
0.51546303996999399
-0.20912049695011617
0.40990843131210331
-0.26371085098184882
0.37119400637397870
-0.19799875842784037
0.20145894540568043
-0.07096619498801512
0.09973414850993384
0.06386305394672734
-0.01738417020331465
0.22745383899370436
-0.06526797292483330
0.40879564520291972
-0.09651731656887046
0.64055196603454156
-0.06421414222164094
0.68764050126407739
-0.04646421089926339
0.88742882127115619
-0.03593672434033491
0.99323288218993000
0.06082956436663538
1.19206521274151012
0.11879342973576380
1.26393443811670636
0.35323613351786110
1.23042578848260820
0.40842533075738846
1.16486310194713560
0.58478737293949534
0.99042337123953128
0.70187593347497923
0.89302587139923884
0.82223059511672814
0.73984138534391919
0.93060605155228027
0.51206577863554892
0.95534252541078590
0.43329707651701793
1.03104446826395590
0.25856986927926329
0.38816844687558938
1.07594472506431549
0.41833200256993608
1.02393738936972434
0.45552170533967162
0.90271634396105771
0.52070784707116158
0.86630111922269437
0.55075351701497011
0.69143670016672720
0.55790141553472195
0.53101767161611235
0.54120724890491934
0.31591763359949365
0.56305947761708319
0.22359872861058563
0.45681653094013785
-0.10648896426067511
0.46867413856662005
-0.18019355552369015
0.35351138545982275
-0.37006522914348594
0.34646728925415404
-0.34310550236870235
0.16785236174953533
-0.28439211521061802
0.15027168635396643
-0.21293431164061344
0.06488045397527190
-0.01759748745049590
0.06004283564286585
0.05641678267554832
0.02508960044756466
0.29921047244012139
0.03268361419105041
0.47646433327628990
0.03784993393854862
0.71448966139971148
0.04965503032614652
0.80039952078064514
0.11123153840166436
1.04070521916143610
0.06541301794091775
1.15435307705202495
0.22264210775328208
1.25491883744418709
0.27841110452877516
1.22305992559633414
0.43871988511257887
1.07604872969790311
0.53478639921269244
0.99318764420690209
0.67223454914516534
0.85386104503611104
0.80586643269708436
0.69315420158107544
0.87416468491668331
0.65781453622810715
0.98602697123050209
0.47899209384419078
1.03515124561185456
0.39674709876731368
0.29397831240075178
0.97520795242156411
0.28682934523267767
0.81216686381617942
0.36641237962324991
0.76307209455660785
0.42547167696691690
0.63638679642780582
0.49497896073694697
0.60467600509482256
0.49415096832565192
0.40748159919583660
0.51473072383381024
0.34628682892558893
0.45592752680770027
0.02235038402828123
0.42473385828386606
-0.11434745755429228
0.35634059570830157
-0.31805780348265367
0.37682737786134868
-0.39689355829165918
0.20286391273833054
-0.45735394722953066
0.17101552471739542
-0.37010355496305541
0.08164523024649961
-0.19400249302553962
0.13508589988525441
-0.12679313618651322
0.14410362151173464
0.05130343998550117
0.17421240506400767
0.20508121934968948
0.17963180266204629
0.41222869135597745
0.20243215415198101
0.62135612580926547
0.23408354671722717
0.83151909472654473
0.25649734549206349
1.02017680555815171
0.25561429585302686
1.18319615606096606
0.23443342680400825
1.26173227592869308
0.38984377995818792
1.14377376303401146
0.50935539626908977
0.96901970279021665
0.57881665910353386
0.86952026832437901
0.72769476192050286
0.68207935312065060
0.81695752748463657
0.60126234042986448
0.98593280879895673
0.47181635635612335
1.01347664238645896
0.50767017702114015
1.12041859806059629
0.33591636450323425
0.12427742099261069
0.62078915058712181
0.15701062673758007
0.58577222908136672
0.23266402204150871
0.53094256567190135
0.32850360465602518
0.48179231333360667
0.38588126943721618
0.39738727376857208
0.42687369298646211
0.27372786699845914
0.44840935392157943
0.10197679663754430
0.43579720434205499
-0.02630453202244916
0.41796688453029918
-0.25288751891320554
0.35350780620106093
-0.28311470766223806
0.41587690648241699
-0.42204794594689760
0.34314263985487142
-0.47798800588280282
0.27542588368283655
-0.31737792178708024
0.25991100691821128
-0.30988076116044994
0.26057669426768976
-0.16673798143660862
0.29911625072317860
-0.05067648308420464
0.33846950557850813
0.13491878149903686
0.37473985350302164
0.29761526628630186
0.40180829582196942
0.54999332627670161
0.41143511836224173
0.76394597713215573
0.43912932398320759
0.99846551450228782
0.42943988419216850
1.17077754852850968
0.42544336441242725
1.21648640887714654
0.45750424282594659
1.11586716558374843
0.58347053666444137
0.94030618314481540
0.73444450664322836
0.69960328619618184
0.77021127233444830
0.61892605303224868
0.94079319304584819
0.44710980984398391
1.00910247398241726
0.40470363818164407
1.14905410899139504
0.29225857876978695
1.15319693945539647
0.28554926341429654
0.01346800992228154
0.45485079637097203
0.00477700246295956
0.33302461002078165
0.13586705139689159
0.36570667463368622
0.20124774097899298
0.26156294156394683
0.30767944289818194
0.27012564136757011
0.35309112155625733
0.13010764770857264
0.38674650869558130
0.12125344676101837
0.43365303775944469
-0.10548836316579668
0.43654454143060878
-0.18956679900685353
0.51212547210652293
-0.40146092212217366
0.48628829657044964
-0.44679745658684944
0.56673246166527691
-0.46950751348392822
0.45040757673702286
-0.40299811578375161
0.44024288040103426
-0.27064394141102771
0.47663142433866179
-0.26903316489301449
0.48885072699700355
-0.07685652536030389
0.55347942968658015
0.05188143504036298
0.57116105631854475
0.33363497566598144
0.60139911755754327
0.51743696859843136
0.61826173964251130
0.76001876774820742
0.62121758820249207
0.97404638355977458
0.62586415410101059
1.14721535975978051
0.54160397437960428
1.21565268739080312
0.67426290617440154
1.03677175454728521
0.78363857121931324
0.85091132412633319
0.82737550082324196
0.69832856903337526
0.97305733876871803
0.49389158859562599
1.08924045773434064
0.34334333507567449
1.11353126471936448
0.28227174859210774
1.24066883369225045
0.16042354032047243
1.29277186585858073
0.10174300100340261
-0.14115603578535008
0.25388915250855076
-0.08619063834945243
0.20447018208287571
-0.00680611428937239
0.13504654553813075
0.09956403776490549
0.09949485736695143
0.19164557843820060
0.04818277752241358
0.28268700437525002
0.03548456354471273
0.36126397619360134
-0.08575453005006076
0.44800880236086610
-0.17281475766191179
0.55030861024359368
-0.33467681845824970
0.56807453872958280
-0.38702376627516594
0.71237873394757933
-0.48453036408533440
0.64809483081457686
-0.48130116519307142
0.67820927014900345
-0.41004399826542920
0.61967355551254200
-0.42017847740001812
0.68523151205171617
-0.29415050132669252
0.73515502202633720
-0.24758921436824682
0.75662555073963988
-0.00907806431223673
0.77157396508505482
0.15874902853218803
0.78985926601776679
0.45724565859192734
0.81123159487311969
0.71222968751872773
0.80389924425557613
0.94109799611871192
0.68791712892429113
1.11883666077251509
0.80782854965516770
1.13988166514935818
0.82097290362229258
1.07667012668628725
0.95508763319711998
0.78013297974751994
1.00517992866080452
0.64232764791730956
1.14602344735586126
0.39998206219793692
1.17028721131552782
0.30002603500373876
1.26131175878841972
0.16110619548513994
1.28137951495168556
0.12002567967625678
1.41896866966139124
0.06194673191247790
-0.23464344846840524
0.13861867929066457
-0.21773839102140835
0.02779787472007093
-0.11325560501779833
-0.02124071453579904
-0.00814681490732615
-0.09146701785248690
0.11637638264674931
-0.09099353291202479
0.25117720195484694
-0.19426384048599904
0.34183255883622360
-0.19502393460143391
0.49217871240579270
-0.28909924993602859
0.52133232255708684
-0.28239596488716817
0.68172791347601247
-0.35538660359111018
0.73720154697967244
-0.39423798469030230
0.87374513630473960
-0.39372719723119981
0.80936696477520154
-0.39185946099906971
0.89506061870721276
-0.31350570619154272
0.86631641398196169
-0.28798370823162767
0.92771931347712222
-0.09186323864597064
0.95206032678680219
-0.00755509211611299
0.99002021427830822
0.22555956383999834
1.00348394953880549
0.45628138514393202
1.04834841649892496
0.72145703276106599
0.95761544887768224
0.93494854020913143
0.98501666627876450
1.10291511564325573
0.97368936795054162
1.12347512554960360
1.03681146108142852
0.97749075227065541
1.07908472775545405
0.81386852268333043
1.20127151394659393
0.56710597658757012
1.26857456908163990
0.39595191014885722
1.36795144952368619
0.20805278145075956
1.34209541469069382
0.17453841606235773
1.46444616609310430
0.00098605934977591
1.42959360865751117
-0.06292449667173938
-0.38720573201857661
-0.00697949227244990
-0.32284443035329485
-0.04378507602572672
-0.20496999818222633
-0.21632784787372411
-0.10864276548439133
-0.20227970609180190
0.06144974639978912
-0.24327728888622277
0.15642336889706610
-0.22256860582243548
0.34093769509276628
-0.25028555020772031
0.39175635295551747
-0.20166406593287087
0.57535500471126866
-0.22301586222670128
0.62827011786082176
-0.25399313646084226
0.84313656019454064
-0.28178871305594311
0.90694066513667404
-0.30802934306629104
1.03420915426607585
-0.27925567413217234
1.11935301640479623
-0.17723770064493002
1.08406988139970739
-0.14908660028228715
1.14781782871397375
-0.00702762125969810
1.17506765002174784
0.15237074498563247
1.17686417639032936
0.28281792919894583
1.22232068001962402
0.50709696990061393
1.23536130866044647
0.71882867910398462
1.21386902895042748
0.90243826249250281
1.19229853163860322
1.05580773358006885
1.20888591837461412
1.05149299566066956
1.21582956183668944
0.94666144624379822
1.29897538698971649
0.73016739998030233
1.33405420233629846
0.57619391323938429
1.44342154258458777
0.34319681783540318
1.46486236617948462
0.23845151240938550
1.51322558276229602
0.09625647863686065
1.51744693924148444
0.06411911682678242
1.60356574558176024
-0.03107680185709440
-0.50940117458782186
-0.01307319913666199
-0.42621315225774281
-0.16539177749730810
-0.36439165475953844
-0.17108364725743558
-0.23154656893559156
-0.17714584019160728
-0.10888542774575315
-0.14213393401771673
0.10384537994223005
-0.15350479251118060
0.21101368464561771
-0.11239267841270983
0.41999403668003671
-0.11945520166575205
0.49136464214313524
-0.11388671929120336
0.70879988919277770
-0.15676089146751657
0.78698232158767722
-0.19450173834560200
1.02065701693428457
-0.20124073937270501
1.07007885769551803
-0.20432568937501508
1.20880545824883434
-0.11570499588582306
1.31503237282138774
0.04307766579067272
1.30264322280498868
0.11219442077599998
1.36700433474570726
0.28175022318609794
1.37188007286976066
0.38619439811148265
1.40046319865128122
0.58183588021960331
1.44982275246404013
0.72255861268697286
1.39284820590155456
0.91754573620053148
1.42601678840261492
1.03416544885532558
1.37389950285327678
1.05585906309807331
1.42298833321015139
0.90119785947650666
1.42990927281502156
0.76459572402647324
1.49389502884282521
0.54415813110226496
1.50592953198150403
0.46774699452594398
1.54722895711420261
0.27497020128978428
1.54960423620704035
0.24145970958847934
1.56592032469720444
0.10582386602813224
1.56748497522442465
0.12517569209730889
-0.62004491266350847
-0.04551428126054184
-0.56369391303192373
-0.01983396351197994
-0.45148279418986004
-0.04200928362020927
-0.37927487435164414
-0.03554861444168112
-0.24328219200243728
0.00074597055936636
-0.06566488847351537
-0.00732921178807295
0.18500596899015989
-0.02878765322575555
0.30532284697311163
-0.00222297379057091
0.54325632168223725
-0.04005005887317581
0.64957866646972429
-0.06577135252905152
0.88056640981929901
-0.11158224769117381
0.97808112371902878
-0.13001304735313068
1.20005160047982407
-0.11158107771350913
1.36510936667824234
0.01462396698843313
1.37979223540954776
0.06875736080236731
1.48214678712751335
0.23746166556156056
1.44489589159140386
0.29554594675278467
1.52696633193660447
0.51532008363234039
1.52996737175264963
0.59952581869122035
1.56090215212372252
0.79734588872922307
1.57890283928050046
0.88688158923598470
1.51318300899929126
1.09030064679423333
1.52767052134872183
1.05345045950354077
1.48532925505671387
0.99171159431022993
1.51096773659036154
0.79575321827177170
1.47586336500371718
0.78491638594661806
1.48396173100357087
0.60859117849935740
1.48755898222180982
0.51732418387107126
1.50807720723762251
0.39025300722369444
1.50502630284046335
0.34908440434179194
1.55580939776111116
0.22383401440888490
-0.69112986495629491
0.24870485737437786
-0.61475445699720299
0.16167264383435509
-0.57669483628292351
0.25458130338483748
-0.42609019212412080
0.05592908181255750
-0.38492019253344895
0.18054950486138363
-0.11210538633923263
0.09576183770720126
0.04985259771390148
0.08094060688612886
0.29117759342804284
0.03978517113628018
0.42766621553689688
0.01799688389252678
0.68026965414930463
-0.04357922577410435
0.79167192175737855
-0.07999855123935559
1.02015988426143789
-0.09386375238554219
1.11709728825776144
-0.08121631758332709
1.31247476439826150
0.01592201916041160
1.32517577352142069
0.07728531832088512
1.42267184996213114
0.23524538118977231
1.41019015508806422
0.28340397940740736
1.48573435147609922
0.47739224957580623
1.51976228403019342
0.55561058227672611
1.58027343319936620
0.82626190815054512
1.52026364268378433
1.02896220661321514
1.51519371663323899
1.13534993106758431
1.43794336523718136
1.23491237771412576
1.42057918819370443
1.12202616978402792
1.42547898486157898
1.03003147021250951
1.43871588883109092
0.88022428687728194
1.41925987261295328
0.83097982303873952
1.43034162477531268
0.64699363224389428
1.42163910085848810
0.63269760442357548
1.46481263699689457
0.43853290423107733
1.46171381237349718
0.43809704028570318
-0.71412234417298848
0.50313101553166528
-0.66450738542155363
0.48349415600313050
-0.58716363717525488
0.40274157533888366
-0.52782622955540726
0.32823569251546902
-0.41787324222553962
0.28762442193379123
-0.24447065514366179
0.21709559410856294
-0.01024264652826416
0.11191857324050061
0.03588707826785230
0.07538315112592450
0.30460143138628049
0.01269458900772596
0.46235354846872428
-0.04385269017464807
0.70363461223157930
-0.10954617461307548
0.82161424521733728
-0.14160498822299250
1.05217499257673364
-0.09722084280066363
1.13018785452093229
-0.04508320805656618
1.26833881642744206
0.09151182389484931
1.25615400187310877
0.14030312124374886
1.34179854507230001
0.31314712660132576
1.35613355952093495
0.38606835326477784
1.43426984882867115
0.60899859745756435
1.45299842391755929
0.73857604285403466
1.47567225164592597
0.98547111543668664
1.38534433195219098
1.20240766504036212
1.36409600196318492
1.25138010301094260
1.32729449437773006
1.28499702183770936
1.35366044965771226
1.07672123016939092
1.33630805499676741
1.03596500489827337
1.35513007311743228
0.85496742580969742
1.34526316762347720
0.82520311516272782
1.33628567232770656
0.64596124049427806
1.30977050695060426
0.58816282121639019
1.40200067367658199
0.45208561662123037
-0.72600063197018272
0.82604955661352542
-0.67352060778591194
0.70088733279625792
-0.63812844179404327
0.70909101506816308
-0.56164977363940194
0.53594767188660919
-0.48503304100226485
0.47445434169866468
-0.29416613250460139
0.29119518718488313
-0.16039065435205513
0.18364468923219424
0.06260686946433552
0.01581525938803171
0.13778675715675631
-0.03512995802229950
0.42190869245583079
-0.12354208164612127
0.52172905886444831
-0.18895530301326613
0.76295292095632861
-0.20620045413653609
0.89195487260310446
-0.19437332859080536
1.07385294534391473
-0.07813595080396436
1.10347180670576495
-0.01189264843373825
1.18321318365783101
0.13891053732431954
1.19243247391585716
0.19983406521259556
1.29686702198473180
0.40089686533061814
1.29706446329471281
0.51779362732757572
1.38665327154862572
0.73893101525330018
1.39795153946498329
1.00346885191764601
1.37944089963741412
1.07315396373389249
1.25806118928722199
1.27425455692339495
1.23731321463857014
1.20618206093543567
1.15478433603562380
1.13083653067313539
1.25853576473193618
1.00543366454691863
1.20809349184634152
0.80880590548990106
1.22729962199893783
0.74587213015930831
1.14642078761168253
0.55686383964970332
1.27460379019360204
0.51524608331970634
1.21098424999674403
0.40401938941101684
-0.69712391761426895
0.95713258926695877
-0.66583235822414955
0.98987040360786760
-0.60847501566456175
0.83149333983209062
-0.54936148514988736
0.73643404583887917
-0.41442553291885814
0.49403754561181706
-0.31049407419849190
0.35524795032276718
-0.13984619787913827
0.16200889563270987
-0.03549271690318077
0.06199110258451743
0.18721121405556301
-0.11272692548912651
0.29946961427029506
-0.18146427590109640
0.48835424527325189
-0.28163166519839389
0.60315725203635084
-0.31233070460420265
0.83503505555598745
-0.26848285286065715
0.92842842439106954
-0.20983903296175110
1.04367730428047278
-0.04239618147034242
1.02010724406692965
0.01478281211785076
1.14093926418379099
0.22435419838332649
1.18440731955805445
0.33840238754214125
1.26516177546480724
0.52801118872035502
1.31080550592100664
0.73957794451010095
1.29219156438998195
0.84475213855957443
1.27172794837188463
1.07678577951047427
1.21570354912348444
1.13994087996445526
1.09639467051416739
1.21251554046659260
1.12051263415030178
1.06547497712906214
1.09046097207324855
0.93769171546019270
1.10979741430118017
0.83560011531028189
1.05429580626240971
0.65939920334068736
1.06845026217029271
0.55083044355804922
1.08075894644677217
0.42236030741165081
1.14732246052414188
0.37466903703254939
-0.62249118087606903
1.20923120606598289
-0.60487089205622213
1.07175669668909945
-0.54944605410039837
1.00451572294004987
-0.46956841751907002
0.76261053720753069
-0.38568844638143268
0.63004831863215904
-0.25152721365142394
0.40418204402443553
-0.13303123799744487
0.26811997500837786
0.02072296770688175
0.06082545488100222
0.17118207297433655
-0.07154952734643255
0.36493766602127198
-0.23361957428234700
0.49227836267795844
-0.31412513598673830
0.67853648373347109
-0.38408488571380522
0.73171286685746717
-0.38256815047762505
0.87946273382428231
-0.26777146135994978
0.87545394500802987
-0.20338715815685268
0.92739153818759457
-0.04572290357416697
0.94100540294517843
0.05405228099531618
1.07738722517817376
0.28458806524250219
1.08368144948805400
0.43666703400933826
1.16121621959500199
0.62889071340182856
1.19841275375695600
0.83529540819211456
1.16242310454701192
0.92740021743589696
1.11734313346020020
1.11379699076916716
1.05300030494003272
1.12663895724327134
0.97077091089040501
1.02097211509659713
0.96738442319292561
0.90636698959124062
0.94230694630749423
0.74769224749163621
0.92696181200235195
0.61405098316075801
0.87600582641798519
0.42357740889553869
0.94494040446718963
0.33671591238088339
0.95661146475150804
0.27704383314684056
-0.56137974195850315
1.25537399551365425
-0.48494029916646314
1.24023560809015088
-0.46014362598696806
1.05369900194190436
-0.37869461089042583
0.89552648903372123
-0.29965135440965979
0.67232894155800771
-0.18879292234145972
0.54296344659831319
-0.04898850576722718
0.32908532711411509
0.04956761029868315
0.18600894800722068
0.20788060333293210
0.02382823975767066
0.33412789416547095
-0.08719186457404464
0.49152012997269323
-0.23297105883390079
0.57079404816029422
-0.30193401565216549
0.69143441892900637
-0.40684215281702635
0.69071712868441471
-0.39632224931075399
0.77770086376324610
-0.25577177291209435
0.72755245462383733
-0.15832639881135943
0.81183956174887095
0.00495230906150960
0.87223757281292547
0.18033561637596426
0.95512659379785858
0.39142191363025169
1.01709988529007989
0.59534532315439126
1.02637931613602196
0.75950070624833932
1.05670862805175236
0.95126789404588019
0.99678470062537472
1.03134333365857045
0.95925819830611481
1.10805475587082158
0.90286297728793374
1.03221900342316841
0.78843561166478837
0.82298703453884947
0.80222426730779550
0.70041717410492699
0.74491143100949231
0.54011114514953884
0.73576030978958795
0.39752435331829900
0.71191443736710136
0.28700736595718379
0.78216892201097721
0.21833291767163204
-0.36357940787317466
1.35374053597307809
-0.38426795504869915
1.28466665716591888
-0.33598193805893334
1.17917264764793961
-0.27963111704019805
1.00257428969378304
-0.18901246906318159
0.86484461457279693
-0.09411569679089669
0.71461255615453079
0.02000748147269504
0.63208551806710811
0.10635777823868321
0.30576173871484291
0.21314134218984127
0.21271564221916656
0.33341572880326603
0.04890248945799772
0.42091637156746814
-0.04610233925548109
0.51250340838298192
-0.22346372049345312
0.51865701146132437
-0.31942271859554416
0.62887665076799826
-0.41826862822268501
0.55712616428812045
-0.32918431286089039
0.54888260327863270
-0.19603920910900022
0.57826844472523742
-0.05336881338001849
0.71618196468758255
0.17255479558803952
0.74516067224062332
0.38366889756193434
0.79757743865860520
0.56877622526904814
0.88061729963991753
0.79339521882946296
0.88501026924215587
0.93912564338040194
0.93010792295949296
1.07379185453023385
0.89974561524638141
1.11330346561242011
0.74826476004299014
0.95502786228444247
0.68334762356554135
0.81485429915628971
0.59627917944291120
0.64498003299105056
0.57956453803125130
0.51281580074995670
0.50147491390713206
0.34216834977589711
0.53487223723122523
0.24091606077238564
0.51027139844783997
0.14310017642329320
-0.28707371988179586
1.34062171787179141
-0.19036928597887257
1.30719779679580528
-0.20892924830184964
1.22781372379994935
-0.10422489326711337
1.10199692875255351
-0.03496112786178535
0.96802571055014797
0.10496803299639132
0.86019583484462558
0.13430338792121327
0.65400279508910986
0.17794944132033141
0.49189278580507251
0.24125096164643023
0.32710898358844032
0.29905728536343695
0.24657328892406163
0.37785457031266378
0.03449812394412162
0.37981949486206479
-0.08534252508256214
0.43638689966295691
-0.30811101408167335
0.42046114763772180
-0.39207464811999893
0.40867346501813429
-0.34764411372710080
0.30224106063470912
-0.19829096531160942
0.37883602782649800
-0.02294711611459925
0.44643135049645510
0.17604417404747705
0.55474573026376772
0.37029822834037851
0.59672272301354690
0.59888067474674345
0.66023344616962931
0.79540510629289429
0.76118208112639629
0.98538105443115398
0.74369118596233830
1.08689620079629612
0.66625977529124092
1.03654285011341751
0.62599638198077401
0.97659498681212376
0.47805394264691309
0.79521047106687159
0.43817817828425715
0.66551978694122949
0.34412990141746935
0.48330257465227239
0.33331203979412438
0.34948618874597748
0.28025914399636009
0.22305920191705109
0.35670628065075155
0.13388521320338298
-0.12732876431458967
1.26210186196407803
-0.11057915389217765
1.27823499965764142
-0.00857384676605194
1.18927307673191618
0.03783771585092875
1.11879899292134266
0.19311727642946913
1.01433748659571088
0.25307158032385357
0.90315777288952448
0.33136326172857844
0.77754325734579743
0.25552315730014380
0.59891934297744664
0.25663902509861297
0.53327135351390409
0.28019191238250102
0.32141258110428905
0.27966812186646089
0.19773345802676556
0.29128557346696138
-0.04486160643427459
0.26425370402388182
-0.20148283716199944
0.31557652710641193
-0.38348099560655841
0.19622966438181499
-0.32657747820733285
0.13635383623467368
-0.19848227644645589
0.12688954302768624
0.01035758595567954
0.22776413435467202
0.19706851345958359
0.28819978192174289
0.40044860244970282
0.34537341822369327
0.59551151128555146
0.44816192451895676
0.81629096968403136
0.49445024483157618
0.97872381285689580
0.66391874504599213
1.12639388789877470
0.58146685998532965
1.12933006505003641
0.46656615669578727
1.03550347063729697
0.40010117995918776
0.91855994365033911
0.26493355039763022
0.72071258158492357
0.20827512616041627
0.57269830262182275
0.10796253740197138
0.39572568916813772
0.10571549788068654
0.26330894108974623
0.08230470896201922
0.15590304689323489
-0.05844893103829907
1.18638857954853827
0.03950505912242563
1.14234364932018351
0.11688508982718311
1.12581768138082783
0.26730253733162818
1.05804563232998361
0.25103248955548479
1.05317748800264233
0.46164081601088258
0.85193700545955298
0.41703355985983470
0.74031612539244296
0.37855115722370219
0.64697142759772397
0.26036087299671729
0.61521807756661873
0.26277209813195035
0.43152034561901043
0.27790733116145205
0.30946876471420465
0.17700265795445028
0.04102954512861873
0.20199496896331356
-0.15840315646385925
0.10381290351028244
-0.30078455736745480
0.05902900738867858
-0.29204890121633315
-0.05141366094680370
-0.11938237495995098
-0.05297897116461506
0.05597518976626063
-0.01239624379886278
0.24880190492052806
0.05302216688150914
0.43383593463024567
0.11267993719785291
0.64084171744538687
0.17131662196244635
0.81880366235821134
0.29116602983826784
1.01868847914460092
0.38772795507164959
1.13216366853972872
0.47738604991850220
1.13966476837172270
0.34216094811215236
1.11253515126305280
0.20271787895423715
0.96321746233676198
0.15072534487303851
0.83193414115259801
0.02672816089918714
0.63988427734529751
0.00475700462681594
0.51988024288880830
-0.10196130825805348
0.32272087963128732
-0.06922153502968743
0.20594254913207255
0.09106254243166956
1.06013456069101109
0.12069051969287610
1.05581272789910030
0.31050722681181231
0.99506409343246882
0.34231312137123060
1.00636197576633024
0.53648017066709353
0.87916644712256631
0.57486244707665812
0.79969123272836085
0.54576571134635377
0.68838944495565724
0.40222657386889193
0.64083737303381194
0.27156700315438709
0.56379807151178063
0.20559398878771457
0.46604615665215310
0.11465904979894612
0.22769410877377994
0.06460349150434802
0.05052016481803299
0.00026702091850371
-0.15378992877131883
0.03665229721403870
-0.28479186268520723
-0.13421882523559769
-0.23649027091450212
-0.13862831166303702
-0.14165520944447640
-0.24267322531431434
0.16348553628432766
-0.18924470854536415
0.31193237815169106
-0.15728813178730097
0.53260120049988136
-0.11374420443779451
0.64500873530607383
-0.02658201222401721
0.85171414565660075
0.07714842418556830
1.02747615735020115
0.23630686915816301
1.17054105965803146
0.19580162124516665
1.18728464526687350
0.06154637378427712
1.08287510699003509
0.01965116178872654
0.97296227659777024
-0.08511743782557010
0.81568991592103668
-0.12846983860866135
0.68253304676325932
-0.21835096956739003
0.49950049237337074
-0.25453423974610201
0.36241765680613691
-0.34848784669284988
0.22106798561201160
0.09855446086650960
1.01649600141624408
0.29748313550973809
0.93168448097820766
0.37954363566549665
0.92079518035685637
0.56645587738603076
0.84765207360602968
0.60631225360614605
0.84725407296548505
0.70899218515492723
0.70043051348420970
0.61370609790180231
0.61730526517080786
0.49013197978821488
0.53298817546586252
0.27735613261386610
0.55368965211320997
0.09641902524799588
0.32937401036643954
0.03849038321194882
0.25677172550736727
-0.05602889606337626
0.04183884616822822
-0.04945071605062064
-0.10708492037748743
-0.15691970121194754
-0.22214770679452950
-0.17970321465959710
-0.25882593404832910
-0.29944343536993928
-0.09032956805081711
-0.32293433756430184
0.03422385578687281
-0.33318085913558010
0.32992858863560193
-0.30073101450531986
0.50805342466236414
-0.25064656756783565
0.77053860122556372
-0.22297705792977154
0.85826710553348051
-0.03661228234934975
1.10437990639879891
-0.01627503136269230
1.19649994842383123
0.07386168617952828
1.19647317739618075
-0.06212738585539783
1.11860818088060499
-0.21150853628066840
0.94484483010917475
-0.24060676824552857
0.82699453918988552
-0.35552503858254220
0.63952231995730058
-0.35852942870985582
0.54641318912232806
-0.46941907699161478
0.34638068050930421
-0.45808960169228119
0.28439786036970821
0.30024788117496332
0.89870145804732748
0.31751621784677203
0.89219736549801687
0.50658799508754071
0.81821855999452542
0.65482584777669472
0.76194452903679788
0.81265690308349414
0.66766982532978381
0.80879851556141591
0.58266832047667239
0.71743771479700857
0.50282932249044054
0.52176412537287942
0.45960385036335105
0.34312675004563770
0.40975439182686130
0.09815115660691465
0.38777549649367532
-0.05262973967825080
0.22802982683654741
-0.11502341888924381
0.10096546913314491
-0.21002426020119117
-0.07150254751568552
-0.21794631456931396
-0.18840195716141531
-0.37644619985339201
-0.14726749980661463
-0.39722270412970823
-0.06775169487748961
-0.45503662315048987
0.14953746861709327
-0.44065615259271340
0.32768636750728458
-0.41800269090455727
0.63785574573578718
-0.36704573774112015
0.77875501622229115
-0.28279884474886724
1.02770773442054875
-0.23705242704148949
1.11813797020510197
-0.11323823009408203
1.23853582595020617
-0.14976702627087768
1.23722753103301453
-0.27046924616619400
1.10297976046711521
-0.31318265482192026
1.01517238170071300
-0.44378705184628126
0.80661853050358845
-0.46238071709732259
0.72473067325787888
-0.53590305850989794
0.52517500060265421
-0.56995855787381822
0.44969549953102522
-0.66729733706010141
0.29519083475562186
0.25549792779723524
0.90642045327265786
0.41436012933444322
0.81645792879138301
0.56860529228545076
0.75090385365005119
0.81933692594210206
0.63621631489239228
0.86435561908210401
0.62155765416057429
0.93734840328540103
0.42567473444298720
0.76624108931227852
0.42115127006007536
0.58844462921896457
0.36318132315936774
0.34978271892085733
0.28824445339900229
0.16847027537804948
0.23053998282685698
-0.07311809140599339
0.13907575241278486
-0.15001958458363440
0.06574264893850887
-0.29463204345960220
-0.05029305773217777
-0.41370347529182222
-0.09788384613578416
-0.43798976213411706
-0.13547930251582385
-0.54059558907743255
0.05070338820382528
-0.55741514682351134
0.20873888291916592
-0.54000140732205526
0.44734813487565495
-0.51227429553442405
0.63567644902061127
-0.45108770478910337
0.90007417555010516
-0.41477478272233731
0.99126575283866114
-0.30517683408631202
1.19613285358398813
-0.32428497347428936
1.26940319365470411
-0.22190787135190609
1.24774065754411145
-0.35772302040847720
1.24302400079983277
-0.43109045385393280
1.04380324996022034
-0.48443252442780488
0.97769707167994002
-0.56475161208535518
0.77002655191760594
-0.61481354441053149
0.67377545529479677
-0.67573787830511411
0.47263301854088596
-0.72002762477365068
0.44317170408643985
0.35406587165364495
0.82526937381017362
0.44545840808730136
0.78093292545382864
0.65285989140947609
0.68322142874388003
0.82049021138680511
0.60768991921279647
0.96331742132952958
0.44604144517538347
0.89107085278641351
0.43557191673368395
0.81483845451992776
0.34332823165633264
0.55880485925118606
0.26611569857328593
0.39685156807872313
0.22226291075046639
0.16683152582437882
0.15355726360425712
-0.00128854253441048
0.09434460153736404
-0.17472197592879468
0.02087572588630883
-0.27973661363195257
0.01160782124725228
-0.46191626968655453
-0.08343393125911001
-0.60045154786338328
-0.02295345687625067
-0.61994577262127215
0.05690866736891445
-0.63953049007357410
0.26813653219102079
-0.63208424409698194
0.41313284421901786
-0.56812048055631803
0.62938670620545056
-0.54065945543054650
0.92971899396218372
-0.48202126461584277
1.03664941051219395
-0.44330715003964472
1.24055243614680744
-0.36611048551049558
1.25233242076153783
-0.40920573691414885
1.34151501127062200
-0.44019584245527110
1.23231102661612524
-0.48645969828354241
1.20748827313355722
-0.54727119369864885
1.02308246340230635
-0.60374234170343655
0.96015541132033178
-0.67038797082911372
0.75006561683760631
-0.72592335076970005
0.68591244390916750
-0.77995003878187730
0.48693411622400684
