-0.80557612751920682
0.87614934218402574
-0.70520796933444363
0.85868973715898000
-0.56743981125713050
0.82887750357887391
-0.39868810572885816
0.79381034866482547
-0.20399654424277941
0.75880288568727194
0.00953026042188242
0.73041977046208229
0.23362456931475833
0.70736798143850577
0.46214547493155744
0.68886501542124856
0.68029066870321642
0.68077726059415089
0.87552246123794486
0.69002314909137497
1.04238917664095321
0.72372041810736432
1.18137460912068382
0.77885771673696835
1.29018773750168192
0.84179864819145367
1.34335026812614111
0.91273041960066270
1.27431699366437257
0.94443958735894518
1.15543603877882939
0.92840191517778670
1.01460590765761238
0.88360137360749602
0.86092518054334377
0.81645644789029148
0.70331544843872862
0.72422033380919182
0.55488994705740446
0.60425407559286670
0.40553547944111862
0.46686685777468850
0.25597547686606453
0.32159061085720797
0.10879294243955581
0.17533835641823048
-0.02835918634580081
0.03022606620892402
-0.15616432392251800
-0.11045437061128785
-0.26900450681681815
-0.24507685241127983
-0.36993551511377537
-0.36638246030286215
-0.47135245613652538
-0.45616033293844954
-0.57727860010354659
-0.49606913542780146
-0.67318091910270605
-0.46942007782231809
-0.73919903868840831
-0.38580132838161613
-0.78083707943152070
-0.26918426754676089
-0.80254767120325476
-0.13345663029312996
-0.80197627467188826
0.01252126008654972
-0.81435549930780204
0.17184946172472462
-0.83854936821531822
0.34007221432064111
-0.87352252756274262
0.51183768861609213
-0.90927111124759286
0.68116308700700146
-0.93906861226895511
0.84286816997174629
-0.95083765327979020
0.99106021919352938
-0.94805612995935740
1.12263566122248504
-0.93744438876331193
1.23541407954862148
-0.92435615574987040
1.32692347221403772
-0.91454496285824227
1.39258955451170041
-0.82686522369353899
0.80607863926715795
-0.72375561154828127
0.79035566112242894
-0.58399886002421908
0.76246417295887803
-0.41474829196349161
0.72861726053184916
-0.21963153936236998
0.69640761499150805
-0.00663165106960787
0.67031321253157983
0.21887895023747356
0.65178152077905582
0.44749435733834075
0.63857609786970371
0.66666611070932824
0.63481921880268477
0.86505331970753341
0.64711470016329098
1.03668011662618609
0.68232237825264319
1.17593106648240808
0.74383515742230000
1.27989061233652501
0.81784732745480981
1.32751708332119334
0.90252834265718174
1.27555943239888303
0.96549370690007885
1.16037929849834787
0.96863304522526184
1.02244028263073417
0.93305121488575737
0.87611334193575474
0.86684255139057842
0.72698037850365749
0.77599492050943730
0.57756000040821942
0.66026475203483481
0.42644650593924116
0.52632156708835021
0.27744795363419789
0.38219827903733261
0.13362836235730877
0.23296912248261545
-0.00166235803144360
0.08478613299057863
-0.12531784653699399
-0.06025208709310147
-0.23351296348805817
-0.19682879877727730
-0.33312786985717330
-0.31594625961518163
-0.43465602396320502
-0.40208340459896125
-0.53906880285353276
-0.43920132436408654
-0.63452560547093928
-0.41268587603133400
-0.69758322262336236
-0.32918486367466687
-0.73913050992196394
-0.21177490660998877
-0.75976034518758051
-0.07605604878698474
-0.76043567107267085
0.07072178602531060
-0.77005814160439467
0.22873796519552747
-0.78780229347331532
0.39410268489950151
-0.81460912879468905
0.56138468529832375
-0.84242254747009004
0.72515852886526388
-0.86634809703101434
0.87957365382617381
-0.87293337241920421
1.01939238679643740
-0.86264968373464657
1.14037424223210393
-0.84546342990545886
1.24148246021066910
-0.82681918992626702
1.32108245555947423
-0.81177543058109514
1.37606976679886706
-0.85939707110408325
0.70781449192950330
-0.75597014032685117
0.69424152404651218
-0.61499325889704359
0.66867082736241612
-0.44398733039048510
0.63879925710469920
-0.24983721562610492
0.61032291816900985
-0.03703684907825189
0.58991754029803756
0.18643186107751580
0.57545439090140693
0.41388229352751260
0.57023116496808623
0.63666950563182823
0.57527017923818402
0.83963326371091229
0.59329410352521839
1.01600774636701829
0.63351240457889890
1.15728589369719170
0.70193259974933109
1.25494254714134423
0.79450326307989827
1.29615090609284378
0.89913766750055812
1.25931384214030007
0.99090213585172360
1.15250113309301705
1.01538093109549088
1.01994187106418566
0.99525690365490338
0.87770921264713497
0.93814380095969385
0.73411197309348031
0.85145859315205641
0.58978247175914200
0.73936862248877355
0.44508997987231746
0.60605417112228654
0.30086241527589014
0.46195384731281092
0.16290808388327999
0.30967600361688574
0.03402143604964256
0.15739873320448353
-0.08415246630461043
0.01071668435529206
-0.19035675812098432
-0.12548613363341576
-0.29323858816891790
-0.24038626189456283
-0.39960558183869593
-0.31999029111486460
-0.50708757268595472
-0.35465694081885046
-0.60140757895085661
-0.32679841878962734
-0.65952668858597985
-0.24149646097982727
-0.69887135829933178
-0.12405419199730904
-0.72484721292217424
0.01387124247808449
-0.72988594032376120
0.16127534848720487
-0.73491752639699437
0.31741830843185648
-0.73840052499403186
0.47808749738274020
-0.75062352446236369
0.63807588032590223
-0.76416540327863469
0.79179212246934594
-0.77571250052240925
0.93492856766371424
-0.77074415884114311
1.06091278401281364
-0.74898671515969906
1.16579933938472236
-0.72179601917566694
1.24897285070136199
-0.69484273437020194
1.30978436214123217
-0.67243476930140289
1.34731612735184036
-0.88960795531011205
0.59033562109858739
-0.78798524202533549
0.57878504246878859
-0.64868489114090511
0.55681591760192417
-0.47819741265551086
0.52974414460281838
-0.28765949794688422
0.50701548480199965
-0.07937293318485197
0.49382614883889137
0.14188198032142738
0.48960319243090339
0.36886180528352469
0.49313908063687850
0.59085370468151777
0.50719522315225207
0.79632595869797052
0.53692513627751659
0.97284489950902753
0.59082869271822536
1.11350457062478281
0.67175508362365377
1.20806263605961584
0.77859116815116580
1.24635331055090393
0.89712521594707206
1.22403128176956733
1.00681329915518236
1.13590626721685695
1.06491538667079833
1.01184168578820244
1.06543532198012647
0.87503694044979374
1.02013859309152100
0.73476694932681996
0.94171226627484217
0.59521933405904048
0.83396319260681462
0.45705576881400367
0.70389252515998857
0.32339242383484562
0.55713314515873469
0.19523143733115866
0.40297956479536373
0.07248631204185711
0.24751912620286612
-0.04296041389551002
0.10011466056445206
-0.15377990444000658
-0.03244672988818344
-0.26483551955565560
-0.14108396247540508
-0.37763576292476903
-0.21617171685834555
-0.48734680175472234
-0.24926184525830938
-0.58088449050047930
-0.22109947839623015
-0.63142618418977559
-0.13592250710136322
-0.65925436630989798
-0.01951851705378115
-0.68005733762354736
0.11748230602052194
-0.68938830637791448
0.26577022543225887
-0.69579965760197771
0.42085549906507236
-0.68961900363401740
0.57667388928755514
-0.68206494224620540
0.72707032444628905
-0.67672875538111676
0.86846008615719095
-0.67014029241309003
0.99562936845731920
-0.64757299643265964
1.10308913916401119
-0.61080380049795602
1.18670303408818700
-0.57126070311682053
1.24656424174296809
-0.53594929839458616
1.28441811451688626
-0.50682738362376734
1.29980553476200411
-0.91266525020885603
0.45768957276677796
-0.81363674100372640
0.44824181421001152
-0.67711366145501095
0.42908493103072465
-0.50957105708387740
0.40700823394276636
-0.32425769627729284
0.39186383673631298
-0.12306588583423918
0.38725374484047775
0.09103378038008986
0.39379079623193508
0.31260946712518134
0.41115395223074186
0.52817607502743824
0.44069044457946760
0.72922630931263432
0.48783888278017440
0.90142113012235681
0.55742110787750454
1.03763120598567249
0.65344291860554427
1.13012205077676442
0.77361842915624113
1.17643985466084633
0.90231904801598639
1.16815349309051597
1.02583879864311323
1.10111047540679574
1.11287911454694588
0.98800808587664768
1.13755353373652635
0.85788616293819553
1.10847554650889935
0.72526389358565369
1.03846404681577265
0.59605880519911525
0.93539863343404628
0.47095795774608579
0.80727120038320932
0.34361766782042735
0.66259823002191154
0.22342328658596861
0.50735894990492625
0.10538128742209782
0.35125170020032126
-0.01451042816519953
0.20534819499075677
-0.13443546987187760
0.07772037035822531
-0.25613711154365237
-0.02468426092042596
-0.37415583888439780
-0.09726708982173757
-0.48655353665204459
-0.12995304682461878
-0.57640458099978042
-0.10377730406062620
-0.61711674138184724
-0.01924501688295262
-0.63415967182033683
0.09628554420536460
-0.64000240248323204
0.23207246708361695
-0.64196497910980543
0.37774423087384512
-0.64618188594805404
0.52917227790204513
-0.63076760030688306
0.67753924917421826
-0.60607654971517466
0.81686725188947040
-0.57890644526190271
0.94242326611131610
-0.54629406917512591
1.04903186228148226
-0.49935511642476460
1.13259616435401300
-0.44489462650398315
1.19063909487684816
-0.39367923164919610
1.22429613314840791
-0.35179437848935119
1.23727861521149496
-0.32430066868131618
1.23330526497525406
-0.92759781790368634
0.31199347051985044
-0.83006782975494064
0.30535160418616702
-0.69610714694930509
0.29036095973348131
-0.53428035664977269
0.27675733405994968
-0.35633843210519167
0.26859095018242907
-0.16238431105433423
0.27343847719477671
0.04444048187268310
0.29195033980730056
0.25540167607324227
0.32338335617609032
0.45731617846967149
0.37057046563962154
0.64531033016363304
0.43765074225047335
0.80985807313710012
0.52615948933634804
0.93972072137015605
0.63981867285640481
1.03276957263158153
0.77031640925991085
1.08284376141912331
0.90735155391638411
1.08642746075048335
1.04169350846646602
1.04064573696572493
1.15141710806227437
0.94772211219213021
1.20900850434819285
0.82653649500112825
1.19917549742924523
0.70281679037557510
1.13981633446651531
0.58462329479391895
1.04183615854423728
0.46934792180547225
0.91670953023896662
0.35297754696206762
0.77260428001700643
0.23820724354217923
0.62002102478225529
0.11935994628093480
0.46679511109934174
-0.00554074622342124
0.32429653080581633
-0.13568817828467208
0.19991451299188570
-0.26763353855542893
0.10134873759818092
-0.39086635589969104
0.02928987901022716
-0.50467816911199137
-0.00389407411364313
-0.58910742616778755
0.01824223246059004
-0.61996342848209141
0.10200795080862274
-0.62629344199935755
0.21600647172765786
-0.62378084235253106
0.34950902711849591
-0.61852648434829127
0.49102826621350737
-0.60328826915600309
0.63447635238582378
-0.56601477450570103
0.77196859062301293
-0.52018617185106109
0.89652634678637522
-0.46320311500398575
1.00090332268211002
-0.39728441786175084
1.08209128848703329
-0.32208700234070148
1.14080166258889482
-0.25143045562870897
1.17286846554438839
-0.19825953307427749
1.17925039423732292
-0.15710276849289048
1.16808289794991005
-0.13379150905734466
1.14625307833728951
-0.93296621705145466
0.15671667305776210
-0.83953343528816637
0.15264395254286173
-0.71018092723146964
0.14252748280243230
-0.55623254163096691
0.13724234699584023
-0.38845095634796895
0.13825325590880844
-0.20735584986421993
0.15336940040654121
-0.01369454862792320
0.18306154257934018
0.18552183666840147
0.23056921649628326
0.37333514493715830
0.29508370669605755
0.54802781616904139
0.38196586977183961
0.70232785047301161
0.49092105265388952
0.82439671508639045
0.61986628453511194
0.91492351489071044
0.76166090306216494
0.96677770616355008
0.91035596096857818
0.97794955860525035
1.05412145946120517
0.94758137979820611
1.17906291473967006
0.87721769116923676
1.26483956960099331
0.77184751606632562
1.28330456954235195
0.65766379986018297
1.24058713858851832
0.55226770822992943
1.14990422072987020
0.45074103606493787
1.02947839879167513
0.34606787159489077
0.88978063904062588
0.23534544491831247
0.73904825139047137
0.11384513458900410
0.58942549050010817
-0.01476382099428783
0.44923131461917326
-0.14982915473708758
0.32614859542016389
-0.28848922460755927
0.22909813746989632
-0.41579841771194148
0.15648091584033463
-0.53199193137432432
0.12155489973992538
-0.61583209480846934
0.13790421686133333
-0.63984979199583714
0.21893374446419323
-0.64055200963999748
0.33055115617112013
-0.62747426298964160
0.45917040821528826
-0.60622597358105224
0.59396260479949625
-0.56196984238181447
0.72607659615629450
-0.49224121228959145
0.84751423078168719
-0.41159336118700363
0.95099651031890142
-0.31836621999779857
1.03241000481361800
-0.22311052603820236
1.09175057721178081
-0.12377589186154983
1.12652642525011415
-0.04515240765222991
1.12918645021745756
0.00289738266517574
1.10731881713464841
0.03833940886044412
1.07318001425156551
0.05580727525776537
1.03928819982284626
-0.92534187292369174
-0.00433603612915969
-0.83754275610140072
-0.00683556792660030
-0.71621005094179502
-0.01170015443236687
-0.57290979301822675
-0.00991110759925017
-0.41609395849139280
0.00194451058196872
-0.24736332224098362
0.02853476740566743
-0.06859688820818978
0.07152057169312909
0.11457365634494653
0.13176904118916935
0.28874119563298628
0.21309252648518259
0.44706953817292472
0.31687542065179730
0.58629916272917260
0.44449441365290521
0.69997189611167310
0.58852820462789901
0.78219498373326601
0.74365102473409661
0.83165712151944393
0.90253170006410210
0.84567722071801721
1.05673576917937595
0.82703230997988209
1.19469986183112420
0.77340725477745875
1.30329982085374319
0.68713453295016957
1.35604490555262847
0.58601938493254646
1.33467375490325391
0.49262962142731642
1.25406483665842727
0.39948135728030620
1.14017835765471931
0.30041705056629986
1.00685100600850230
0.19231992476664100
0.86063220287719722
0.07422583745593833
0.71499593351183255
-0.05284058137224484
0.57674896255669661
-0.18537402911735951
0.45453607520683920
-0.31888559079343465
0.35443901149008511
-0.44572841084394371
0.28096743879158415
-0.56194825417831584
0.24242263589348240
-0.65088796312946540
0.25129207539736398
-0.66706268545837233
0.32699047307844559
-0.65740366142068996
0.43301238389477009
-0.62747397289710471
0.55221831436001134
-0.56990140984679849
0.67177679900554188
-0.48450708022003114
0.78404443585311201
-0.38184026293041862
0.88545374686016443
-0.26903460542825641
0.97183611351106147
-0.15382127563680989
1.03342326155922826
-0.04331108051732623
1.06716915938230894
0.05709419812242698
1.07165883233649128
0.13668333346180575
1.04763027895825833
0.18822338913071471
1.00444843575439835
0.22289237294513203
0.95391423019659827
0.23903920029890624
0.91073665750488308
-0.90390269424674141
-0.16947732904703350
-0.82244033364637803
-0.16995406789781498
-0.71076623914406711
-0.16924650121637017
-0.57949801784010269
-0.16077144953240394
-0.43460253875187582
-0.13943891013283446
-0.28112304127960519
-0.10217210516500960
-0.12012443900622614
-0.04709814872958969
0.04565160655629457
0.02827003458286792
0.20424334838687211
0.12531615095613866
0.34513205888565668
0.24659950113103896
0.46688490425715462
0.38946759918812640
0.56707813313185729
0.54685688982460345
0.64047026926953310
0.71575096917503178
0.68411646917771018
0.88601301941901289
0.69898627719612172
1.05035601081104102
0.68700790401408751
1.19994068306482715
0.64615380916519938
1.32510895468907597
0.57882284937866713
1.40877315732664399
0.49038178749773215
1.41747384283408540
0.40678021327211383
1.35129529156551653
0.32249810272819995
1.24556633530653693
0.22978362640094846
1.11841831472433051
0.12679513715326760
0.97797177296869453
0.01287305947262937
0.83620647203413911
-0.10750116434824487
0.70176137278765005
-0.23169628125797276
0.58095459430024554
-0.35555036000519080
0.47873906505594127
-0.47474003470711201
0.40060720955980650
-0.58552263019866135
0.35696310879224413
-0.67394724771033621
0.35265457146034768
-0.67821839805699125
0.41651705897001784
-0.63719264451726987
0.50686515614302086
-0.56244985691208615
0.60340706730482785
-0.47114142758904309
0.70328810971778422
-0.36276295171096956
0.80131102334644722
-0.24043663384292582
0.88811387398440200
-0.11108666103184220
0.95616463059199752
0.01321735807227184
0.99489223116181191
0.13037787152917321
1.00151799648457818
0.22994929231721747
0.97992441840121025
0.30764036572079939
0.93271657584751866
0.36014125424304189
0.87261308131195425
0.39569922785864547
0.81054431320613440
0.41090877961107491
0.75962372530669264
-0.87172948311826393
-0.33530482645027698
-0.79578234818168558
-0.33333263007188180
-0.69190140623452834
-0.32820544347928421
-0.57042615405301778
-0.31292796603125095
-0.43925477558084275
-0.28362780297179424
-0.30268439259825902
-0.23636464175557151
-0.15975623153074897
-0.16974203840864838
-0.01499249451789083
-0.07910336324004462
0.12186938302071236
0.03325940062003762
0.24426109037953708
0.16926485306243647
0.34894050224880568
0.32486248540364565
0.43297060197827431
0.49556976348102788
0.49534874642998711
0.67665987980421760
0.53371460181637387
0.85907203343614291
0.54869401013402108
1.03398414384544624
0.54150195512167554
1.19445756723132890
0.51137262133381300
1.33471655545906054
0.46063798059150218
1.44154991809400368
0.38606330950839474
1.48561596052874290
0.30711963954906213
1.43977647175370782
0.23154934471868424
1.34369416588692570
0.14686262499715594
1.22406009197160803
0.05321426635075774
1.09105159745886171
-0.05401590647950398
0.95280067439720262
-0.16412908570757737
0.82108389227158263
-0.27546825844231332
0.70151354008351985
-0.38447692975502218
0.59719568820446500
-0.48747752704090469
0.51370249137358004
-0.57955216158447642
0.45988010349853498
-0.64021345777985617
0.43296923251967429
-0.61052034018131718
0.46548947380241162
-0.54220288119101900
0.52695917512044110
-0.44753595034374249
0.60457715672341295
-0.34008393437398649
0.69317146152899389
-0.22060684572371003
0.77793895716847594
-0.09022122062577009
0.84917526004927502
0.04469203136901113
0.89783694197156050
0.17180654097282122
0.91069453854525662
0.28906605559137238
0.89412953226087377
0.38743106635594110
0.85181529164882508
0.46258390597607879
0.78730473221933805
0.51418385368714015
0.71477273854033019
0.54599233067508091
0.64251759179385526
0.55999751427348876
0.58578394997071537
-0.83101852622337802
-0.49860286746507793
-0.75936429882205447
-0.49410262308182457
-0.66132095541165759
-0.48546655909663039
-0.54879463600367351
-0.46459177069992719
-0.42899257091090764
-0.42824019856144757
-0.30774229707417117
-0.37231873731887033
-0.18608306967088170
-0.29246026298216093
-0.06397834996436956
-0.18747782865094545
0.05046866146459021
-0.06216089842782251
0.14847413312068361
0.08582776397135226
0.23192414197449207
0.25427533415757886
0.30001289338166409
0.43734134427472537
0.35174452299648334
0.62856169728390177
0.38586858677566860
0.82127715580176253
0.40224039929477373
1.00591734579459824
0.39956481642357994
1.17795782443803065
0.37763189313319512
1.33054645747735156
0.33873159627167393
1.45543575874590969
0.28051377485443157
1.53211179796350505
0.20468797682760648
1.51768397731907623
0.13572325432955257
1.43318797653058883
0.06111204470813128
1.32139669585394781
-0.02222406388447681
1.19404399570061348
-0.11738278741789647
1.06151834827673985
-0.21340647954508768
0.93293247630473675
-0.30618807231166367
0.81243446945261566
-0.39296968729095971
0.70447557392768823
-0.47038273131563124
0.61271552393374995
-0.52641531372533656
0.53918700130933639
-0.55113399617017444
0.47649662309886348
-0.50312527264088414
0.46345282910750302
-0.42215177254640035
0.50014934184736315
-0.31881454059870623
0.56220827394257178
-0.20329571181481559
0.63777914446250028
-0.07857061454949947
0.70938246523885229
0.05393956809533158
0.76509092813474988
0.18798312870158607
0.79519807515945407
0.31254413018981253
0.78707283007950024
0.42677886879053267
0.75055060052290501
0.52165348552099966
0.69130936255616737
0.59172990942876846
0.61374759537153156
0.63857869086379837
0.52992596230083766
0.66702313622584897
0.45277855830303992
0.67876987840888892
0.39204933190932045
-0.78639411572304863
-0.65493682802050401
-0.71714420303261872
-0.64809564932008368
-0.62375961473209096
-0.63623156705417760
-0.51801365185409343
-0.61018479116911850
-0.40791835697593964
-0.56769429080448464
-0.30021894966049634
-0.50372717790671762
-0.19857209839801931
-0.41362440996812083
-0.10300562657352998
-0.29797629614008248
-0.01483421345845854
-0.16002019218367067
0.06205155247534504
-0.00112693754791766
0.12413761298190495
0.17792845703657925
0.17509308253776268
0.37128854709738357
0.21772936081453909
0.56979179596827201
0.24743412861153827
0.77064340822614019
0.26411336218474568
0.96573290887431851
0.26518427883222012
1.14925268916455359
0.24992434877747194
1.31449148894426138
0.22002711976557540
1.45504495437950765
0.17530939746795116
1.55858769595158808
0.10857465978391637
1.58518838764893899
0.04405653279387718
1.51636734095664183
-0.01960345466885217
1.41147164287348814
-0.09010923846515954
1.29094767964799462
-0.16499167738042250
1.16150572997704016
-0.23778759854602446
1.03260937520428908
-0.30259673377138652
0.90821363513263120
-0.35511384366034504
0.78884755622301839
-0.39527276080917040
0.67439668201270619
-0.42184681576085864
0.57296036856025179
-0.42494149007284465
0.48545416997783847
-0.37681680256891126
0.43639263015674606
-0.29209532166957120
0.44193087218212040
-0.18548614009495257
0.48545435469787312
-0.06645069547442994
0.54798668445391785
0.05942873473141718
0.60632892043608921
0.18833296903487146
0.64760295801696299
0.31664532397433304
0.65827408914575447
0.43250383967511707
0.63082285163591090
0.53772491927104338
0.57776205634524358
0.62368214315727399
0.50358838307984133
0.68501835202496275
0.41682726445395507
0.72508716774245419
0.32764022862036951
0.74894369635097779
0.24730945438643534
0.75934894247749019
0.18481256517541911
-0.74024935639313316
-0.80140182078817557
-0.67157212852334824
-0.79086353573578694
-0.58183344841817697
-0.77541790827259438
-0.48143486738177665
-0.74719825102770587
-0.37820405868075474
-0.70019632853392366
-0.28147016341293385
-0.62998276171334899
-0.19811398725293769
-0.53247259393433111
-0.12829413449011645
-0.40802666258138137
-0.06709429189923211
-0.26036373482398856
-0.01228971262968950
-0.09300060353133059
0.03172287357198771
0.09480041717548134
0.06751183283766672
0.29568134982120559
0.09825071607163420
0.50326452501511576
0.12311553080974459
0.71072996314889547
0.13844138514708718
0.91390131956835052
0.14340926319595432
1.10792005778356195
0.13403270269875558
1.28512026141571534
0.11073994142096323
1.44004390961138662
0.07926066202347541
1.56172626343548715
0.03040735756128310
1.63260758622854651
-0.03040303211734905
1.59305981810793451
-0.07636382091435627
1.49789271357245668
-0.12304082192918850
1.38284365959643818
-0.16581786221995842
1.25295427383432378
-0.20391152208250654
1.11275584133848282
-0.23434942098035716
0.96758228737860552
-0.25832544381262440
0.82488518419704848
-0.27797880482971432
0.69226482651088872
-0.28669896782900733
0.57428035946827227
-0.27781807028941868
0.47133267708732079
-0.23321612841478689
0.39579237925172439
-0.15290479832261930
0.36807147548636177
-0.04878923796188697
0.38537332913093358
0.06998691087442249
0.43237031961527417
0.19241374677035800
0.47810842581781843
0.31389279082629967
0.50391562532866774
0.43177351577012818
0.49828661273428049
0.53505504593176778
0.45465247383366586
0.62361651824643594
0.38608479828543668
0.69229810111793610
0.30067290306828648
0.74104805621478520
0.20727968269080094
0.77275133384762740
0.11415062998127670
0.79239475361455380
0.03185624836374171
0.80021906265518283
-0.03177971609008597
-0.69899037653300533
-0.93252265750465890
-0.62857751150749686
-0.91961693686006429
-0.53865196229615186
-0.90162530159737420
-0.44045771073936096
-0.87126193453068501
-0.34280629867620049
-0.82270957863643346
-0.25471588881225632
-0.74859528961352451
-0.18452638477162234
-0.64562872283600636
-0.13562084211604192
-0.51542373302791222
-0.09855883073453807
-0.36121960157180127
-0.06506661093185265
-0.18711989657340647
-0.03686778304792625
0.00569295186699569
-0.01541390559571682
0.21276825309003394
0.00562196123935616
0.42517271785815819
0.02327954819182100
0.63947392702007311
0.03508413375587367
0.85128394259047901
0.04005808469185757
1.05425768039837053
0.03768077578300174
1.24251805473104304
0.02402409294360590
1.40963879830597749
0.00244247874711149
1.54926292465406901
-0.02267166214793817
1.64843567393920631
-0.05373659028132154
1.65746465876181515
-0.06601369362772448
1.56966388603332785
-0.07846686641015005
1.44911513555915761
-0.09078050578984129
1.30581758987282481
-0.10423245592394011
1.14640131499074638
-0.11898886115779186
0.98559917581962520
-0.12803312874316605
0.82945435052453009
-0.13335602771012139
0.68419592956871123
-0.13151277581444248
0.55429382808347116
-0.11498209031347176
0.43933543445216555
-0.07373879141979986
0.34484173449761185
-0.00209261221075321
0.28670178394772028
0.09397088195646842
0.27251967883662220
0.20549403643803993
0.29975687141418506
0.31850528346290313
0.33036424167925371
0.42823143546552028
0.34415332446285507
0.53189625998679324
0.32509683754562618
0.61751629456767543
0.26791994737569347
0.68453628361222463
0.18672682825653891
0.73564171747192830
0.09277233154193587
0.76909132354009713
-0.00685045748679122
0.79098948576835293
-0.10349902106114779
0.80534892192294194
-0.18664781921019091
0.80784133135236535
-0.25282445143523624
-0.66406663024763246
-1.04242227114902963
-0.59355313079825867
-1.02833340757508163
-0.50428544333924941
-1.01049804299387880
-0.40460585389170428
-0.98131141056364402
-0.30712812523178712
-0.93249620937232736
-0.22444204975336521
-0.85645311828109305
-0.16112701607627011
-0.75039908225979512
-0.12376524509525451
-0.61713988850712120
-0.10339452278171896
-0.45971241189168865
-0.08656182577530244
-0.28136347879248458
-0.07293483405067096
-0.08577870900475357
-0.06155016988668065
0.12295010207880130
-0.04740405872810323
0.33834476907252015
-0.03325410732147448
0.55731605236401793
-0.02365577034695172
0.77447817132350194
-0.01641671363808760
0.98215808611859068
-0.01030103935211546
1.17688142775589277
-0.01101656851703915
1.35076040042485479
-0.01011138958286404
1.49808829531983645
-0.00167398276088873
1.61170322884491335
0.01463260477994143
1.66518880184877793
0.02308948975105291
1.58255688104466197
0.02629341934487472
1.46068160844216588
0.02762361584340487
1.31364225754189179
0.02749585250344743
1.14926115048221300
0.02461246129506546
0.98142127820556202
0.02540039785291819
0.81681881064903317
0.02980399219260300
0.66058903525003598
0.04021433097590971
0.52221383662202148
0.06041233864016556
0.39550402047420824
0.10052864275325998
0.28773626619683762
0.15973127442288187
0.20433444709865034
0.23831534550892416
0.15732231222956966
0.33384409357647077
0.15584480490160638
0.43321196435759624
0.17269340069851224
0.52851015213848995
0.17366684520164608
0.61332690441930549
0.14374794871143259
0.67895610946672424
0.07619515650194393
0.72380174540882514
-0.01465335437693937
0.75553308385738227
-0.11647493031958613
0.77235884460807380
-0.22076431419519568
0.78379439921314398
-0.31928518610333873
0.78923786478103286
-0.40195856167378419
0.78801760486395001
-0.46605700763812941
-0.59545356718345221
-1.09303401981111925
-0.52328980709744022
-1.07731083297835428
-0.44311532577146207
-1.06906666328281252
-0.36427864511632252
-1.05986506699121685
-0.28091724243150484
-1.02361966996260967
-0.19862591550340788
-0.95016517886810414
-0.13600268641017274
-0.84364892790207213
-0.09987318383772370
-0.70959276843440822
-0.08308627488435580
-0.55071353913838017
-0.07212497258196056
-0.37076988375542086
-0.06032302646348139
-0.17383987117031155
-0.04877919390397203
0.03362968544021375
-0.03416009636710763
0.25039943769623579
-0.01764088416751204
0.47204396238677260
-0.00261607641818158
0.69185181338529456
0.01021709878318046
0.90409367100784366
0.01973498486307178
1.10372055617771614
0.02956144518841618
1.28558349310709219
0.04657413007149878
1.44315091121932415
0.07248439204035220
1.57047432977829704
0.11009941454492402
1.63954110293445532
0.13894467573432459
1.56912643662531104
0.15571270114457716
1.45059426045780593
0.16868953283363439
1.30263857330028743
0.17814901336321587
1.13624953979562671
0.18586883947778673
0.96511051551566551
0.19535469081669554
0.79477556552913409
0.20605278495847221
0.63021107864694725
0.22249723534736390
0.48158607065844206
0.24540501044242408
0.34722531019058517
0.28037597413944054
0.22631764007449692
0.32672191311834864
0.12364897747808827
0.38546309106308974
0.05044269180275498
0.45707563097607051
0.01431107419009076
0.53763340188969366
0.00817454827994630
0.61497095924750711
-0.00336577642273986
0.67924970130920226
-0.04189313233487316
0.72045952327271057
-0.11733022600578814
0.74262144392576745
-0.21432085011612639
0.75580541781000254
-0.31996645823041386
0.75315907460716736
-0.42425658689981394
0.75367716727132339
-0.51997818328584999
0.75068046746728256
-0.60048210237753930
0.74435208444055645
-0.66249571523192041
-0.55796908449806348
-1.06309032626869326
-0.48376363971211955
-1.04662519603219217
-0.39669826356150611
-1.04621610333061765
-0.31180880569494746
-1.05983038033469712
-0.24128192351447056
-1.07042378265460458
-0.17784647715472207
-1.01995420007550730
-0.11292782665936393
-0.91946048030331651
-0.06898530916641120
-0.78539932165034398
-0.04198861745258886
-0.62565418360025538
-0.02346170115243157
-0.44439204534672749
-0.00310432333532527
-0.24698147342835486
0.01879707415219917
-0.03725502732358960
0.04112096834647511
0.18214341553041066
0.06266465311361478
0.40779576956901559
0.08337357761620987
0.63189162355742656
0.09984580684434130
0.84951022475158777
0.10806263882694431
1.05333721893280163
0.12250811564145050
1.24218026197640552
0.14706883006967772
1.40726894616765574
0.18231085390347579
1.54076671468628912
0.23231563945803080
1.61963549940756546
0.27503521640003664
1.55876769409911997
0.30252615417561035
1.44276361402274822
0.32472177444534600
1.29515254649353095
0.34314449623074617
1.12909868389442325
0.35889692230783238
0.95148803507778934
0.37467479921563485
0.77383922783743653
0.39021917045428628
0.60204858543151907
0.41054211336146601
0.44385271197033965
0.43402173819839773
0.29861278483577225
0.46267899850088995
0.16663506888180121
0.49659932361322306
0.04976583999684279
0.53696053708187830
-0.04646893002366242
0.58373833338983216
-0.11460872716318195
0.63563926387162106
-0.15606734201482589
0.69076219554237195
-0.18541342851411718
0.72972623252316482
-0.23050807498797762
0.74467813335518274
-0.30910942854197143
0.74008233214370434
-0.40660879837042846
0.73109267580749748
-0.50836874650135788
0.71612224768653787
-0.60623030877087558
0.70381577036807008
-0.69651274138857400
0.69131336531757070
-0.77407835843659023
0.67853325320977020
-0.83355459131757170
-0.57137520314215684
-0.98892092778469887
-0.49356007150751308
-0.97253488831737367
-0.39923494412201183
-0.97695138442697071
-0.30366620780355857
-1.00041051537188097
-0.21760794005146478
-1.03203505124378569
-0.14536880793079807
-1.04074248664609703
-0.07987608830394197
-0.96010099258291726
-0.02180835672364731
-0.83122719906453080
0.02047828408836759
-0.67272597346090501
0.05141953426756789
-0.49169189601339192
0.08105526117334587
-0.29399055142532077
0.11416857426713566
-0.08419294882997953
0.14686162732800018
0.13614134785830131
0.17674061508462935
0.36451211311664133
0.20335129718097203
0.59411652438123774
0.22502899193828743
0.81831274313671132
0.23839236644051770
1.03040498918675216
0.25156521721368458
1.22287250055338448
0.27663248696227211
1.39167161577657184
0.31682680426665455
1.52718856134567127
0.37570413168005384
1.60749605360015146
0.42786388277112991
1.55262846888621953
0.46314297411804689
1.43670660178074194
0.49124417855655733
1.28974212925819565
0.51652277429042770
1.12256822460924299
0.53810768559291067
0.94224939848022760
0.55857320501785945
0.75802817017245849
0.57885737448351959
0.57865508140942035
0.59934162505330646
0.41013579529012806
0.62146678225859242
0.25541084966075345
0.64304208440958410
0.11232395132033070
0.66684598147435437
-0.01840592676121108
0.69128728359457781
-0.13514693504700317
0.71402919108113216
-0.23094668358873816
0.73637545163924700
-0.30321043330579844
0.76003587025602981
-0.36081252246409040
0.76717774907055170
-0.41759455970555670
0.75223189933070145
-0.49324364230660295
0.72526502582686547
-0.58069343696754383
0.69401414769912817
-0.66996223302460134
0.66105516014808807
-0.75692317904163053
0.63133023938862143
-0.84039271644879943
0.60415512295766571
-0.91135275247242453
0.58302752097502664
-0.96591938718105053
-0.60698556312106355
-0.90480853067052425
-0.52582543228446843
-0.89010825493503765
-0.42478120626947929
-0.89884793742351388
-0.32040137170879823
-0.92731018945731303
-0.21975685237812384
-0.96589463531420316
-0.12808899192142625
-0.99268382536705091
-0.04199792589191428
-0.94811872275622333
0.03368747334171807
-0.83603020552408835
0.09298687851031727
-0.68562536675349650
0.13940636253365010
-0.51043391109745329
0.18042111891126286
-0.31668371514652788
0.22520337206324453
-0.10785207532955010
0.26934396493395318
0.11156855042835070
0.30922903751886077
0.34087530662539595
0.34220838161677958
0.57217460875141146
0.36785622213802521
0.79943723482800089
0.38491474634891187
1.01527352493306511
0.39970528593811516
1.21244153420513179
0.42379868852611069
1.38398848338624769
0.46630864866736155
1.52060573086277584
0.53224982483133731
1.60021049010368199
0.59235230378769776
1.55036847507239761
0.63270754296016007
1.43539020774290171
0.66573394351187476
1.28677139814609376
0.69515790207545025
1.11749410644581482
0.71971591060633944
0.93447673588168578
0.74371888632035110
0.74628943446381113
0.76494196533085734
0.56075265129161322
0.78525479147471944
0.38326078972225880
0.80330033999718020
0.21736070076095798
0.81963017727595366
0.06310809054352409
0.83442686488381868
-0.08217516843046940
0.84585406117032591
-0.21551156192742724
0.84594818455819665
-0.33204410728586514
0.83958840476476937
-0.42933915251001781
0.82636266814144621
-0.50874565906166525
0.79682345807528687
-0.57851798676538546
0.75132818479967034
-0.64685863781780950
0.69636202016256588
-0.71948613796261152
0.63815543528068142
-0.79331691692180883
0.58317440099510109
-0.86584433569680208
0.53054526021082749
-0.93313159751133490
0.48718395062660597
-0.99451306513017901
0.45850594426775393
-1.04528114922840021
-0.65619132309080552
-0.81916044978526259
-0.57213517435647687
-0.80820483853417391
-0.46460643624925291
-0.81947020650281899
-0.35028119480640713
-0.85256667678926623
-0.23657987613684714
-0.89430312748608676
-0.12726535530274638
-0.92572910739420278
-0.01916968037346346
-0.90234313596816063
0.08187942713515280
-0.81036474132972425
0.16529302090421802
-0.67255700895250192
0.23090881763387994
-0.50429369478065544
0.28698590939806651
-0.31689038103455075
0.34419667033993612
-0.11313445658476931
0.40091603203138071
0.10256015375783437
0.45216626185115288
0.32797609167989500
0.49219796208736527
0.55771883922381205
0.52197596647932687
0.78635792500724822
0.54012655163613010
1.00487829278973861
0.55740072182066491
1.20503405195119861
0.58202330583371853
1.37847650025690238
0.62548291858399185
1.51520915665889122
0.69689825867437483
1.59271883862803110
0.76281171786894730
1.54830919383166110
0.80849447969555699
1.43529922955006817
0.84487535090401067
1.28605927064143555
0.87641009774420664
1.11424907624421610
0.90240699358253229
0.92789917463585114
0.92577144616888729
0.73618461197703999
0.94525618807750111
0.54557470057015378
0.96247601529147186
0.36268453033230502
0.97539885805643889
0.18769952394895367
0.98476167034189377
0.02131649283527266
0.98944994320996360
-0.13836184212394906
0.98443656856302508
-0.28510391573086807
0.96390616645409322
-0.41632434255982453
0.93010300833229842
-0.53050334115130371
0.88150767923370443
-0.62584553199096593
0.81697291007137063
-0.70107956662284265
0.73572881729464523
-0.75793649318183198
0.64814526092465718
-0.81242318875121555
0.56284213209653566
-0.86948125680354182
0.48454585090960312
-0.92489957802140577
0.41464000926846822
-0.97953958210309144
0.35790107248185671
-1.03141132418707704
0.32142714064800348
-1.07668955007432343
-0.71491113023885067
-0.73744822719882575
-0.62708728843630612
-0.72995014203208908
-0.51436707882481980
-0.74694180369244212
-0.39164680338059271
-0.78384152594632228
-0.26649045884681150
-0.82854544610993575
-0.13712020894455151
-0.85856286406965499
-0.00322937756726458
-0.84239692808393185
0.12152080335541247
-0.76728578676803383
0.23010181563388124
-0.64351811030735984
0.31967940697047220
-0.48491542208557636
0.39600795732666261
-0.30407307966463798
0.46683793050435407
-0.10720637862663859
0.53664119065915272
0.10269841561559613
0.59868202006494631
0.32262835208638024
0.64820185665599805
0.54938733278207497
0.68143034938070612
0.77637974610077620
0.70328027551518513
0.99529414409662176
0.72387658833299751
1.19664242791103992
0.74969597952047562
1.37276631162696461
0.79313247842655343
1.50981928360388729
0.86769478151731205
1.58599925920920848
0.93915296257569780
1.54721164706883352
0.98805042786904940
1.43500532627752708
1.02407490796466982
1.28660142502615016
1.05601625525078724
1.11453760269832047
1.08144906800452656
0.92695535369193449
1.10232501841641839
0.73280626570057072
1.11735589949863279
0.53838737248289603
1.12841158841854194
0.34973524216296614
1.13597729737306197
0.16806394931311067
1.13730911326764761
-0.00673737680034640
1.13123762346627443
-0.17507427124048841
1.11050691118048261
-0.33178354619791711
1.06921502763981136
-0.47447829003302722
1.00615910427257971
-0.59943971689784681
0.92186661861099728
-0.70254233909357489
0.81819306306182538
-0.77424814922577623
0.70054883265896084
-0.81374575761602874
0.58580246818987525
-0.84937938499542065
0.47983044262377766
-0.89110168588180971
0.38355376000152580
-0.93367994564059065
0.29863525066887503
-0.97635129508462126
0.22993405944494261
-1.01928940781889787
0.18643078087432269
-1.06080046691209140
-0.78038488935792349
-0.66772213474009234
-0.68971317046672009
-0.66648745351241534
-0.57287790964860086
-0.69126284917413416
-0.43944482326792378
-0.72646490526917695
-0.29579945409402775
-0.76128945351565513
-0.14626128634334290
-0.78464193488507983
0.00556523175140770
-0.77649544715547258
0.15427756792143482
-0.71426845292885865
0.28717920084697818
-0.60498403651141319
0.40292549817312273
-0.45678082801028852
0.50162621830496201
-0.28507656942331933
0.58965866534530076
-0.09467720452677958
0.67283278851149131
0.10710677039747851
0.74608592273599383
0.32002240358397843
0.80365255196502994
0.54104949847045702
0.84455771507111554
0.76342609363267666
0.87371884385085596
0.98079147520072218
0.90026742158099438
1.18381704648111596
0.92782719454280960
1.36125856955176383
0.97090708933991854
1.50032547136498784
1.04326906426750377
1.58081414785370566
1.11505956809087392
1.54943998608765132
1.16288112471602600
1.43857826378377252
1.19963138547145576
1.29144012407578024
1.23037033747332702
1.12111331131498049
1.25281542566339454
0.93395015374106138
1.26967618988396302
0.73920699255988198
1.27805271614149074
0.54363774740305060
1.28219543613150866
0.35095336470110511
1.28229483785471032
0.16441295084895252
1.27560841837450889
-0.01466506747063789
1.26040036156454205
-0.18586506589786114
1.22545757882810946
-0.34547422201941885
1.16425441238325633
-0.48816631408340638
1.07410019247049560
-0.60561365149411550
0.95280148259739839
-0.68788198757661145
0.80842632408587134
-0.73647923347143585
0.66681945811226540
-0.77554995725231179
0.53364281044524020
-0.81186792641445582
0.41034818191766720
-0.84741087573340901
0.29784187740696189
-0.88283085717808407
0.19912250409909724
-0.92042858890234092
0.11988283033628819
-0.96170563777418749
0.07029024462307118
-1.00426517005753357
-0.84513041248239895
-0.60813263635389592
-0.75112552326346982
-0.60969401905877818
-0.62490585313688485
-0.62962976701192641
-0.47781719141229950
-0.65928308490032872
-0.31942616282253294
-0.69067418216456922
-0.15304608024344421
-0.71035820516691728
0.01737265079574683
-0.70424968252809761
0.18341473068801623
-0.65641174691056192
0.33822694520838870
-0.56410938778845221
0.47834266520071050
-0.42912680139266635
0.60039785503864662
-0.26563954639699222
0.70776145689697167
-0.08346688501115472
0.80473248070147962
0.10967246007719782
0.88737240219902780
0.31383087926006670
0.95520708548388977
0.52730243232827678
1.00678723712090079
0.74492065394894236
1.04773333714100736
0.95964177716514942
1.08105467685622414
1.16171983289664982
1.11094696515213931
1.33910465256712152
1.15265399557697501
1.48220029527842900
1.21745147852175273
1.57027299449275426
1.28692794709341296
1.55218378783369304
1.33023196226233997
1.44477629894229542
1.36514432070170333
1.29999281442172743
1.39346510163479143
1.13423966836451795
1.41368401974262081
0.95136582204541664
1.42410209082887529
0.75925782076917636
1.42553064131563856
0.56365610621721174
1.42034729505593149
0.37083190144656569
1.41190264426206458
0.18421375528625125
1.39751755871999217
0.00572887233986807
1.37216349815923877
-0.16316153708851386
1.32234444891040104
-0.31738013647920982
1.23768696979810588
-0.44722447859966680
1.11513979244884531
-0.54397918254803579
0.96095559200859626
-0.60435393016531258
0.80216807315409999
-0.64386286783806468
0.64899267046841747
-0.68102095928786244
0.50351213530650274
-0.71556072146912153
0.36704604524511075
-0.75040728754375885
0.24187191215875065
-0.78682865458567386
0.13090673348543366
-0.82480404997990064
0.04083652396660416
-0.86651826870155246
-0.01709258965770575
-0.90946733262385049
-0.89717713815841027
-0.53872982912407907
-0.79957723191169072
-0.54218227077748216
-0.66645330452603668
-0.56207137313744426
-0.51057514108779400
-0.59106428038169279
-0.34029368818046335
-0.62065229946699807
-0.16069075569575367
-0.64156123373931573
0.02434775922147438
-0.64011960591855255
0.20687341820389621
-0.60553986891726408
0.38208962413130365
-0.52823363992256100
0.54373658267430225
-0.40579617313222904
0.69040856626249181
-0.25224899931585237
0.81654724034106929
-0.07917778818830368
0.92547102402062842
0.10488996756714221
1.01936270814427199
0.30069938849731959
1.09914693885981229
0.50655273185056060
1.16535438243612099
0.71757604563079469
1.21785560575031648
0.92762343091656663
1.25997926100876856
1.12731571003918907
1.29313978922196560
1.30588127660604547
1.33179052350649063
1.45458926240342779
1.38547827824598202
1.55189268829841831
1.44915365949275277
1.55321683819013923
1.48538069843282328
1.45477508189898264
1.51719815203452324
1.31546078610185169
1.54016542811444723
1.15493277702962405
1.55569281061111653
0.97789996316118943
1.56050727291777780
0.79094898174460992
1.55329176569168714
0.59980818877669284
1.53705341637784842
0.41043538803416874
1.51653330081819249
0.22815123774536669
1.49327057784068384
0.05318517675230548
1.45881758936359929
-0.10932346212439693
1.39461703909849022
-0.25445921774754410
1.29159029437203365
-0.37133714684198221
1.15409285542540796
-0.45402881980614379
0.99121570003150739
-0.50311538539788270
0.81924538641124245
-0.53156509646303418
0.65425998981807432
-0.56347924820303696
0.49876866645267670
-0.59622068436866449
0.35316013356972131
-0.63181546764445407
0.21820458608252905
-0.66893068227381824
0.09701595792047389
-0.70688671559255090
-0.00190742148035437
-0.74767564747790582
-0.06674901403291293
-0.79095771353049205
-0.93494811154223678
-0.45851201266912839
-0.83625711034583750
-0.46650415993544470
-0.70016682468618519
-0.49140358239206555
-0.53835938880430800
-0.52394549941420798
-0.36056293820525614
-0.55667423910062319
-0.17169869382025302
-0.58048130009505983
0.02464708060490573
-0.58574090567643333
0.22166969881614038
-0.56199915075256901
0.41360235269243234
-0.49915241268920513
0.59632840708346224
-0.39161379143113761
0.76465092238846100
-0.25008499844660736
0.90769946112680466
-0.08618033656743185
1.03037893724069041
0.09165802818565649
1.13741734759776136
0.28098371585224624
1.23045134384732791
0.47979004428207339
1.31119951195890461
0.68444735244179666
1.37720389713735480
0.88863122216464863
1.42800324850899130
1.08420378933407502
1.46582160522106486
1.26275143172802373
1.49970667200441299
1.41556292345794477
1.54095966815660179
1.52329290983144872
1.59599841394546904
1.55094347534315857
1.62395403267495086
1.46347937821011964
1.64856541558453307
1.33395263514471352
1.66465094934616564
1.18062778452523776
1.67338732243128141
1.01278314572066019
1.66860834568580341
0.83541885858371234
1.64988184183211861
0.65312860880523471
1.61727096919533841
0.47215913951809280
1.58067454457668188
0.29880475301433723
1.54734484256876148
0.13210141240619866
1.51255188311178301
-0.02517469463237668
1.44843453370936981
-0.16518535379437355
1.34361423081486531
-0.27597422542631794
1.20283707994757938
-0.35094093884856492
1.03738790722525143
-0.39128713324432018
0.86206721716253043
-0.41315849210420813
0.68929915426169241
-0.44105726132835127
0.52617435226764975
-0.47303643832205755
0.37250674397961914
-0.50834606806871840
0.22976209735816960
-0.54522318565968220
0.10083666998717718
-0.58193907994921035
-0.00611914372774324
-0.62126979189934461
-0.07647533662879892
-0.66379886086595197
-0.95555635666748329
-0.36721509085743353
-0.85691010106217125
-0.38128003978032921
-0.72113126157267415
-0.41381394865870386
-0.56017722569590500
-0.45420241526022592
-0.37924118560777270
-0.49415804515384548
-0.18554127803282428
-0.52356541933665812
0.01818319716206786
-0.53349381706735854
0.22617927451103118
-0.51507613972613486
0.43375479624208352
-0.46267419511576857
0.63256710955439133
-0.37441555943051114
0.81837179167698137
-0.25096173195077009
0.97825813781779258
-0.09648282915933620
1.11597133270317750
0.07577206846783507
1.23792811769340205
0.26021200609501838
1.34540435869689579
0.45376435761673883
1.43935190431931392
0.65280752468426440
1.51649502956819981
0.85057013620574196
1.57730380209959931
1.03994378453441061
1.62036881154424695
1.21505612716157674
1.64878100418762230
1.36860911320645018
1.67810110946699331
1.48595353001502528
1.72035806033885219
1.54138506577118228
1.73988405738293905
1.47140071151683771
1.75195633419624719
1.35473663158768209
1.75631439922432064
1.21395227601354483
1.75027697954476857
1.05897904825300637
1.72954541604427936
0.89481756398553669
1.69391223310347216
0.72630493862739620
1.64917196956397216
0.55573156094801401
1.60781617424061807
0.38886603464084685
1.57642473678181072
0.22782741264445966
1.55345119773127593
0.07459692500028645
1.50016289433268923
-0.06399123247538056
1.39889992091652693
-0.17117832289491167
1.25890679546982942
-0.23994755663531550
1.09520739696953817
-0.27523520611947611
0.92120633931794771
-0.29429989227357567
0.74595336537754997
-0.31938281550920111
0.57828021400252527
-0.35028140145782094
0.41925783392911503
-0.38547850829995856
0.27058881254831463
-0.42257518234544994
0.13603508201330761
-0.45968349770451422
0.02391847314865317
-0.49843719898714745
-0.05038634263773183
-0.53952947791672567
-0.95766927151790160
-0.26640285616054682
-0.86064579754580695
-0.28619766517936795
-0.72785340816761213
-0.32613147374214396
-0.56962681726291675
-0.37559514019467266
-0.39306138679826519
-0.42416391265981862
-0.20321165721224527
-0.46020818267753238
0.00111533380506481
-0.47198375325049302
0.21393067276782585
-0.45609418650252026
0.42950343173568961
-0.41124962123676240
0.64226648750654813
-0.33532113872060831
0.84588520959640945
-0.23048732838486749
1.02488201352205555
-0.09243341678391270
1.18052492786245522
0.06943069735691217
1.31741961984711908
0.24611208576144741
1.43825305769428846
0.43368808940544340
1.54426747702699951
0.62545592242501313
1.63429236011566492
0.81549968470054357
1.70228474540076435
0.99822312274645220
1.74758861266596899
1.16795967593371564
1.77134961420230042
1.31941002057669721
1.78782261200617998
1.44028930967473956
1.81362102607404019
1.51758525714322245
1.82475624064402697
1.47816911073710289
1.81035536263120345
1.38181754704599036
1.77988296361640530
1.26093776814057112
1.74640658732936260
1.12113156042919893
1.71477408236140016
0.96830827794017027
1.68021145402648631
0.80806514107073235
1.64478779587062429
0.64493747636009480
1.61802167904795158
0.48534771178052888
1.60076892584726149
0.32981976026573384
1.59188391178983402
0.17952383756021800
1.55558319628974040
0.04093601331549433
1.46113263507777669
-0.06486198183859074
1.32503925503948583
-0.12977717908233327
1.16576573012738427
-0.16216736059786940
0.99575238115622944
-0.18025484730851801
0.82287259173044325
-0.20251373086159050
0.65164236586730528
-0.23345015082757167
0.48858839755372302
-0.27002280915332239
0.33676085743403383
-0.30927048739143204
0.19870954314657391
-0.34763244550698724
0.08515424124824657
-0.38786034983771361
0.00934057041319477
-0.42904487892146603
-0.94058205816469709
-0.15392817425496191
-0.84617464030373746
-0.17956460336237504
-0.71881458945946741
-0.22792911777264721
-0.56905567520425793
-0.28453771583419868
-0.40040857019662068
-0.33935253827935313
-0.21340333470326223
-0.37684097833611224
-0.01049979654137974
-0.39073089250609749
0.20132542870367026
-0.37997183557583591
0.41768629625301912
-0.34137850924487134
0.63455838701467826
-0.27546572715982792
0.84755693232245422
-0.18070029157906378
1.04231037049765862
-0.05994161815681346
1.21483047366171260
0.08581209007114676
1.36864853186284452
0.24734640042362727
1.50437222200831333
0.42226603382343281
1.62280646426959119
0.60349656239063498
1.71974589719284321
0.78486186167609817
1.79134477708700235
0.95899094734337620
1.83722469058404658
1.12122336243244480
1.85357448401231006
1.26497199149240691
1.85684768837010905
1.38287731699442906
1.85255499849669425
1.46405299504916320
1.80599339454816876
1.46769789371857984
1.75767642981834626
1.40170346705341320
1.71543362573337776
1.29783883580823756
1.68198146327097531
1.17264979853259343
1.65645582899839572
1.03416711355662994
1.63947542933958390
0.88508852438238317
1.62737696431879519
0.73191439083672438
1.62511601173218900
0.57844335895365595
1.63239217680989990
0.42820444925439510
1.63668674791696844
0.28234261776210462
1.61445467171795731
0.14478509308572649
1.53064285515675746
0.03642998960504527
1.39999209730701746
-0.02683012377615809
1.24713655838740900
-0.05948110313942574
1.08356914626646694
-0.07841129346983988
0.91392621012287401
-0.09966624371401238
0.74394122313664612
-0.13081759116953098
0.58044588122178220
-0.17249230903297832
0.42940541395217541
-0.21751290125545597
0.29303954308384395
-0.26197293505678559
0.18150825180492758
-0.30793549333428816
0.11058046078687073
-0.35707538784278481
-0.90391664659438142
-0.03143733829510730
-0.81359578020767354
-0.06155750960039058
-0.69472754259195013
-0.11562616356927294
-0.55399056480506936
-0.17801711533934922
-0.39532842178322380
-0.23611057628735563
-0.21523278500478427
-0.27661056172073772
-0.01915611135347867
-0.29525444140600060
0.18549365291618466
-0.28842935420493726
0.39483966960796613
-0.25995456139400114
0.60620001606033469
-0.20724097673630618
0.81269693889774819
-0.12632368236439118
1.00360665061523036
-0.01805425034447343
1.17551777550420922
0.11583563864860086
1.33151500685023927
0.26551822901238764
1.47373524965519453
0.42530077142911848
1.60317845402762482
0.59020299989723157
1.71596675960036249
0.75619307698205218
1.80159378512966439
0.91821035928509109
1.85540342590282714
1.07265275537565108
1.87264834042731931
1.21247826125762126
1.84874696899544433
1.32762679190519561
1.79752651041146883
1.41283457540670154
1.71600021981584128
1.43700453250745364
1.65289032657750323
1.40223557279989230
1.61449991901629009
1.31691376726087594
1.58249650329017766
1.20722253711842531
1.56668227243835867
1.08141041345036970
1.57525593437815403
0.94634744542628080
1.60087999222067734
0.80606078935939218
1.63116439140435721
0.66258070554511794
1.66239367394140225
0.51696494271841464
1.68468675439388216
0.37495021375568266
1.67598890460772698
0.23895374413504711
1.60721016743976719
0.12678985289808736
1.48682253027665778
0.06007127683712962
1.34356130011354868
0.02146510822834263
1.18765799044660048
-0.00332585549239612
1.02505953700158514
-0.02810772494008273
0.86053926389487767
-0.06380982080323835
0.69945191166502585
-0.11365197901829978
0.55132484372611767
-0.17339178229138288
0.42142728665467499
-0.23402943702485768
0.31580346537678450
-0.29285738110483772
0.24831694766742074
-0.34953562507668856
-0.85387653625747340
0.09704788912175369
-0.76566327860856354
0.06520153057802316
-0.65183941807710222
0.00971386475939119
-0.52238349078282165
-0.05611097759350287
-0.37566260103316118
-0.11721972881860518
-0.20771774071625554
-0.16174328700490287
-0.02276706854295907
-0.18677929993651735
0.17039525501232566
-0.18835195601145976
0.36840328743868445
-0.16802308524027482
0.56724045152122504
-0.12480519709972573
0.76197894918553932
-0.05331616751594057
0.94288962098813212
0.04496851862971303
1.10663836716563724
0.16756300636541208
1.25663446066391304
0.30589960151115847
1.39425267322169599
0.45433688975639691
1.51940107748514741
0.60976655238092858
1.63099680680060133
0.76757913052068927
1.71868834118704283
0.92148976446991537
1.77530558237049019
1.06618323261842352
1.79155570148868448
1.19682728528696458
1.76623924111304675
1.30913927835683075
1.70262303078421762
1.38953925054960048
1.61210297817363246
1.41509969298867411
1.53286031227560215
1.39203536712549325
1.49376421646415691
1.32146517502084349
1.46417747734507464
1.22205372879541252
1.45501631246513496
1.10587426298536196
1.48078399836782770
0.98018623890712875
1.53622942478429536
0.85237794247107612
1.60437765728572623
0.72307215588650675
1.67424203503293900
0.58986012554578915
1.72451113837637648
0.45268461018857842
1.73638725690107210
0.31646125464716290
1.68670880159908054
0.19888907994557026
1.58415027740191872
0.11784562190750494
1.45258484232068241
0.06760197134692121
1.30596571514806814
0.03073784682697822
1.15083044942152490
-0.00507190031377542
0.99248040278864003
-0.04987285717610578
0.83744053192932244
-0.10608288562190690
0.69142070041921133
-0.17517660030010362
0.56379400950087055
-0.24864227635745037
0.46204896623320935
-0.31905597392505497
0.39769724366802939
-0.38410498655112513
-0.79035472043077404
0.23116022365694658
-0.70260452740017165
0.19665847655724136
-0.59289708847373546
0.14224515459254894
-0.47319266330129806
0.07729660754594370
-0.34143662746531739
0.01431540384730066
-0.18988214892364486
-0.03449904009553915
-0.02027291756316846
-0.06536036967463367
0.15979635107906909
-0.07577642947727983
0.34339461542343541
-0.06271757470277096
0.52685903318227212
-0.02532648807924980
0.70530473663083226
0.04071068841014566
0.87257829910691398
0.13340067578888162
1.02469918992679743
0.24661388216000013
1.16448860662298426
0.37376341407400443
1.29424881681849469
0.51033808663787061
1.41320430298285871
0.65551742772025634
1.51997741488952909
0.80358466625182334
1.60714089022577866
0.95139057254416870
1.66546283814268614
1.09023283636307644
1.68478389802387429
1.21577761729397604
1.65832172613198492
1.31972691833016853
1.58753391165702329
1.38639751983929682
1.49098828291740615
1.39627154371932916
1.40581750131266747
1.37619937772026346
1.36425066731288225
1.31600308068071148
1.33726635098772584
1.22137885668384416
1.33149015926586767
1.10850616420156234
1.36963837987593195
0.98823221390385796
1.44317037241123591
0.86806782626248002
1.53143458291012413
0.74879021488675179
1.62571275461968723
0.63045616039792451
1.72078565914697101
0.50736811604708587
1.77733217341646887
0.37196814006474294
1.76100544281570892
0.24429309041082595
1.68435101358160955
0.14370117559770212
1.57045397436847534
0.06876231499824591
1.43129775424108296
0.01708743228402871
1.28237533545422111
-0.03036159014628384
1.12961960954812235
-0.08323317868500628
0.97825674006827901
-0.14382202693416182
0.83684037236713515
-0.21492903712870451
0.71057416066950596
-0.29415229557335809
0.61066090544923091
-0.37078670794953578
0.54958814988356886
-0.43978376091769128
-0.71439138915293376
0.36984271390492551
-0.62572855238914971
0.33343101187385898
-0.52063227520478295
0.28029278443893646
-0.40778992411503429
0.21730359683333123
-0.28911594473934077
0.15356698261711829
-0.15622764546749943
0.10071219152561138
-0.00522320572393704
0.06358277873628203
0.15666128242358499
0.04738077644332406
0.32174823342365383
0.05626184066256799
0.48651040116045274
0.09113996394301015
0.64502390430822154
0.15586624731809193
0.79520915673714188
0.24302966478328650
0.93304738027366363
0.34992400224571257
1.06130549862845402
0.46949419960760047
1.18244769398110661
0.59846733311105915
1.29640560275244221
0.73575388382449980
1.40050614483703906
0.87668604357011659
1.48651752658999459
1.01742743907112754
1.54761382575425910
1.14909599839868548
1.56980438731375749
1.26663276617828502
1.53911927941376403
1.35572408574790870
1.46100436766783659
1.39737619907219091
1.36451100625935728
1.39172991275188251
1.27969584731393415
1.36549309285427500
1.23688027878812057
1.30570421093803923
1.20947789713595388
1.21019594890758619
1.20967159151101455
1.09418548158590578
1.25887968132238748
0.97389382917465306
1.34320489720694924
0.85475323293210070
1.44300258146824611
0.74038640947567702
1.55319676904308657
0.62997648180177035
1.67004540920729871
0.51714821318202153
1.77237431992019578
0.39524265572670747
1.81647038197016886
0.26068361852799043
1.77614309337583620
0.13432299209549631
1.67809955326699023
0.04009736151025105
1.55130727367228793
-0.03051973042730970
1.40852825128395454
-0.08931545265303560
1.26132713863321189
-0.14812437656938784
1.11621887471634507
-0.21347201485931525
0.97976322766311885
-0.28539025814848867
0.85792599956572579
-0.36421113505818692
0.75936113114510517
-0.44430654608030073
0.70036816467490015
-0.51527148174615123
-0.62866753256590180
0.51440484039874457
-0.54202831497147441
0.47769262912751026
-0.43802726908507705
0.42371997422988528
-0.32924369945909798
0.36131347055559782
-0.21837106719825358
0.29708690706084379
-0.10400486652014120
0.24089985336978975
0.02188451767976122
0.20086949167427717
0.16003904854432174
0.18155482149936231
0.30340650147863624
0.18832145511441686
0.44465988537364970
0.22482012189770889
0.58040980384478080
0.29013153709101497
0.71225274907957337
0.37694848911175838
0.83625254431298879
0.47863903424794096
0.95293147642050968
0.59397596628972871
1.06639802378858239
0.71892886840523418
1.17562332867273733
0.85059284046386430
1.27808047253755608
0.98307369468897898
1.36400867291542083
1.11475708292329134
1.42724368956934144
1.23904164520150717
1.45431829586531269
1.34476239994185609
1.41493070246976371
1.41025229894813142
1.33458546084522678
1.42329137580466125
1.24194233841420743
1.40587933011731847
1.16019276613876032
1.36546487511554959
1.11262542906561701
1.29573101791135503
1.08931005271008607
1.19415491029853427
1.09473931970276905
1.07142349192661168
1.15120630777552946
0.94634101037662754
1.24353310111544246
0.82527052426197567
1.35495220893626844
0.70887474850571042
1.47773937952434364
0.59736398526330725
1.60766989978788377
0.48671612254878616
1.73315565835187235
0.36822216796571922
1.82337998886602226
0.23830634167571985
1.83816982310577326
0.10365493036820517
1.77056787418125938
-0.00979317704878811
1.65759647518905173
-0.09616795951791164
1.52505058655415482
-0.16722216339440849
1.38524569379707496
-0.23399387215439341
1.24692089292791786
-0.30416580591047232
1.11632597008240730
-0.37897787457342497
0.99964812233643041
-0.45667789392831781
0.90631461225414500
-0.53557919313200486
0.85049130046221721
-0.60589417565891546
-0.54079658239894668
0.65999841340187626
-0.45576923276097037
0.62425468001078410
-0.35215709264600931
0.57063554548183193
-0.24480809068215709
0.50831404707738292
-0.13790340484906943
0.44423738717921024
-0.03431899050856570
0.38446436142481150
0.06372460890689796
0.34095807519991339
0.16700178212504935
0.32413556782644176
0.28177382330787165
0.33341071267855021
0.39619163605622160
0.37518721207687405
0.50949738022336866
0.44411050172579991
0.62382224532740804
0.53133102459070780
0.73554334484938211
0.63154786436725041
0.84333921443947080
0.74373325567682791
0.95050620018422516
0.86525991369078414
1.05761293473452200
0.99082511886173730
1.15923276420840660
1.11677437601867569
1.24712683572934857
1.24041326281310282
1.31334684733739637
1.35496702295444482
1.34755440149410033
1.45046268150169011
1.30109173558708924
1.49086926705865075
1.22004950884628993
1.47614492996094415
1.12948137898697265
1.44368050052249575
1.05425732328645516
1.39229526725892216
1.00804980023103830
1.30655055669277687
0.98266186654006049
1.18714026648067494
0.99253912353773310
1.05205927963373580
1.05097791477424063
0.91662893210922114
1.14968934159424530
0.79045450058636912
1.27283568971670746
0.66863624172319969
1.40828297013418302
0.55417778513757210
1.55129672005570485
0.44142738876410509
1.69156874793089984
0.32345060849777807
1.80640903111773610
0.19560756652347513
1.86429027084900478
0.05928927583410008
1.83789276609057906
-0.06944793597484589
1.74635385971288959
-0.17087784379049545
1.62524619131647241
-0.25304111773391752
1.49543087624778370
-0.32931010638603248
1.36526653889565575
-0.40521686968170939
1.24087487345488490
-0.48224270981481959
1.13038310147410903
-0.56113760191178164
1.04154016653018067
-0.63862832249913271
0.98943524192787824
-0.70823593886460856
-0.45897469921772005
0.80577638636652960
-0.37557116449351474
0.76941645585551854
-0.27266641029642774
0.71857641679191642
-0.16760523665596866
0.65755441327558173
-0.06579498745337901
0.59569591162160429
0.02716826294780536
0.53616455671486041
0.10528674727311273
0.48826026566826619
0.16980171284474088
0.47061888777742250
0.25016778057473177
0.49137698968288490
0.33906571444065764
0.54001547800195759
0.43273129941492527
0.61317007629779097
0.53359616465893878
0.70159982303514212
0.63355884315850453
0.80190793099135815
0.73502910432778801
0.91207833634071522
0.83772407909307778
1.03004182269177913
0.94333877403126598
1.14968756078776457
1.04523927662843197
1.26822615900898072
1.13485603196017859
1.38215417289797005
1.20565728408191797
1.48837308949654656
1.24708674645046425
1.57328012954325569
1.19734567243406986
1.58607524726586280
1.11593605229201476
1.54619006466391662
1.02959470762373151
1.49983541903394824
0.96175100478750064
1.43655910278019472
0.91514789166774735
1.33165832818289376
0.89101252365962413
1.19824500523723154
0.90346484319579545
1.04880389092753101
0.96644453846893130
0.90072195318368231
1.07246182831263126
0.76265389304680642
1.20391172648538114
0.63216599968799225
1.35179116122410603
0.51162300445435394
1.50470430232947128
0.39285274071629744
1.65559986353489785
0.27373350033971555
1.78619336618661939
0.14636101175270927
1.86939742467942649
0.00795745107951641
1.88148336675222305
-0.13120556873902589
1.81617076994757509
-0.24777884779416126
1.71013780030770435
-0.34243368902309762
1.58806405336810541
-0.42646933648346069
1.46511270131592730
-0.50619546421951800
1.34725814044129644
-0.58597208567791215
1.24236486666145107
-0.66596787733963525
1.15855059130051963
-0.74305019761067992
1.10896087207877803
-0.81128182687576256
-0.39989911525593574
0.95149311242427681
-0.31931270210865326
0.91700924215479207
-0.22142227808117299
0.86806111189439628
-0.11845445597635024
0.81092822629285644
-0.02072601738804894
0.75229038306728391
0.05917626975228978
0.69737900685562804
0.11728306206345419
0.65077145641345002
0.15086848773223041
0.62970404375480671
0.20327911647126323
0.65879926896002083
0.27291102207896939
0.71266725074651616
0.35081213403899636
0.78931006287400696
0.44016304871549217
0.88248299505272176
0.53327985685000567
0.98390242651625404
0.63066059998637147
1.09331851413110237
0.73165055409046331
1.20618943819278068
0.83397152884615755
1.31933970240953680
0.93451499845255437
1.42946659312716640
1.02740752438432348
1.53410263298810379
1.10349868139907148
1.62733545319459627
1.15230670477319230
1.70034876261400947
1.10983300927213380
1.69178557399436702
1.03638594924693983
1.64490955201375200
0.95969328427810163
1.59326732963203455
0.89778216551064272
1.51503005494788789
0.85099856729680678
1.39517073836039240
0.82360086030943436
1.24575815993495387
0.83365910095049878
1.08098526355313473
0.89651415440418347
0.91577582515659961
1.00639481817464649
0.76184840663791809
1.14899395428365625
0.61765271518738396
1.30773328394872834
0.48361003881829090
1.47279245053051255
0.35613289985213636
1.63068884729042662
0.22968706767743127
1.76907788319296522
0.09727548386186001
1.86899308472802228
-0.04380305363000062
1.90473100967214792
-0.18927748022870103
1.86570721880188550
-0.32083565490608207
1.77572750799455426
-0.42771410400173610
1.66457501191061663
-0.52109557148142704
1.54541862599071123
-0.60519863083915659
1.43173210432209919
-0.68691216665319843
1.33127489907326479
-0.76834466792115186
1.25225379611173726
-0.84586421331561568
1.20646610690888445
-0.91404592313216948
-0.39320595541026859
1.09920812502303833
-0.31593978869471628
1.06569892363294305
-0.22441622828212021
1.02107686088395777
-0.12105686702203686
0.96774373542422421
-0.03086787985050515
0.91549618521722298
0.03661559637727049
0.86791704579984164
0.08419655704211688
0.82304882423164216
0.10427083966770782
0.80234523316549777
0.14107245409552921
0.83618621553398498
0.19907764526909563
0.88603627641848448
0.26688616290386480
0.96781026462456410
0.34784357364755869
1.06980649894922686
0.43742771801829045
1.17303930700722581
0.53211582023623727
1.27989159434668265
0.63024167793953345
1.38750728663731437
0.73036182025897656
1.49324946998981556
0.83053002683819244
1.59437452922780420
0.92472346589286425
1.68711936455107958
1.00475684714964575
1.76646906317421593
1.06172783900952372
1.82686450174375925
1.03564533994572083
1.80228067548559312
0.97560430531388942
1.75538391705936747
0.91232652000140502
1.70171521201860010
0.86323114242194965
1.61507724709450828
0.82692072572625641
1.48762060119022177
0.80539676486144274
1.33142879121392732
0.82170221962870815
1.15950740220714210
0.88664845675024706
0.98700376317565941
0.99386816491123386
0.82155443581561127
1.13351132400421717
0.66388418282599537
1.28923451621260599
0.51352519098026361
1.44915750210729688
0.36290354152538762
1.60917428598680479
0.21469265325867382
1.75255716500439851
0.06638604589200460
1.85854293237737878
-0.08498463367132714
1.90561268209168411
-0.23840058069461142
1.88490612086199194
-0.38158366893190920
1.80919446040700649
-0.50186059106843384
1.70779692994020316
-0.60493651654298064
1.59820078192723658
-0.69791752528984885
1.48886218128683190
-0.78402972877390398
1.39316629968943984
-0.86799481883448404
1.31857870989595605
-0.94710079018326798
1.27636486712577701
-1.01526506700029184
-0.42251587181095462
1.23782247940321755
-0.35444884218828937
1.20619331513462003
-0.27263566274500056
1.16853924555219391
-0.16921100405753911
1.12107566372492551
-0.08749480835006072
1.07671844020166674
-0.02282167642093893
1.03598649104409790
0.02522413833340597
0.99532761131421754
0.04385652969846304
0.97870955264311243
0.07264750209928553
1.01710527044734622
0.12260536823615040
1.07879407606579414
0.18444664275651299
1.16710476435166521
0.26008666056888513
1.26303437305869504
0.34595262990858050
1.36423350408309840
0.43847661222309059
1.46531718056610782
0.53547649247080353
1.56775775534304240
0.63456074975461929
1.66530138264279359
0.73236851983823714
1.75384001150834123
0.82433095294892555
1.83357268202019075
0.90680972993392939
1.89928398217395333
0.97039643328584713
1.94572912267356712
0.97545109812605790
1.92042005055987497
0.93397206024996604
1.87538298524673475
0.88837639359878140
1.81734005423570211
0.85388964082173868
1.72262330298201105
0.82854523708111838
1.58955903466857817
0.81987880162808302
1.42832844226341638
0.84396077671264857
1.25369996743802870
0.91485226675118314
1.07781562923223784
1.02486035791087216
0.90575363622174254
1.16168807434340948
0.73897652346422926
1.31174880892156542
0.57478908257897465
1.46425075823044049
0.40972447376466553
1.61194351452477824
0.24354165924983515
1.73845175214170444
0.07202676268639865
1.83411356536062886
-0.09988070040220252
1.87831971341298676
-0.26708210466292104
1.86290625673021815
-0.42321270550436701
1.79638440649889231
-0.55727674428337171
1.70452306691897215
-0.67369392915568638
1.60105991520484858
-0.77659021211624835
1.49646408748650517
-0.86928194810178971
1.40396592149596811
-0.95698792319776982
1.33349861913041168
-1.03978526883604916
1.29641174892607225
-1.10963285534396339
-0.48424643524747685
1.36333818544700813
-0.40831381589695970
1.33432911244959440
-0.32872379013244063
1.30377127785921409
-0.25364998216280282
1.26749931291989837
-0.17439024263009154
1.23111270834175701
-0.11395345475095944
1.20287641666528988
-0.05199261692079176
1.16285823212814909
-0.03197630526075033
1.15844548590419083
-0.00445855580562192
1.20116915452138562
0.03997279875363950
1.26627264645726090
0.09938418717344326
1.35851648731567720
0.17480923947829868
1.45339401954756497
0.25768099843654863
1.54700954589171191
0.34926308387265298
1.64088209129209051
0.44640011125938811
1.73903166295715894
0.54378767719539456
1.82487859534999819
0.63926474938295386
1.89899003023381874
0.73035839144836057
1.96549623768063286
0.81387446207981173
2.01965849355398896
0.88421044989890718
2.05735872528939367
0.92101718279965095
2.04311489567481175
0.90510767314687846
2.00022871892763376
0.87765557888577816
1.93215691664099198
0.86137671588014342
1.82879071309157548
0.85116334766199209
1.69213351422352765
0.85710015412304763
1.53100811337873477
0.89449005793806902
1.35695376896345610
0.96989239557727491
1.17841352439622815
1.07879893690546358
1.00143051191426724
1.21052107117560404
0.82486100278335817
1.35288146411009613
0.64824720917083367
1.49573338663422928
0.47128740389444856
1.62887132176226412
0.29018357615084589
1.73714764563348778
0.10272286792461377
1.80931289601246603
-0.08556016506104415
1.83516541407847655
-0.26689718073319124
1.81261888040817665
-0.43537872986896753
1.75042763967717185
-0.58592346859425137
1.65848571878563855
-0.71431172821777333
1.54891911224247925
-0.82168292473985283
1.43912229998280594
-0.91765457915357151
1.34354702147056937
-1.00885566936424742
1.27361531338886236
-1.09609934268140741
1.24076250382817332
-1.17028219208502438
-0.55720447320102451
1.47052726459169070
-0.49216068502108778
1.44768325766224448
-0.42992981356946830
1.42921778085844453
-0.34524653219159496
1.39623295501768019
-0.27508206210507513
1.37324418436617024
-0.21736326392560085
1.35897324597575353
-0.15220662746355201
1.32753554727871936
-0.11932341263770828
1.33467952310065807
-0.09029661805600385
1.38120958052668508
-0.04567807722546563
1.44753930949346099
0.01404986701135712
1.53554356919049884
0.08956105854616257
1.62713442608231218
0.17409299447874740
1.71769078925859420
0.26500243673386992
1.80410914572135250
0.35938718970355665
1.88797369796649050
0.45611514261550851
1.96367211021069554
0.55255544246969379
2.02980078951098797
0.64548498668553766
2.08769683754851298
0.73198490077353651
2.13280634443654193
0.80854723787293603
2.15913048052264189
0.86808076016686442
2.16483768122828524
0.88282342438095274
2.11683515943225942
0.88000773474070448
2.03908580182942378
0.88395258150717004
1.93009037870848643
0.88990845436886779
1.79118283717653126
0.91258789887170444
1.63227944945544912
0.96150139040889104
1.45990508210701586
1.04210399214615057
1.28064891773158296
1.14913182380523526
1.09843258593207360
1.27433158671795477
0.91323465020681005
1.40790599972576413
0.72613668556149524
1.53896261008725044
0.53596807601165153
1.65553097574743391
0.34131717164260228
1.74209491690968643
0.14087026889087417
1.79024818372923833
-0.05990552539659678
1.79325366727436464
-0.25216566516891409
1.75473017222089944
-0.42948240245110225
1.68494998032130905
-0.58911679253124261
1.59287833818640356
-0.73045083293770130
1.48625809151734978
-0.85208271025865778
1.37039423639142366
-0.95296567384106556
1.26781153117813417
-1.04589382445249002
1.19690029253952557
-1.13563084582775842
1.16607353623097798
-1.21257441666779386
-0.64098080382387368
1.56259056369837834
-0.59065660245750595
1.55217223727614062
-0.52201946306209301
1.53388834772884919
-0.44415745270998386
1.51218057276510920
-0.37483845253428111
1.49986869331634698
-0.32190036908342756
1.50328701395185149
-0.26049883221158554
1.48950441578211690
-0.21333265914397798
1.50692863878314309
-0.17600216085482101
1.55896173733637000
-0.12652429879943947
1.62555947151886615
-0.06383075241892330
1.70529104697798473
0.01229097481353838
1.78692232030316722
0.09632022038695726
1.87016128086157596
0.18689171339038968
1.94837108852942298
0.28153768096762410
2.02317831525484504
0.37895121364440343
2.09097972815878519
0.47683998104433745
2.15053587254264711
0.57228060188106433
2.20154741120223552
0.66272408241308689
2.24025175188530179
0.74517588431406168
2.25264550222685633
0.81899532139626852
2.26502172655596334
0.86729954376256424
2.22257475878543209
0.88798610424729896
2.13507375583359682
0.91472302319069743
2.02327669889688266
0.94205758657840677
1.88545193509423870
0.98075466094605102
1.72752081851826755
1.04106766883069501
1.55709818349655360
1.12489770683558521
1.37703410285477568
1.23072132179694949
1.19081730410522835
1.34865939060119855
0.99970841531440424
1.47262505873949645
0.80297068488385615
1.59059896043806104
0.60130698965703910
1.68956405937712684
0.39384945533588323
1.75324788406319598
0.18101287243626754
1.77592237261904118
-0.03031597356735625
1.75422794198980081
-0.23008752089485829
1.69881702234427401
-0.41484502309356930
1.62036996218803897
-0.58391085756225247
1.52513112121647598
-0.73618506457293975
1.41785036281135302
-0.86978343314705009
1.30265661709518055
-0.98232909741992280
1.19308584910291549
-1.07670090457557288
1.11978336681449697
-1.16883082146644690
1.09104422555989555
-1.24910815337329284
-0.72620149439226467
1.64576520733837528
-0.67654234146371672
1.63803906948079292
-0.60720720006859896
1.62057715647247624
-0.53809858280777778
1.61428306523366905
-0.47264870903852502
1.61567261869187551
-0.41511018933051441
1.62871823664085258
-0.35219108865361776
1.63147274572363754
-0.30022130593652724
1.66438491002721678
-0.25389101738366782
1.72151969908816604
-0.19775058874817769
1.78590520292389421
-0.13157065123741835
1.85606049616936097
-0.05523764256609738
1.92717627531575308
0.02871888594834111
2.00400705591815331
0.11962780919478537
2.07564130667444280
0.21516581630824544
2.14345444549438158
0.31390881759416522
2.20515543976067052
0.41384825331586400
2.25960697239320130
0.51267280393498871
2.30589303211151408
0.60844499313662193
2.34059589781431576
0.69896355973161239
2.34836239193103058
0.78568867090196426
2.35535217425091492
0.86007255824844764
2.31525287777028987
0.91266720963777748
2.22821085600915758
0.95341353766800685
2.10947790722480466
0.99985236674348843
1.97134312233648146
1.05397275910645360
1.81470193600664098
1.12483168306660497
1.64459890831796640
1.21409627529110908
1.46222694607116432
1.31795819154998561
1.27131485223877827
1.43000120231432692
1.07303622965164380
1.54500071642629577
0.87016280505146282
1.64779579351840311
0.65952454425369833
1.72245788439982084
0.43933860392064966
1.76178379207967040
0.21693427764167003
1.76063720602076512
-0.00206106009494956
1.71774663807950989
-0.20864645807827775
1.64916747542095443
-0.40089525798298181
1.56267697609114453
-0.57864499016961712
1.46287196246970530
-0.74104908238866707
1.35379051643151005
-0.88511579459545875
1.24138356019490215
-1.00948894109577414
1.13130732573789272
-1.11105321627450859
1.05505886591678122
-1.20596626926401584
1.02892672131905916
-1.28834147737495619
-0.80192629238728386
1.71970795720683700
-0.75022869854106999
1.70919026323508572
-0.68226228839002889
1.69430952064595530
-0.61553301183128528
1.69703356046220644
-0.55099542522352385
1.70880452929642157
-0.49126054693560411
1.73104144364875800
-0.42627017402747192
1.74758735194923420
-0.37316680858824985
1.79465097537429608
-0.31943754128964025
1.85339521020040632
-0.25810121008607140
1.91653063211331953
-0.18818991768693147
1.98102966639566036
-0.11021229965327856
2.04838508127419550
-0.02545766752304878
2.11741278817591860
0.06606783682817324
2.18346163019365269
0.16269896110797194
2.24587561019931936
0.26304570982706882
2.30300906749186485
0.36544802968903256
2.35383136955398165
0.46827827494282848
2.39721894374615507
0.57047318657237578
2.42995789984329269
0.67122541480577902
2.44179358172790684
0.76976029722802519
2.43882703111316523
0.86030081566394379
2.39366411939651114
0.93430322865654036
2.30521048669584605
0.99548991167221779
2.18525148998040830
1.05613635257030314
2.04471049687624085
1.12424159961137526
1.88825578341047606
1.20420281676262575
1.71808328646238806
1.29637808306514013
1.53435770220378798
1.39919262375625619
1.33827625447155851
1.50719894733816351
1.13322215754245614
1.61200067609280895
0.92060080053898008
1.69939777142084614
0.70060110814793153
1.75591087545303703
0.47474410112941184
1.77043319296363078
0.24597950259745985
1.74573574934472009
0.02053441343414300
1.68932377989349813
-0.19264168507697590
1.61176291732222032
-0.39403607205984631
1.51860136476921714
-0.58136414730541752
1.41381667329217753
-0.75170295302219803
1.30344182051269586
-0.90382990468588031
1.19544166490301507
-1.03848171500466457
1.09913546302286780
-1.15563854080359474
1.02649791665626267
-1.25659973383503099
0.99943029473789569
-1.34107296218438687
-0.85664277634489150
1.77530088077953807
-0.80662144965652893
1.76789632458346668
-0.73990424603074867
1.75441926488136191
-0.67337426264075695
1.76045185469256671
-0.60858420221137122
1.77809926167216137
-0.54614212683169572
1.80489742858504676
-0.47989632596235882
1.83122712228336870
-0.42617900471497489
1.88765830235861864
-0.36760741831424071
1.94798985342419728
-0.30189542673295044
2.01009121908481658
-0.22893351664037473
2.07415542648082907
-0.14889711230229533
2.13849551716257347
-0.06255541947212606
2.20269416337133883
0.03000038893395791
2.26476127630092261
0.12778575065199510
2.32352242285446176
0.22967068189097570
2.37766520037208329
0.33437763751019917
2.42627162500297588
0.44083051191762690
2.46808793047061270
0.54855474907274016
2.49981605285154673
0.65729351990250173
2.51385990778818025
0.76535146600568127
2.50500494314002786
0.86424106422856806
2.45177947738357016
0.94986992716915630
2.35984547719863924
1.02700786191303206
2.24022804460514591
1.10104899356770569
2.09931730752948731
1.17909422756291526
1.94218232730425200
1.26565230277689555
1.77126849230840411
1.36112902444308470
1.58650633588032508
1.46335193520037188
1.38614002482800180
1.56687397596323219
1.17548813635534222
1.66389691851297861
0.95568903863921817
1.74149475261141728
0.72799379237171180
1.78535453218707230
0.49433881117103384
1.78626559728115097
0.25777301011620252
1.74539638948834286
0.02400518174969543
1.68001294759708708
-0.19973568360481925
1.59569839691197735
-0.40760577298044004
1.49649532694537846
-0.59962169710213531
1.38607055344835794
-0.77272962763693642
1.27405839149703826
-0.92875985357061019
1.17068177926389305
-1.06956331224965084
1.08469135558968977
-1.19479379343120029
1.02568691887260210
-1.30418625205859273
1.00785030601845538
-1.38997348412838173
