-0.80498184634371761
0.87652124222590744
-0.70459389502600112
0.85902786305909185
-0.56679643693500537
0.82915592748528366
-0.39801724897512714
0.79401431344365359
-0.20330542050650788
0.75892251183485759
0.01023188156793435
0.73041508722115844
0.23431631962404578
0.70725045790724184
0.46280829061717105
0.68863618952884265
0.68092501767310687
0.68047915536878956
0.87614808997426374
0.68970799171441233
1.04303113827733163
0.72343973496775671
1.18191916969973909
0.77863872172677484
1.29055102903856289
0.84172960409932340
1.34340558844341507
0.91287974890962598
1.27406990822831379
0.94438002135964860
1.15511333998865551
0.92836648798465460
1.01412625891291364
0.88365857394458047
0.86024143407879927
0.81660941638243090
0.70261237739208571
0.72430946174765332
0.55417707249268278
0.60412616433285893
0.40506982879711262
0.46655450991135278
0.25563111937761895
0.32111881964826428
0.10878241376100994
0.17482139976176334
-0.02820951226891342
0.02971477657835598
-0.15586547306019374
-0.11098276143938990
-0.26858690719098283
-0.24564801564915356
-0.36945761826735679
-0.36690005271413079
-0.47081925122857943
-0.45661643588029233
-0.57670435208508242
-0.49647122272087241
-0.67260215742212637
-0.46981549722645821
-0.73856856940587901
-0.38610782724162773
-0.78019534996458884
-0.26946652291084494
-0.80190003508142849
-0.13372510340845228
-0.80132896071461790
0.01225207461685014
-0.81370785639850074
0.17158107243422549
-0.83789926100268364
0.33980977109663535
-0.87287335567344548
0.51157300692870478
-0.90862412160889305
0.68089314677727653
-0.93842554987102389
0.84258894302257814
-0.95020051787783788
0.99076769479007332
-0.94742818912892723
1.12232394397603485
-0.93682829107057197
1.23507963372731067
-0.92375254811574714
1.32656695797504076
-0.91395056571757882
1.39221780552693630
-0.82628935579961726
0.80647843951942211
-0.72315865916357192
0.79072320809163843
-0.58337258475031228
0.76277932657969238
-0.41408764336079207
0.72885283407469426
-0.21894783536948617
0.69656820945160713
-0.00593097137473464
0.67035801456250110
0.21957534214866362
0.65169273509943904
0.44815409247120747
0.63833750679741741
0.66730867467842292
0.63453875674203797
0.86568368669199325
0.64680932799981850
1.03730912250942087
0.68201686854446386
1.17655217921672683
0.74352196350356903
1.28049184595626420
0.81761509607892369
1.32809117505663887
0.90229025271654684
1.27605108674807299
0.96526894474656433
1.16073392796864661
0.96845470359455998
1.02266761981232013
0.93294489546349813
0.87622622100634395
0.86672538782585085
0.72702685496003683
0.77581406279362364
0.57757148578433659
0.66002282541363044
0.42645974398498954
0.52602824921717939
0.27755595593969978
0.38181381782760287
0.13386750535403724
0.23250505389343898
-0.00130247302796320
0.08429483967906713
-0.12483068228318654
-0.06076065752092508
-0.23302328544944306
-0.19733396506336690
-0.33260742785270597
-0.31641787269322957
-0.43410225829873639
-0.40251290044340693
-0.53847696401651768
-0.43957701931974941
-0.63390058466156107
-0.41300337216309352
-0.69694773279983524
-0.32948076696793338
-0.73847983153872521
-0.21203579179263157
-0.75910254097920982
-0.07629844374337505
-0.75978577859992069
0.07045903364671637
-0.76939536977104095
0.22850951638864664
-0.78713592770395413
0.39388488951536715
-0.81394400666218425
0.56116312604280694
-0.84176231203169027
0.72492280475850590
-0.86569040044629841
0.87933091857016488
-0.87228054345891415
1.01913672478762196
-0.86200696148232314
1.14009423003624444
-0.84483523287411089
1.24117135279315827
-0.82620836235660455
1.32073845856565497
-0.81118021895077363
1.37569928094627514
-0.85887071206145416
0.70827745066725967
-0.75540208853184876
0.69465282661363936
-0.61438836209989611
0.66902628973658052
-0.44334788700120564
0.63908919074875203
-0.24915937046490189
0.61052057545366933
-0.03633659835960851
0.59001308824510967
0.18713368006494221
0.57541161867919266
0.41457040803065615
0.57009578780999770
0.63734150009394519
0.57507099397530514
0.84028316713239637
0.59303266795286114
1.01665567408990887
0.63324579279130433
1.15795810572816138
0.70173506005297259
1.25561672030120119
0.79436679727762649
1.29686756597120234
0.89904322055157715
1.26004815630285605
0.99082637220263914
1.15312106412133231
1.01525696814482247
1.02046728563840294
0.99515079615006741
0.87818317570430171
0.93802263701856725
0.73454125601704301
0.85122387632594665
0.59016344665490439
0.73909608251637693
0.44543066565105871
0.60578556857612087
0.30124855942293099
0.46159301324136476
0.16336002382711268
0.30922637575241035
0.03452862078876232
0.15691693793023861
-0.08363241698456508
0.01024560595244033
-0.18981439193745425
-0.12593265493633410
-0.29268308889180195
-0.24081486357093884
-0.39901311909825266
-0.32036475833751937
-0.50647700435146459
-0.35500136292757273
-0.60076147562565285
-0.32707052068440390
-0.65886375002815079
-0.24172449460025555
-0.69819216363975745
-0.12422801149910545
-0.72416962589060996
0.01369120840954052
-0.72920989803323810
0.16108981649436205
-0.73423690843050449
0.31725029423552659
-0.73771814975593353
0.47792674211484948
-0.74994078673729347
0.63791667106024685
-0.76348541445392459
0.79162153857122708
-0.77503381883808498
0.93475287728126122
-0.77007052792473318
1.06071830282836110
-0.74832318788631047
1.16557294135325917
-0.72114885427029995
1.24870346498692486
-0.69421854809529859
1.30946525406747649
-0.67183539599168096
1.34695237383571631
-0.88909809436999776
0.59081777705352190
-0.78745076961385685
0.57924032897609212
-0.64810620169682964
0.55721316677814925
-0.47757820563731590
0.53008137812181233
-0.28697980698345460
0.50727839828959265
-0.07865939658380322
0.49400756322534534
0.14259081700875378
0.48968026631274464
0.36956255970275542
0.49310233259869823
0.59153980038711529
0.50705583106251184
0.79699950238413364
0.53673285031448392
0.97351327911753849
0.59061836842291815
1.11418847155148959
0.67160138901876398
1.20874476492191874
0.77842804575804880
1.24703482637424634
0.89696117415252929
1.22471755368608171
1.00671205961735732
1.13659004213564674
1.06477127953184425
1.01251064413477576
1.06525006136375899
0.87570070155514779
1.01993147411823060
0.73540915278404451
0.94140104154354542
0.59586062300012210
0.83362541528734557
0.45760664692939995
0.70356930891923442
0.32396762568804671
0.55674564595158671
0.19579564914518544
0.40257018822724855
0.07305153775365004
0.24710522495056123
-0.04238515418231367
0.09971374016127994
-0.15318899517468829
-0.03282412088272047
-0.26422811402509827
-0.14143392974856991
-0.37702450738447185
-0.21651488938308425
-0.48671822726421171
-0.24957222874085511
-0.58021964380771207
-0.22132188011925277
-0.63075048306861947
-0.13610935213245529
-0.65856839891113317
-0.01966319792636085
-0.67936742844169296
0.11735780670017218
-0.68869459253772025
0.26566906926116213
-0.69510590183503917
0.42075471375809964
-0.68892436180448458
0.57657922904624581
-0.68136930580572863
0.72698326051960371
-0.67603365790748626
0.86836879038286918
-0.66944543344238205
0.99553638125477195
-0.64688086501443842
1.10297678101166330
-0.61011948693391749
1.18655062607661699
-0.57059326196233784
1.24635011249894023
-0.53531007233767625
1.28413031819216639
-0.50622415404428378
1.29944823409760235
-0.91219397425614623
0.45820966576045935
-0.81313473915529921
0.44873390679459590
-0.67657511183312891
0.42954574000561535
-0.50895373759768503
0.40740868035223393
-0.32354303984968702
0.39220174005107150
-0.12230256144532292
0.38751900800335581
0.09174549157433479
0.39397039990405991
0.31330773913636289
0.41121327805817165
0.52887539121333915
0.44068906378213307
0.72991966046512857
0.48773845432303164
0.90210779983878464
0.55728031409590717
1.03831671598032615
0.65329612108786861
1.13080925874404969
0.77347949289912421
1.17713391547066082
0.90221806690983342
1.16884920454477603
1.02575077803477632
1.10180821802531570
1.11280041464560586
0.98869973918243548
1.13744095433321091
0.85855152259864420
1.10825562877131056
0.72590723614329100
1.03820161805161870
0.59668968491672181
0.93511576520049311
0.47157809108795506
0.80697327999900315
0.34423183872620400
0.66227101493733409
0.22403351756722079
0.50701645035619880
0.10599124905001646
0.35090658824075949
-0.01389737785011064
0.20500818245340738
-0.13381556625720037
0.07739311787750595
-0.25551352233326707
-0.02500448171584576
-0.37352953107930076
-0.09758206417996657
-0.48591545337429021
-0.13024336607600495
-0.57572869382327141
-0.10396342604021749
-0.61642844711796563
-0.01937813112041494
-0.63346418087030376
0.09619741795242998
-0.63930355607283174
0.23201686664102836
-0.64126447203660575
0.37771653636852898
-0.64548095661435168
0.52915959401772794
-0.63006678012794393
0.67752089127188919
-0.60537548733480429
0.81687208999259153
-0.57820555992910294
0.94244009249208571
-0.54559313396496756
1.04904612835737621
-0.49865397649585647
1.13258705153221384
-0.44419682411355360
1.19057173221161738
-0.39299709484064616
1.22413483356685759
-0.35114613909030251
1.23701174047726226
-0.32368947071687681
1.23296171012170452
-0.92715663420411254
0.31253893841024250
-0.82959999507309889
0.30587504530352133
-0.69560350167313223
0.29085139403916210
-0.53373973736326452
0.27720907003710032
-0.35574602598740135
0.26897690262642004
-0.16175445302166622
0.27374690644024591
0.04510325609420283
0.29218396010280145
0.25608266583240946
0.32354108432741302
0.45801323066553401
0.37063141740514094
0.64601097886939285
0.43765917033081275
0.81055928572293545
0.52616012405207879
0.94042007066236610
0.63976767635455123
1.03346911770143368
0.77026991398993883
1.08354394852481017
0.90731412755680918
1.08712496923006308
1.04162196321744638
1.04134151732271651
1.15133108141809926
0.94841892126540905
1.20892679619780652
0.82721346743697699
1.19899613286480777
0.70348034051803832
1.13959291833306264
0.58527972267417039
1.04159282343826542
0.47000359452682533
0.91646314412752738
0.35363741925402320
0.77236631349425156
0.23885526581964214
0.61975409860837727
0.11999885772695361
0.46650695661805913
-0.00490685125747045
0.32399652895022762
-0.13505668347336230
0.19960999611911573
-0.26700496261676565
0.10103834687960007
-0.39023837540749706
0.02897829310363226
-0.50403263238305773
-0.00416739197377831
-0.58842356422302189
0.01808770638241170
-0.61926644090864824
0.10193270476000821
-0.62559281258114341
0.21598232260239222
-0.62308010333549069
0.34953222513123394
-0.61782737062068249
0.49108041424894311
-0.60259180391266476
0.63455659082251126
-0.56532003125565367
0.77206268060783356
-0.51949629623213500
0.89665125859329120
-0.46251586976019438
1.00104222975621449
-0.39659413860051118
1.08221468089328710
-0.32139181431863340
1.14089357275883874
-0.25072945604624691
1.17287587223340362
-0.19756951807079465
1.17912692456321633
-0.15645215315973829
1.16782177099298901
-0.13316083091361874
1.14594663570297040
-0.93253636337380341
0.15727069736930713
-0.83909735649128681
0.15319310950133011
-0.70969812360151663
0.14303639399863938
-0.55571625232855970
0.13771723744033890
-0.38789422082150027
0.13868063101795503
-0.20675324454506208
0.15373009421333542
-0.01304850480428414
0.18333611098002703
0.18618669427088702
0.23079267403657566
0.37401610629278714
0.29525080684281263
0.54872021311796804
0.38207691264133592
0.70302693472940248
0.49097938628012922
0.82509790480206946
0.61987631093938500
0.91562415795528240
0.76164268283131265
0.96747600283454338
0.91029469890717507
0.97865076081682767
1.05412414790052122
0.94828237362299550
1.17904436195392237
0.87791778904403495
1.26480053914831081
0.77254313912767325
1.28321871357511141
0.65835080150596459
1.24044884774793873
0.55294571367612100
1.14972664733903218
0.45141065531997437
1.02927119165597158
0.34673145928952981
0.88955454483637941
0.23600291365852127
0.73880494134400798
0.11449061462830520
0.58915205330811926
-0.01412353182406735
0.44894586305742568
-0.14919638774518226
0.32584676066369073
-0.28786406745683851
0.22878091191858854
-0.41517338289584937
0.15616347802809405
-0.53134769150495387
0.12127878986138992
-0.61514337914444228
0.13777411693130426
-0.63914904949759310
0.21891432716941542
-0.63985236422273928
0.33059495749353868
-0.62678369686474744
0.45929159632216665
-0.60554182117632260
0.59411554858712490
-0.56129614522010285
0.72627064362077931
-0.49158057821526135
0.84774891487404858
-0.41095449902077802
0.95128517163653370
-0.31771333552410708
1.03266570321833906
-0.22245332747311977
1.09199467974611464
-0.12309784485383686
1.12670470311477788
-0.04445375980532819
1.12923656921978455
0.00359611616375555
1.10726607974332114
0.03901661968746149
1.07299873508500032
0.05646471007110455
1.03904514066085074
-0.92490148760687274
-0.00379052529791421
-0.83709880187836028
-0.00629299099864760
-0.71572959126808300
-0.01118963063292694
-0.57240174080628681
-0.00942808009839826
-0.41555980391162911
0.00239864540454782
-0.24678430177435581
0.02893037129680850
-0.06798511972451039
0.07186354170441189
0.11521011688733430
0.13206391136594511
0.28939720140454617
0.21334223137085409
0.44775171216143672
0.31703654307420914
0.58699152014530398
0.44461190649656562
0.70067036484264822
0.58859512896922650
0.78289399458749842
0.74369607089635226
0.83235732536998119
0.90256102614605449
0.84637801706278859
1.05676341651021377
0.82773312606111993
1.19472524544164238
0.77410814825622132
1.30327770143488619
0.68783193437218970
1.35597272914493194
0.58671177512536787
1.33456417010724215
0.49331378862495140
1.25391212434563926
0.40015416845901169
1.13998134770472492
0.30107918146309676
1.00662037598785137
0.19297270823338317
0.86037615329924244
0.07486440378771771
0.71470663090822684
-0.05221146256462002
0.57643948207238860
-0.18475629482105074
0.45420448209454656
-0.31827898837662300
0.35408777340761799
-0.44511093170110855
0.28063565216850428
-0.56130409643942747
0.24214660303401572
-0.65019654163376639
0.25117775204696280
-0.66636218611443876
0.32702000276424553
-0.65671323562217210
0.43313658185861353
-0.62679966809080923
0.55241123605169629
-0.56927543611241516
0.67204642605226927
-0.48389783848206203
0.78439161853368078
-0.38125288662242751
0.88583651822731002
-0.26845156898469630
0.97222528610963144
-0.15320928941011205
1.03376535233442723
-0.04267566498472427
1.06746529319300287
0.05775077753669182
1.07190389821917664
0.13736914901095718
1.04777390152706884
0.18892430926997208
1.00444143901825367
0.22358787543522443
0.95382554930729213
0.23971596572970791
0.91055263962219046
-0.90343573436410185
-0.16895443646133115
-0.82197049100924280
-0.16943377867500020
-0.71028697124311901
-0.16873489733283473
-0.57899021071444567
-0.16028809925693632
-0.43406720644162955
-0.13898608758445813
-0.28054467953768780
-0.10177528320926432
-0.11951248394549106
-0.04675449376513508
0.04627603738516102
0.02859169496331157
0.20489083424305538
0.12559188903758092
0.34580059368208599
0.24681654382382154
0.46757062998808613
0.38961968358504062
0.56777331988908430
0.54694794988720541
0.64116894160506077
0.71581460790939710
0.68481707989698781
0.88604555393443862
0.69968757783658997
1.05036729515549099
0.68770884121421383
1.19991755894155294
0.64685353213792540
1.32506248180622421
0.57952039358306773
1.40870210592877698
0.49107513059812036
1.41736990056434897
0.40746170043465180
1.35113074483400153
0.32316733746718324
1.24535739592844652
0.23043908709503005
1.11816948889593148
0.12743531435401420
0.97768590600576388
0.01349234340100663
0.83587793052227921
-0.10690511867755395
0.70139230364272220
-0.23110832271363810
0.58057297206852443
-0.35496524163332333
0.47835379864041105
-0.47414542366435247
0.40023634572601635
-0.58490421720225805
0.35663185469100306
-0.67330936564047728
0.35245350823402816
-0.67751861240941391
0.41657546994751410
-0.63650308975256531
0.50701337924171219
-0.56182671939329076
0.60369395338933352
-0.47056864274326177
0.70369514383985354
-0.36220802462485635
0.80174029103730338
-0.23991559190259124
0.88858306349364335
-0.11055990273596138
0.95662740398865109
0.01379304422895509
0.99529228810420289
0.13098456090187013
1.00186923291316066
0.23058525351445214
0.98021910312047467
0.30831067504774617
0.93292105166464800
0.36083908081604144
0.87268101519305741
0.39639894017322580
0.81049586653062222
0.41159888803570349
0.75949726669346329
-0.87122358970503944
-0.33481950378783393
-0.79527831832160700
-0.33284536254767350
-0.69144186162935650
-0.32767596047405084
-0.56991717266445807
-0.31244583575719043
-0.43870801179124075
-0.28318900668988861
-0.30209965183289700
-0.23597753503988869
-0.15915792330434014
-0.16937445063477616
-0.01437433212711616
-0.07876797553141256
0.12250682667639494
0.03355778731302873
0.24491873287143431
0.16948776782065045
0.34960998162189716
0.32501674859249269
0.43366877159573153
0.49560267230049376
0.49604825227372518
0.67670619440656810
0.53441586166829214
0.85908164862035374
0.54939417481238773
1.03394156947447113
0.54219428012241433
1.19434535812085563
0.51206848309808750
1.33462967460134130
0.46133997973609447
1.44155448627812222
0.38675608733617739
1.48550786009540792
0.30780256424891927
1.43961817899673550
0.23219738129659237
1.34342671757784982
0.14749228180957050
1.22375195020992500
0.05382131767546496
1.09070099999646586
-0.05344056154348018
0.95240017652097964
-0.16357774269883013
0.82065098305147499
-0.27493400697095516
0.70105986194852732
-0.38394486513995268
0.59673971837400808
-0.48690853354760327
0.51329116757054394
-0.57894506348261865
0.45945727484315546
-0.63943521253696167
0.43247564942537536
-0.60977920944002717
0.46542371198539001
-0.54151595259692609
0.52714912777232337
-0.44691961891658100
0.60495139933290198
-0.33958792797461140
0.69366882602040858
-0.22014250486246159
0.77846434589110713
-0.08976039026661307
0.84970361220647395
0.04518664256510506
0.89833378494730021
0.17234242428330088
0.91114655153293689
0.28963447096005956
0.89453996144046621
0.38804652518543314
0.85215112808327842
0.46324006422914654
0.78755184856160831
0.51487281283122854
0.71490082226045981
0.54669472021323862
0.64251596699453351
0.56069439864835424
0.58574106852436303
-0.83046981211926829
-0.49816654880626082
-0.75882503106146859
-0.49365464271684084
-0.66079104810504463
-0.48500757006021838
-0.54827726496131057
-0.46411865649316386
-0.42842700265829559
-0.42782603748544734
-0.30715545889705553
-0.37193517195104570
-0.18549432748586495
-0.29207681916941086
-0.06342561133019275
-0.18703721344092955
0.05111106426047223
-0.06187153436160621
0.14915037976548712
0.08600774663796626
0.23262755208960081
0.25438036724791541
0.30071574674227469
0.43737376426440161
0.35244673529301451
0.62856032040729459
0.38656844786051575
0.82122947067009122
0.40294025878863593
1.00587342918588019
0.40025934598812385
1.17786297261125461
0.37832033556846090
1.33041381123353153
0.33942083197890011
1.45530447824918596
0.28120300888257421
1.53199215590334248
0.20533241104088507
1.51740811219950267
0.13632801214612414
1.43283319279727195
0.06169558273779666
1.32100817383530100
-0.02165448334150106
1.19363542895326846
-0.11685514797183152
1.06105702331879392
-0.21291732998570001
0.93243053422508737
-0.30573350847006631
0.81190116566400317
-0.39251666346270131
0.70394145269099928
-0.46989187979818520
0.61221693734207616
-0.52581981539888123
0.53861824859708296
-0.55022815643996159
0.47550335725069109
-0.50236363177620280
0.46320718425154922
-0.42147859618030153
0.50021271418191826
-0.31819864152773325
0.56259130917136035
-0.20283274927453243
0.63830850562337749
-0.07816544518589408
0.70995463553344285
0.05436577239217481
0.76564752397774793
0.18844474564192892
0.79572580601056619
0.31302548790488571
0.78758249510759670
0.42730737763918730
0.75101152273212235
0.52222857519338761
0.69171002051427843
0.59237489405383137
0.61402442526408807
0.63926425648190932
0.53007948271200489
0.66772939154282052
0.45280403068875841
0.67947401175687583
0.39199915018190296
-0.78580512875824060
-0.65455660688215855
-0.71657589533723642
-0.64768508567308647
-0.62318742515322523
-0.63582651664951784
-0.51744562096492064
-0.60977388232827245
-0.40733345275674704
-0.56730780531589042
-0.29961731665634239
-0.50336733877794204
-0.19795766837366358
-0.41328669100896287
-0.10237999241165995
-0.29765914542497052
-0.01416507098634624
-0.15980516905104655
0.06274215552796231
-0.00099458338641349
0.12484379827675085
0.17799279394205966
0.17578598809994195
0.37128115404302581
0.21842047146587651
0.56974777901578944
0.24813037875574090
0.77056576721306880
0.26481379557176343
0.96567180476575498
0.26586735312779131
1.14908788455156352
0.25059068580204336
1.31426870144609431
0.22069377709237409
1.45481865295727930
0.17599797889363322
1.55844220201512673
0.10917862419459358
1.58483261543988574
0.04459904196260042
1.51592333251639122
-0.01909814454594308
1.41098582638888237
-0.08962996417262595
1.29043632466645275
-0.16457646087053560
1.16094120347867347
-0.23745163066590699
1.03199445060549322
-0.30230456863936939
0.90757716353127604
-0.35479277770983259
0.78822565537698208
-0.39486612455237385
0.67382424809996666
-0.42136963563685492
0.57242739503377993
-0.42425259498238715
0.48490854420922980
-0.37612498117280574
0.43606786411258386
-0.29141491470463204
0.44196140633735509
-0.18484644356144683
0.48581894282899202
-0.06599550076888391
0.54852724456301016
0.05980708853053213
0.60691956835425054
0.18870106559445107
0.64819949355564110
0.31705995713137025
0.65883941902517562
0.43294977153368985
0.63136389785646785
0.53822410847212299
0.57825475523849901
0.62425300308102905
0.50399874398681122
0.68565640622760959
0.41712670668281931
0.72578404323828927
0.32779540372626836
0.74965558554894429
0.24734621209006208
0.76005768614778102
0.18473851353270412
-0.73964715962989391
-0.80104290137454903
-0.67098037067490468
-0.79048756692951205
-0.58124439286047802
-0.77503773786143515
-0.48084017975691368
-0.74682696254982373
-0.37759837150934805
-0.69984330395100802
-0.28085149083053274
-0.62965309804641367
-0.19747256326252291
-0.53218999212739426
-0.12763586395018547
-0.40778608005121031
-0.06641022844394689
-0.26020911437028976
-0.01159039228827827
-0.09293150369698387
0.03243090487307575
0.09478641271837132
0.06821081828012866
0.29560663595042658
0.09892712268761115
0.50313469309507164
0.12377851252038213
0.71054232926191685
0.13909788215021757
0.91364990374448241
0.14403948368007707
1.10760419572136315
0.13464463924941500
1.28476794433714314
0.11137250457094934
1.43971954349832099
0.07986657517874991
1.56159450221388529
0.03082280222340775
1.63224819314671410
-0.03003413730441621
1.59246306032566687
-0.07607216081183016
1.49725533527374499
-0.12283628423045065
1.38217332914242319
-0.16568991345920606
1.25226535846683440
-0.20374525288922016
1.11207539153374491
-0.23421216970337194
0.96689570403901481
-0.25810782223066409
0.82422059935280401
-0.27767964344218127
0.69163090978196873
-0.28627794253816852
0.57368762351876468
-0.27726347953812558
0.47079462482295109
-0.23262015311457021
0.39537359225301927
-0.15224097064849559
0.36802365319964636
-0.04811940194090775
0.38576652361197600
0.07048118417224629
0.43289117148984863
0.19275961756699095
0.47871858426175085
0.31422100879958903
0.50453519728038165
0.43212491779760165
0.49889296985780696
0.53544636083123165
0.45523415675107209
0.62407629148419397
0.38661462956733866
0.69283614346858935
0.30112545903841437
0.74166884477491324
0.20761827203586752
0.77344008759879035
0.11434015391616686
0.79307964687439536
0.03190742593388891
0.80088813136932591
-0.03187678753108382
-0.69838761844713682
-0.93216465755498523
-0.62796949691417914
-0.91926793983249000
-0.53804239995295478
-0.90127902841483176
-0.43985180998454027
-0.87090924184390817
-0.34218959121650605
-0.82237617116063078
-0.25408386142132028
-0.74829201052672256
-0.18387332445275736
-0.64537406450408763
-0.13494615245204006
-0.51523430371660683
-0.09786353437331098
-0.36113173475356430
-0.06436653644512767
-0.18716259968357141
-0.03615829891854071
0.00561232503284144
-0.01469561347159668
0.21266507491545006
0.00632075459314643
0.42498045617605629
0.02393693416240399
0.63920371597739389
0.03561690314274678
0.85100552019261744
0.04053131366676477
1.05395140257933262
0.03811811182715566
1.24218002785546688
0.02443522760368118
1.40930072568064668
0.00282605444580018
1.54895409027827613
-0.02248267272527200
1.64809319909312424
-0.05379835245444389
1.65684745389492472
-0.06613504517456199
1.56903939414590865
-0.07858428155670311
1.44847023036397404
-0.09089121740311956
1.30512538122670807
-0.10421574884701874
1.14570135301537324
-0.11902113495220645
0.98489988369632930
-0.12793843443344577
0.82876111364257687
-0.13314883893690924
0.68352649546535948
-0.13119271965861895
0.55364781734616120
-0.11453353699149567
0.43871085786994668
-0.07325539232317360
0.34427839176080499
-0.00151099378381820
0.28650381582091611
0.09459383600264774
0.27277987173642126
0.20603266911851376
0.30026833661059665
0.31887033569193268
0.33097104453581028
0.42854235111857486
0.34478247339587698
0.53221832311494632
0.32571974457808056
0.61790150612752137
0.26850626424876040
0.68495688546113120
0.18728910827712178
0.73614076119238503
0.09327022588571091
0.76967782308380917
-0.00645941722856604
0.79152181161978363
-0.10328595753186615
0.80571798220633128
-0.18659526561214002
0.80786867325663270
-0.25307415463840632
-0.66347138831052133
-1.04205190331133624
-0.59295414297138094
-1.02796914820824004
-0.50368252201995123
-1.01014034029258748
-0.40398085283611790
-0.98099395115148680
-0.30651259475578158
-0.93216065697390171
-0.22380265142937897
-0.85616570474241860
-0.16046709476714455
-0.75016272422668973
-0.12308246530373855
-0.61698153381617871
-0.10269586695103147
-0.45965518156832696
-0.08586018856631455
-0.28139432964029415
-0.07221908652810445
-0.08586804094982704
-0.06080945169492628
0.12281667158426191
-0.04687618807332796
0.33819400675682865
-0.03288791313492669
0.55712630235697025
-0.02344669653504220
0.77426409472192159
-0.01629980928841348
0.98191720894199674
-0.01030331045547929
1.17660128833692879
-0.01112163562688751
1.35047938883117635
-0.01034106301313979
1.49778326013901864
-0.00197205055357906
1.61131845270694596
0.01431644942840053
1.66466073430868744
0.02278146550248576
1.58192702562985898
0.02604007054212875
1.46002718934694942
0.02745399679985508
1.31296045729691646
0.02739691158497145
1.14856514374799445
0.02449711983011517
0.98073098562651595
0.02537495569435102
0.81611961092410612
0.02987387498885761
0.65989283193047987
0.04041525610673739
0.52153886493245738
0.06079863571566058
0.39484978130019427
0.10088294960072600
0.28697623126135818
0.16017407436998277
0.20396894596393431
0.23886211787413136
0.15744623591974380
0.33442863540459972
0.15633703454289752
0.43363344068080323
0.17328407840558754
0.52881277025660045
0.17430282303440300
0.61360483620553452
0.14439183689902194
0.67927239160084585
0.07682139342098687
0.72417196305657605
-0.01405562621925706
0.75597428820984713
-0.11591873147552066
0.77286778509435305
-0.22029709072348214
0.78416401424753079
-0.31899435634224271
0.78949669805840272
-0.40183315731171987
0.78807466892909206
-0.46611648329858868
-0.59488020786401508
-1.09263061355560875
-0.52271387500693500
-1.07691110859690187
-0.44253181019716692
-1.06867808533036857
-0.36368383423932377
-1.05949402149888083
-0.28030594856759711
-1.02327649081591243
-0.19797674014254377
-0.94990074380803646
-0.13532869748750914
-0.84345652728867149
-0.09918129932047515
-0.70948163176505186
-0.08238543000883147
-0.55070013776744786
-0.07142248046644678
-0.37080462316817642
-0.05959375026655180
-0.17389934122871734
-0.04834448509762340
0.03353011895780779
-0.03398128388110980
0.25024736639909811
-0.01772236041722227
0.47184103701271485
-0.00288246411447359
0.69159720660840862
0.00981941604407879
0.90372724242871150
0.01923598694808363
1.10323311088855958
0.02899886078142368
1.28515894439138045
0.04601149227980592
1.44272702600751979
0.07198788222466926
1.56997805451176919
0.10962365890337496
1.63902634154034876
0.13856724964029438
1.56853572892909643
0.15540635619393903
1.44996354272248085
0.16845980742890174
1.30197598672459169
0.17798835141723929
1.13556668631883562
0.18575117266983307
0.96441940480592570
0.19524342181196300
0.79408462721601403
0.20603687314976671
0.62951343730620457
0.22261275467591590
0.48089426096386961
0.24562552321378966
0.34661331655588401
0.28051664572948293
0.22561241768155885
0.32698108630833583
0.12320453299567607
0.38582931032426321
0.05035252804016984
0.45749656673819333
0.01458123703274231
0.53808708796914140
0.00876383792189961
0.61528050434579518
-0.00272372538336262
0.67947540434910592
-0.04122786249865603
0.72067195185054878
-0.11666213338712271
0.74289310848394485
-0.21367343818823700
0.75608953210542684
-0.31932439619753000
0.75350099342402288
-0.42375529886121915
0.75388954203290170
-0.51959128017890388
0.75078577068652363
-0.60023755715769389
0.74440597393838681
-0.66241741028623435
-0.55754386687153501
-1.06253295723244601
-0.48332154575683151
-1.04608111778252089
-0.39622731218543644
-1.04569680198903225
-0.31129499205789690
-1.05935345183968099
-0.24070458439847209
-1.07002615147455615
-0.17719638270501092
-1.01969235047043072
-0.11224454444124259
-0.91930554928797703
-0.06828659225945952
-0.78535983886585981
-0.04128907879816452
-0.62565532522326495
-0.02276517565594173
-0.44443817125526669
-0.00255505467019886
-0.24705080994836137
0.01910563758705845
-0.03734956991745930
0.04113696277584664
0.18200533053958060
0.06234882036071132
0.40762142339983448
0.08294039149538079
0.63167629871892261
0.09919500663982643
0.84920383502419960
0.10743636982636950
1.05301526768819342
0.12187263935010410
1.24188259844041493
0.14643402799117830
1.40697057901949751
0.18170040666235698
1.54042195801726445
0.23175975894627809
1.61920836935163703
0.27455917129682356
1.55825333074926031
0.30211730887131150
1.44219440054325654
0.32440976554064210
1.29452506553986768
0.34290611914639446
1.12843979026674934
0.35871978048740671
0.95081044783397672
0.37454062099166108
0.77315203024206935
0.39012567048062929
0.60135574362939093
0.41055027535461264
0.44315322610758207
0.43408632566596272
0.29797613511033000
0.46271222311462712
0.16597410143493796
0.49669519843254090
0.04926426051887427
0.53715568950512804
-0.04672721822509437
0.58396472528071075
-0.11455859254796566
0.63585516466068337
-0.15574492563007589
0.69112346567353067
-0.18476183644889893
0.72982398328225173
-0.22981348701842108
0.74486642783247847
-0.30843040634903646
0.74025485382954714
-0.40592893785628315
0.73126317961071929
-0.50768900693380092
0.71628591448321688
-0.60564188003374153
0.70385528135053821
-0.69600066688931139
0.69122749217618751
-0.77367521031020836
0.67844116441254421
-0.83335608619665025
-0.57103560450973434
-0.98830761530576972
-0.49319831770144096
-0.97193437712900310
-0.39886140784622615
-0.97635810642207643
-0.30322118410680116
-0.99986882672564181
-0.21710846004667594
-1.03154313980363388
-0.14476704481976099
-1.04038318821952225
-0.07920910133550164
-0.95988609974709915
-0.02112632554639286
-0.83106520870403189
0.02116865983918012
-0.67260607645370074
0.05211637233679958
-0.49162680917371421
0.08163529889812508
-0.29395258104087635
0.11447785108183443
-0.08416455505263452
0.14684940027363810
0.13615546887254856
0.17630964639260274
0.36452539704038400
0.20284339414546956
0.59410852922358559
0.22441210862417843
0.81826332850733607
0.23769505391251899
1.03030853864042649
0.25087455092718580
1.22274810227045250
0.27594907556738346
1.39151375811543532
0.31616793176471503
1.52694899136598661
0.37508637478292833
1.60716451929619897
0.42731528381466571
1.55219245769149472
0.46264545986161015
1.43621312691443159
0.49083417972309007
1.28917412741828064
0.51618927733160358
1.12195238990617474
0.53784642684208372
0.94159984366314220
0.55835372711852316
0.75736347786013491
0.57867045967160669
0.57797965153781750
0.59923463120424392
0.40944453782782275
0.62132491885256724
0.25473914329316050
0.64293660063361457
0.11163040707220032
0.66677642483158350
-0.01898750143816340
0.69134094516329059
-0.13554913325931883
0.71408633184702697
-0.23115575056321122
0.73626969901102468
-0.30318553023835504
0.76015025246771439
-0.36035966745188008
0.76713022838369493
-0.41689734025358349
0.75219578783117513
-0.49254412777339540
0.72526835214214824
-0.58001553844707887
0.69401459549086708
-0.66926226550912671
0.66104688360310926
-0.75622283117316402
0.63114924001048767
-0.83968325046479930
0.60382360252864409
-0.91065940661102551
0.58278403361013276
-0.96560782185305116
-0.60672284141401045
-0.90415855818219892
-0.52553836339763071
-0.88946866184610895
-0.42443907061378705
-0.89823605011547125
-0.32000108586611925
-0.92673465808412259
-0.21931147677776600
-0.96535323464887390
-0.12756847518631259
-0.99221429469879285
-0.04135708366757980
-0.94783732674958354
0.03434639968884412
-0.83579219884624811
0.09365210299234154
-0.68540639398157910
0.14006781111709454
-0.51021086727646581
0.18119917587182530
-0.31653825853488671
0.22556985095885301
-0.10766918161232236
0.26937835657591941
0.11176600167046542
0.30892619560982493
0.34108439047204298
0.34173033768375288
0.57241071283986411
0.36724504181412737
0.79966107792889352
0.38422243138070683
1.01539948140851055
0.39900592879013919
1.21249777160132011
0.42309735789614744
1.38399067945670917
0.46561177988599922
1.52052851055896521
0.53157998821151431
1.60000311473133427
0.59174460499172354
1.55001915832481085
0.63216023422759759
1.43495260467860364
0.66524698431909179
1.28626764391252535
0.69472933733308684
1.11694005613912517
0.71938336598381247
0.93386050263916021
0.74343696614811428
0.74564848244556070
0.76470163308070749
0.56009530914965233
0.78507216629671828
0.38258594576568472
0.80314267940269035
0.21667944239215053
0.81947472505384378
0.06243821978935882
0.83423667522410272
-0.08290197128329747
0.84568974275528253
-0.21617861285042331
0.84583482343720529
-0.33240128658124030
0.83945649063022820
-0.42941852753445142
0.82627602121942312
-0.50847860939385625
0.79660512239741388
-0.57795657744172602
0.75107739877146218
-0.64620825210914834
0.69618002763640963
-0.71880818461779694
0.63800190923478961
-0.79263373124298198
0.58300194356491530
-0.86516466071927334
0.53028012218517007
-0.93248204181704553
0.48682060408538780
-0.99392300681893730
0.45808906659728188
-1.04478006489723962
-0.65597439271726998
-0.81849381233255281
-0.57188791424124952
-0.80754883867817073
-0.46431111959502203
-0.81883438929943464
-0.34993735917275581
-0.85195573192319141
-0.23617778151221799
-0.89372884408189457
-0.12679570230817425
-0.92520861333093563
-0.01851925389671985
-0.90208776693376980
0.08249965751873999
-0.81003890387689148
0.16592414888554105
-0.67225214883211926
0.23154098288596370
-0.50399047147708231
0.28755840711834868
-0.31660646211809490
0.34453987545127729
-0.11281094166629056
0.40097774837318056
0.10293301633852586
0.45189001042865568
0.32840455101970428
0.49178077644695267
0.55814601391820828
0.52141785658600748
0.78676692945312188
0.53950176448635379
1.00519761148973918
0.55674795037182123
1.20529068945188356
0.58133675181597100
1.37861899426274293
0.62478410413225727
1.51526594248588298
0.69620125246635556
1.59264148910803427
0.76216009518245953
1.54805059347146745
0.80789360519129483
1.43493832964986767
0.84433639887493583
1.28561111148629448
0.87593355789246496
1.11373545020136011
0.90201483571454777
0.92731852769380207
0.92540932495389439
0.73558487840833320
0.94492625746517056
0.54495780959594387
0.96220792902298724
0.36203651818542454
0.97516682863284720
0.18702881648807090
0.98454119751846103
0.02061384730677424
0.98922116445456632
-0.13912965331738428
0.98424406842500367
-0.28582144568612328
0.96366147124633328
-0.41677185595902799
0.92984227804708963
-0.53069371742670446
0.88120233114277857
-0.62570780769801415
0.81655725690481773
-0.70058611778220314
0.73538326779032381
-0.75732227001390895
0.64786905411459406
-0.81177880390649493
0.56258786653390669
-0.86882800666974502
0.48427126000613524
-0.92425444379180577
0.41430196877235809
-0.97892538412336150
0.35748521402330863
-1.03084924953391277
0.32095359964329134
-1.07618473169157602
-0.71473526321393255
-0.73676958536037007
-0.62687485971415147
-0.72928204831998877
-0.51410661356743148
-0.74629093238624777
-0.39133565961528610
-0.78321329937784601
-0.26613164527831695
-0.82794315114782957
-0.13672785789976408
-0.85798178153720628
-0.00273702405687850
-0.84189796231765135
0.12206654926847346
-0.76684550560144804
0.23067808280352534
-0.64311857015149987
0.32023791589117595
-0.48449131672315771
0.39654017293399946
-0.30361855609659283
0.46718659185686123
-0.10672610780485413
0.53676753867501104
0.10322155180440790
0.59854798033885759
0.32318681956353978
0.64781655711668895
0.54998927983658652
0.68098405428041886
0.77692286777311825
0.70275967262976202
0.99576399740027322
0.72330803559938517
1.19705285969256980
0.74905154697898824
1.37304245603725428
0.79245113362416353
1.50998444660170339
0.86699404392684432
1.58602581780882423
0.93847511050847110
1.54703245738663653
0.98740825420346423
1.43472381466382282
1.02348206997994717
1.28622690901346859
1.05547738233597044
1.11408898124596378
1.08096424082606424
0.92644880498921500
1.10189711250408195
0.73225107042414994
1.11697302007329347
0.53780077542823057
1.12805942035742279
0.34912768050477333
1.13566728407888040
0.16742669219356662
1.13705620062519674
-0.00742077407792279
1.13091776043216408
-0.17573535412817012
1.11010035525683004
-0.33241229593925986
1.06883414912198171
-0.47492338071426388
1.00574770760105658
-0.59966112428346652
0.92139937814757789
-0.70247809048934129
0.81764782213881626
-0.77380317000991938
0.70011608795279501
-0.81319124306710511
0.58544097842568488
-0.84877876668191288
0.47949313820346368
-0.89048719225494510
0.38320341528536334
-0.93307269705076301
0.29824212867272160
-0.97577081667882648
0.22948447145642137
-1.01875167343424455
0.18593380948016117
-1.06030708797630524
-0.78028161159607023
-0.66702871473681258
-0.68953514753535272
-0.66580938640140264
-0.57265447719888085
-0.69059835670156267
-0.43916912140759390
-0.72582033951782554
-0.29546751783288183
-0.76067195706473756
-0.14587368175024062
-0.78405777078272709
0.00601320076281205
-0.77595608511741565
0.15477571892018019
-0.71377473673943292
0.28770393345477113
-0.60451862890011054
0.40344569096727839
-0.45631039564046355
0.50209330111562911
-0.28455327926052382
0.59004675189604405
-0.09409427686768478
0.67305863034884383
0.10777003465702993
0.74610409795126931
0.32073590764262233
0.80339619984559485
0.54171125367599304
0.84421302276435495
0.76403725087721341
0.87327539596490467
0.98133458028756437
0.89976378561792825
1.18430462957056726
0.92721479941590723
1.36159979656163066
0.97024701354413811
1.50056166078878772
1.04257849058921837
1.58093539825118179
1.11436170615225416
1.54937178024699174
1.16221008558568650
1.43837449209505652
1.19899889816325933
1.29113678610956484
1.22978288985607853
1.12072980947815060
1.25226947078086615
0.93350924681639991
1.26917188064467990
0.73871910034920729
1.27758281898695891
0.54311658270514851
1.28174976000778451
0.35041120416414534
1.28187220655756495
0.16385158154308407
1.27518095637181639
-0.01521002050576369
1.25994487787593434
-0.18640687790093668
1.22495317151471417
-0.34597749499095959
1.16375898880296602
-0.48849179677526117
1.07355661280546810
-0.60571147426269267
0.95213775163339720
-0.68766602325867443
0.80784390550139251
-0.73608709876999023
0.66632277261309325
-0.77505323602317122
0.53320224905815983
-0.81132259875690349
0.40993776934738607
-0.84684260189272698
0.29743338783604600
-0.88226113389469174
0.19869145677661096
-0.91987570713681543
0.11941689747253009
-0.96118181190355811
0.06979746103587484
-1.00376666612667620
-0.84501113621736312
-0.60744179936463261
-0.75097566339605848
-0.60900917182508241
-0.62472901771256473
-0.62895136580157252
-0.47756795756913922
-0.65862782653588181
-0.31911940461303090
-0.69004379451619491
-0.15268084258983861
-0.70975976476322744
0.01779497501413940
-0.70369000841195650
0.18387268266274881
-0.65588038544809402
0.33873569472430487
-0.56362677406582529
0.47885787747749081
-0.42865144921259829
0.60089436681219921
-0.26514405940123609
0.70819430689652341
-0.08291551813608150
0.80503731125907063
0.11030418140540370
0.88749327602310646
0.31452798031332985
0.95517294353091686
0.52800196698347568
1.00659620495711088
0.74559557592908765
1.04735126156934233
0.96023013577770733
1.08055823994654543
1.16221490920535686
1.11036027662966963
1.33948840313980555
1.15202120692999443
1.48250205748291708
1.21679010021546175
1.57050566312244544
1.28622971400047237
1.55212033444089714
1.32954096645372211
1.44465664140470862
1.36448267693519210
1.29975979383280493
1.39283188687557491
1.13393731432233857
1.41308154624397742
0.95100507975252224
1.42352982765614700
0.75885162774143633
1.42498900727215916
0.56321021778378666
1.41981446178357462
0.37037582980726974
1.41137515937841340
0.18375166037901333
1.39697962360406236
0.00528172561046285
1.37158776240082414
-0.16355735661352638
1.32175565531231087
-0.31766482081607633
1.23700231758792434
-0.44733348929237726
1.11444365544920010
-0.54390577306342880
0.96031042194859884
-0.60407366817392094
0.80160407286133728
-0.64344203483899498
0.64850182427040570
-0.68051919673784922
0.50307079263748911
-0.71501583394640345
0.36662887304517505
-0.74984387949518749
0.24145441003888948
-0.78626550343293133
0.13047249986575118
-0.82425369293233430
0.04036973546660216
-0.86599523911708609
-0.01757548127392183
-0.90895898262339725
-0.89707055747241526
-0.53803692456717955
-0.79945244626820811
-0.54149241343352572
-0.66629365052453304
-0.56138874221679103
-0.51036746442744785
-0.59039468736060363
-0.34002097911572837
-0.62000645253558784
-0.16036191472384584
-0.64094206926100306
0.02474420322731076
-0.63954132956125376
0.20733306221070372
-0.60501044059413323
0.38258655792570129
-0.52773924626394797
0.54427102272740113
-0.40534213779955919
0.69093629465986905
-0.25177865380638847
0.81702125155572747
-0.07866065359877895
0.92583823861561421
0.10548754962331995
1.01956434462760548
0.30134862223468489
1.09916657591877431
0.50726449888565672
1.16519819184270146
0.71826101074879067
1.21755689316386428
0.92825884429611005
1.25953305211956978
1.12785674956722781
1.29258065036332703
1.30630418315585284
1.33116222607950552
1.45490025677495671
1.38481720364704608
1.55212611143999601
1.44845355426307143
1.55317978436343940
1.48468935468149610
1.45465824199708305
1.51652405435203752
1.31526748503724522
1.53951676748724542
1.15466598520329566
1.55505237826784892
0.97761339311162587
1.55987931109201172
0.79063614220366929
1.55267251849006160
0.59947878422630230
1.53644170539817226
0.41009260676393872
1.51590502807916172
0.22784005502425619
1.49261981404097299
0.05292432860832081
1.45814481785528494
-0.10951921558076899
1.39392263739470934
-0.25455260290668141
1.29089027068740214
-0.37130352750356699
1.15341765415206932
-0.45383970742906204
0.99060783428737320
-0.50276521484016146
0.81871590463976707
-0.53110400303200822
0.65379779151572415
-0.56295163468526332
0.49835209300234601
-0.59565676314301352
0.35276062127918706
-0.63123941570102371
0.21780374910703879
-0.66835556566854670
0.09659377401151441
-0.70632706457997851
-0.00235635814280908
-0.74713720693394736
-0.06722005199156640
-0.79043844903051241
-0.93484841622337800
-0.45781808484816544
-0.83614526359697428
-0.46581208635884991
-0.70002503859872378
-0.49071701630992703
-0.53816330327660933
-0.52327244699392217
-0.36030721066506521
-0.55602150847791565
-0.17137768883768814
-0.57985806844596632
0.02504196579808026
-0.58516180317432287
0.22214676049261373
-0.56148707284174515
0.41410879288775848
-0.49867019003860680
0.59685370069900223
-0.39115278276646864
0.76516007086331461
-0.24960233458950201
0.90820115506303156
-0.08568944569263448
1.03079918675005522
0.09222018231270168
1.13768588208682764
0.28157444016870248
1.23055811166835216
0.48043569052897372
1.31115486665441749
0.68516035812998644
1.37701488263568028
0.88931741176487722
1.42768831367358273
1.08472195809071192
1.46527729661216743
1.26319403541657915
1.49907592248994836
1.41586903908773154
1.54028871372084630
1.52349619016536186
1.59529749971276846
1.55092804897987313
1.62325944236424258
1.46338415013666978
1.64788071111497758
1.33380175916229038
1.66397350784857534
1.18044662478446782
1.67271637037163035
1.01257897504947958
1.66794147075772425
0.83520169454329152
1.64922494210579895
0.65288343060262866
1.61659557482582650
0.47197055038729174
1.57999651192451496
0.29862515466048717
1.54665901257590277
0.13195563599918547
1.51185557428351824
-0.02525640944222992
1.44773377784891166
-0.16516636548677191
1.34292941149018974
-0.27582503798517682
1.20220289119575341
-0.35064280476481741
1.03682217566914558
-0.39087328225902701
0.86157565701491812
-0.41265816946815187
0.68886139737179053
-0.44050899780426872
0.52578014718354782
-0.47245654462923109
0.37212089197714232
-0.50776075010429755
0.22935153963315635
-0.54465499740991297
0.10043078664454340
-0.58136749442289493
-0.00655004675994948
-0.62071681842842330
-0.07693518052314009
-0.66326971516278466
-0.95544674491377746
-0.36652266257071520
-0.85679130190871355
-0.38058913262597727
-0.72096484586462584
-0.41313297887276790
-0.55996567122996210
-0.45353407215100644
-0.37895897492965236
-0.49351640588814938
-0.18518704887323278
-0.52296072651633685
0.01864455292453618
-0.53296747958106094
0.22671119790599481
-0.51462528484737313
0.43431987460175980
-0.46226938690639902
0.63310559318941162
-0.37397790477182757
0.81882692305412241
-0.25045068040210344
0.97880408668369467
-0.09603284635980243
1.11641202432009901
0.07620981503539213
1.23824211056555633
0.26067236552701190
1.34559768494219845
0.45427266205048117
1.43941164008699340
0.65333563998407684
1.51635821535616322
0.85106026832549631
1.57702467726282358
1.04035448107118977
1.61988906092421892
1.21539336879120397
1.64812023366493632
1.36884457189359865
1.67741089681175359
1.48607677054057108
1.71965718490866437
1.54136826384991310
1.73918765151560950
1.47132000327289436
1.75126357289947499
1.35462901076881415
1.75562340623497670
1.21383376334666093
1.74958680818841650
1.05885586146972877
1.72885891673869541
0.89467546356954852
1.69322244473913797
0.72617978023981600
1.64847999395957534
0.55561902023609588
1.60712164376781885
0.38877068425760225
1.57572561792924715
0.22777589957097866
1.55275029643043339
0.07460691013138498
1.49947216758641932
-0.06387151039553948
1.39824474756455785
-0.17092908283836547
1.25830623800178198
-0.23958617427709009
1.09468153544239977
-0.27477156431238048
0.92074945089630178
-0.29376750131943141
0.74552164878265048
-0.31882497399080595
0.57789417443145752
-0.34969526795885081
0.41887623545352587
-0.38489027185895214
0.27021207820470572
-0.42198395742459405
0.13563755522788257
-0.45910608260082725
0.02348301241089577
-0.49788784057228136
-0.05084196016935374
-0.53899668552756652
-0.95750906902346722
-0.26572036123442383
-0.86047171729292860
-0.28551858113277229
-0.72762981057677012
-0.32546707171331540
-0.56934441684608783
-0.37495358088383401
-0.39269192120129831
-0.42356855688397055
-0.20273559880073144
-0.45969450760535580
0.00163593914615861
-0.47163936259007139
0.21449688225361768
-0.45588458685606043
0.43012856875958655
-0.41112323723452959
0.64296123457292109
-0.33530050810072953
0.84659370222045216
-0.23050103860350563
1.02546385163110831
-0.09241559449849938
1.18097568365290950
0.06954312768317475
1.31774469098228808
0.24631302471168198
1.43850618976626388
0.43397687910478316
1.54448513997098402
0.62576037577053278
1.63423596584201647
0.81577644545453332
1.70204301787464707
0.99844913448691608
1.74713432593881768
1.16810825303754995
1.77064916742156764
1.31945194563783441
1.78712240073385820
1.44025370706741618
1.81292570110899209
1.51749577977939509
1.82406179620648490
1.47807303442392879
1.80966305195673671
1.38170716587053843
1.77919083080088769
1.26082624506313334
1.74571346994831900
1.12102631564719846
1.71408047260672136
0.96820633332121642
1.67951577767237059
0.80797843999936325
1.64408771624620353
0.64490036261061046
1.61732162228273690
0.48531046781131298
1.60006853752589362
0.32984935556614525
1.59119319499322032
0.17964234827884337
1.55491771538484480
0.04115626329899601
1.46051036064877726
-0.06453923394301853
1.32448297336678644
-0.12935059715353803
1.16528548427515721
-0.16165660590726164
0.99533492063086626
-0.17969112398485998
0.82247642669155208
-0.20193335992535488
0.65128003376464150
-0.23284988384062164
0.48822803066002624
-0.26942146084472696
0.33639866918793021
-0.30867023869122234
0.19830545939575547
-0.34705965583986209
0.08473328034649485
-0.38729978221699030
0.00887949818150639
-0.42851681726704705
-0.94033806093233308
-0.15327096268510831
-0.84591836114340357
-0.17891209225414023
-0.71850395172504233
-0.22730075246208842
-0.56869358046938734
-0.28393754680207672
-0.39994897684535025
-0.33882375747183829
-0.21293544232412892
-0.37651099591705917
-0.01000137633543777
-0.39057444964246735
0.20186744933471354
-0.37998367301231573
0.41826787629309437
-0.34154973664315519
0.63517841903015682
-0.27578127924347728
0.84815339363075226
-0.18107301869313494
1.04287930312548927
-0.06036875339863691
1.21528538510149464
0.08549094511451834
1.36897817946965961
0.24713958677766340
1.50458132359547458
0.42216319787443307
1.62290902990747155
0.60344024135170315
1.71966842331405245
0.78482313525243863
1.79108691786109375
0.95893892488643595
1.83677482532949332
1.12113265502939963
1.85289358442260621
1.26480404489405052
1.85617359744991606
1.38268469909141745
1.85188259890114448
1.46385460714523141
1.80532087077211711
1.46749989152784655
1.75698828246917160
1.40156953002151030
1.71474047527936713
1.29773385942758801
1.68128583840197643
1.17256275792657361
1.65575815667198212
1.03409833751482449
1.63877546005480590
0.88504951514659624
1.62667592370878777
0.73191890604130394
1.62441805116654958
0.57850896161283938
1.63170049484133517
0.42831865006021774
1.63601826246239246
0.28255367031719292
1.61382625387185574
0.14509564981891099
1.53006392180050343
0.03682519964668556
1.39947908500381524
-0.02635235414807938
1.24669394717672133
-0.05893741328956857
1.08318924559579832
-0.07782205179492120
0.91354898755643643
-0.09907515531522612
0.74358326270761588
-0.13021481239240199
0.58007635453187845
-0.17189647997715921
0.42903122159708801
-0.21692006442582387
0.29264596489141104
-0.26139280337363308
0.18106758970580306
-0.30739006324565932
0.11013371834413162
-0.35653513975510570
-0.90356951776862704
-0.03082826690017134
-0.81322617164902755
-0.06096180563439037
-0.69432701722713763
-0.11505074437536492
-0.55351206467520742
-0.17750486273042143
-0.39487249326865131
-0.23575758181249837
-0.21477107473610924
-0.27644255864111833
-0.01868185977686950
-0.29526656219340103
0.18599836228889671
-0.28862065078734372
0.39531608400187085
-0.26035927061209718
0.60662350029087686
-0.20779613933301924
0.81303103480207528
-0.12693772280325710
1.00384282244702350
-0.01871530346064934
1.17568958769903031
0.11515529335110308
1.33162523602644178
0.26483419292881311
1.47376989725226193
0.42459884499918688
1.60305906100912443
0.58969510792987623
1.71578309981878707
0.75576451768550434
1.80130518878037127
0.91783189327101911
1.85498779238705636
1.07229921799158157
1.87205462174225090
1.21210533731779724
1.84814420875402119
1.32726877890015738
1.79690822248743443
1.41250411536076714
1.71536447960110405
1.43670904341779737
1.65221260709818041
1.40205619874490339
1.61380867770895176
1.31679688697171637
1.58180026034494481
1.20714059529382101
1.56598260461043393
1.08136638062864088
1.57455489352538214
0.94635097040161242
1.60018047015798026
0.80610709726209617
1.63047112227599911
0.66268488729609143
1.66171029304872775
0.51712136847668300
1.68403617559767915
0.37521138838338902
1.67539468192843266
0.23932568900075654
1.60667607537691182
0.12724381539655447
1.48636981571029514
0.06060649713601816
1.34314916649029281
0.02203225820073313
1.18728167633769899
-0.00273433725389938
1.02470904716481770
-0.02750055203692092
0.86018068289511851
-0.06320732502772676
0.69907617840851388
-0.11306003302949356
0.55093059475718997
-0.17281202894013073
0.42101633819767653
-0.23346147606193507
0.31537163311058963
-0.29230511520312669
0.24786281757231435
-0.34900152824833652
-0.85342831695720622
0.09758694354540835
-0.76523058862653892
0.06575324983755705
-0.65132449015468707
0.01018960256770236
-0.52180948186383058
-0.05570874303053012
-0.37516113121808736
-0.11700914812860631
-0.20726548614051638
-0.16170827289266171
-0.02234062816672366
-0.18692486198101829
0.17079993404897348
-0.18870349016118662
0.36879341534102161
-0.16860258736686423
0.56754514928928390
-0.12543321617937359
0.76216775123598879
-0.05399081064872197
0.94298484560133167
0.04427386287811685
1.10666001996125041
0.16686207730594738
1.25659910957452414
0.30519898369943449
1.39413980693027639
0.45364471293851566
1.51923464768030425
0.60908548927513551
1.63077907091338536
0.76691290802791201
1.71840192296392380
0.92084993714998697
1.77494253321526396
1.06558355914359737
1.79110652520080760
1.19628903768945150
1.76573575717272835
1.30865145510644298
1.70207593300432047
1.38910088854543834
1.61150622438477686
1.41473177552701057
1.53220647800310172
1.39178243026309478
1.49307808541526144
1.32132132665351754
1.46348120030712781
1.22197212912588649
1.45431665148588740
1.10583017720686527
1.48008299785503783
0.98019420970356697
1.53552931747432297
0.85241466424771350
1.60369032081233609
0.72321013541718870
1.67357661043648709
0.59008075719851449
1.72388275807816549
0.45299543147081794
1.73583125983365916
0.31688828336448116
1.68622989064421125
0.19940101804374535
1.58371571596741934
0.11839560101217413
1.45219344597083388
0.06818362443351100
1.30559735386056852
0.03133434073196621
1.15046311728630601
-0.00447477812151908
0.99211652623289170
-0.04927365727132448
0.83705437285842266
-0.10549775876912573
0.69096432136642183
-0.17464323357477995
0.56336183887225533
-0.24809023105985600
0.46160312748335808
-0.31851491821637418
0.39723110564355224
-0.38358136645094587
-0.78981785848997577
0.23161108209202147
-0.70205532953163907
0.19709419249068102
-0.59231038394822189
0.14262888346957184
-0.47255759427814187
0.07759342154518385
-0.34086678822559047
0.01444541799651121
-0.18939982193683860
-0.03455274589554673
-0.01988942492802435
-0.06559718316179952
0.16014445784772741
-0.07623307143700707
0.34368254578575214
-0.06335654863270992
0.52702486535725868
-0.02600523982686449
0.70537246537200649
0.04001272090493475
0.87258481018970813
0.13269976186548724
1.02464327228560137
0.24591508633813144
1.16437290298219964
0.37307194863415688
1.29408688842228647
0.50965597068487367
1.41300433884240140
0.65484550417869869
1.51974816587908323
0.80292219499242534
1.60689199073975408
0.95073523324255405
1.66514738609349422
1.08960678747051842
1.68440255331912958
1.21518935262303529
1.65786549875497236
1.31919462162970103
1.58704160988541210
1.38589841168074157
1.49043002589737728
1.39584748671165859
1.40519366167823367
1.37587953525440865
1.36357917765418435
1.31580163176580767
1.33657689713947780
1.22125190848123122
1.33079318227152688
1.10843077403344048
1.36893767914539444
0.98821035254534006
1.44247032246772133
0.86810443171619867
1.53074246271673697
0.74890179354805042
1.62504183560886428
0.63065954947601233
1.72017467847894667
0.50771192433615919
1.77681582680525230
0.37244239248432426
1.76061315786605799
0.24487429216993634
1.68396038551999916
0.14428332709912103
1.57007692902712526
0.06935333068488583
1.43092871756189544
0.01768348536691450
1.28203385111973667
-0.02974941398068427
1.12925290728218086
-0.08263568335422534
0.97788843727635244
-0.14322562454242727
0.83641555754514940
-0.21437165319935150
0.71012021378739498
-0.29361804173295436
0.61019271688992294
-0.37026492177720899
0.54911298487664484
-0.43926830796287769
-0.71378687133333807
0.37019762143881296
-0.62512335141105890
0.33378425828913205
-0.51998341949329474
0.28055811816618237
-0.40711300041156556
0.21748589543896155
-0.28841634582903131
0.15361333236304997
-0.15564025929903866
0.10056861553932064
-0.00472312835756270
0.06324044183871581
0.15709366484073820
0.04683331319239477
0.32203400031411072
0.05561956917628729
0.48666454960432853
0.09045606319312413
0.64506773448747490
0.15516616925490576
0.79516429169624425
0.24233025491849222
0.93294170662061027
0.34923097499789368
1.06114281295724666
0.46881229828482979
1.18222541443308504
0.59780244542281247
1.29615413003065139
0.73509947922244812
1.40025014021741612
0.87603342604870627
1.48627287472432679
1.01677048405691717
1.54730668775644165
1.14846580905155093
1.56945709664572619
1.26602376823248286
1.53872297487202436
1.35514579492056741
1.46058846958820809
1.39681185522129891
1.36398544224923102
1.39126595431588806
1.27909959427511244
1.36512436921119829
1.23622533229749187
1.30545418780477718
1.20880119588187851
1.21001281013499473
1.20898414530901643
1.09404805372044933
1.25818375790299619
0.97380917742510953
1.34250401630851779
0.85473764471545621
1.44230324602438875
0.74043544503583492
1.55250066805284792
0.63006461848519746
1.66939527743020455
0.51741065959391519
1.77179676576876100
0.39564027489062775
1.81601574911266361
0.26118161335155349
1.77570724015953063
0.13487222298151250
1.67771813047106222
0.04068597119590068
1.55093417531648270
-0.02992616216397347
1.40815345133238101
-0.08872302316123966
1.26093873334912998
-0.14754078424504202
1.11580530759701024
-0.21290600632938403
0.97933250877777134
-0.28483775601535477
0.85744223486097715
-0.36370386697517976
0.75886001401215786
-0.44381622809864341
0.69986766096992448
-0.51478057695858948
-0.62801052039356253
0.51464998068734114
-0.54139945419968061
0.47801935347489222
-0.43734571961895280
0.42388431267925974
-0.32854850026183507
0.36140308059277954
-0.21766989506102505
0.29706513743779611
-0.10333421321220045
0.24069414600085889
0.02246157000267172
0.20048432819201295
0.16046898361213766
0.18100904790854261
0.30368500584192154
0.18767470522177385
0.44481731451888595
0.22413703546604527
0.58043794701667140
0.28943097415535313
0.71215514871731822
0.37625418509888475
0.83610189286244652
0.47795433193180759
0.95274351004795976
0.59330061471210049
1.06615707763121614
0.71827056477852402
1.17536347793747131
0.84994175569627750
1.27780865225705154
0.98242720987801302
1.36376516773554890
1.11409968307058116
1.42697707953067932
1.23839325862534477
1.45399851405069613
1.34413850719798811
1.41456530448687534
1.40965399243473066
1.33415065407791067
1.42274145196316315
1.24144476918920521
1.40538546769446748
1.15962384822404219
1.36505523707407517
1.11199142663151429
1.29543183179388599
1.08865533698424111
1.19390426489054402
1.09406894510345953
1.07121831491355812
1.15052059695996944
0.94619553457139116
1.24283648655221102
0.82519172276141739
1.35425142691184464
0.70885564395382938
1.47704262237283834
0.59744173507302378
1.60699791619721832
0.48691625028225305
1.73252823866518635
0.36853541943320400
1.82282486482167094
0.23873547747929866
1.83773359346337561
0.10417137730106618
1.77019084057027243
-0.00919987606731991
1.65720089905494028
-0.09558862332963518
1.52465398028214283
-0.16664404326070098
1.38484184541408806
-0.23342086961197303
1.24649875853352299
-0.30360614564106619
1.11588348087355782
-0.37843410417184226
0.99917774669499049
-0.45615800706999088
0.90582328934595724
-0.53507869178875567
0.84997314266008683
-0.60542188361889671
-0.54010545643756536
0.66011573172551230
-0.45507713200679256
0.62436629910338681
-0.35145779461927446
0.57068478431408276
-0.24410698675084649
0.50831188332498511
-0.13720639431363513
0.44416364243125839
-0.03365340006342046
0.38424292946524974
0.06431959145994402
0.34058607629895354
0.16743268021960386
0.32358201789454594
0.28205139864874185
0.33276677242866892
0.39633568636061528
0.37450114294863218
0.50954197483849906
0.44341084065429398
0.62373646028516616
0.53063518386033004
0.73538427974075282
0.63086508505913719
0.84313254719368114
0.74306336117347227
0.95026546174255577
0.86460152911667509
1.05739780233492309
0.99015802858305801
1.15899834594377626
1.11611370032607726
1.24690229412070130
1.23974913613676430
1.31311687655492504
1.35430474706859472
1.34725354269572306
1.44982944587259865
1.30075468926457627
1.49025453888427339
1.21967144897553270
1.47555455846365446
1.12902000190775342
1.44315266959283361
1.05370723311194547
1.39186066219557203
1.00744041512222182
1.30620394903605996
0.98203102066528036
1.18683447119314156
0.99187960758144744
1.05182154050671839
1.05030524401308667
0.91643148016871834
1.14899920716352644
0.79033119064372159
1.27213788057466726
0.66856873631543068
1.40758273393038214
0.55421313583147580
1.55060763821712344
0.44155714042466415
1.69090795643703573
0.32368563090401969
1.80579824651619369
0.19595396321779873
1.86374455856521859
0.05973714912851917
1.83740444375966239
-0.06892887251323826
1.74589854891921359
-0.17033856076474377
1.62481273632903567
-0.25248937434351548
1.49500543998356905
-0.32875290210522906
1.36483386573060006
-0.40466531814850126
1.24042410367631439
-0.48170584343363687
1.12990866973624526
-0.56062139122537580
1.04103359578001897
-0.63814363762637172
0.98890858808002102
-0.70777312512970136
-0.45827377174216610
0.80578442915426629
-0.37487032703914053
0.76941434610295767
-0.27196783795337665
0.71852007175441135
-0.16690840770195919
0.65747851903599441
-0.06510737919250166
0.59555986634305813
0.02783290019026337
0.53594139603161017
0.10589651478619476
0.48791430359293692
0.17023560432169652
0.47006819895317714
0.25041754880424144
0.49072189103421565
0.33918544508523912
0.53932459731271365
0.43272265429357820
0.61246910889646944
0.53347872543271047
0.70090864468094050
0.63338196320221396
0.80122957289956998
0.73481382337276036
0.91141117205312794
0.83748257480748489
1.02938370692164560
0.94311256642217645
1.14902403402254238
1.04500772919511142
1.26756444968686988
1.13464741190190499
1.38148486702261608
1.20546461546749595
1.48769900592616744
1.24683354937046253
1.57262638724052461
1.19704577686381652
1.58544156010227133
1.11558145694398481
1.54558531044612169
1.02916073066858660
1.49928483839071958
0.96121646859926102
1.43610551550277843
0.91456299522417972
1.33127184079999128
0.89041854066690829
1.19787266504031575
0.90282963667919525
1.04850726229333202
0.96577543048437320
0.90051256296102788
1.07178823447628324
0.76245958304386607
1.20322084915101479
0.63204681142892472
1.35109041962793963
0.51159944253613221
1.50400709823807421
0.39292787939056023
1.65491770637897995
0.27389634129280571
1.78554677844628196
0.14663542796150247
1.86879483713448491
0.00832605962595290
1.88094881982100337
-0.13075340745363637
1.81567328949593798
-0.24726885284228781
1.70966925482598420
-0.34190846365876904
1.58760282998255664
-0.42594132397186424
1.46465529913514603
-0.50566429805912538
1.34678580628420952
-0.58545414354253444
1.24187090158895552
-0.66547047790223279
1.15803398280871517
-0.74257632218456771
1.10842682874838139
-0.81082765017727720
-0.39920523171410760
0.95139375890409539
-0.31861742753980044
0.91692210108350092
-0.22073164488731575
0.86794366025947778
-0.11776485416372574
0.81080312638286367
-0.02005065728134717
0.75210248493179588
0.05982964195910770
0.69712490613812383
0.11789599128141508
0.65043119322239251
0.15131293006215518
0.62916199472034795
0.20352003920267028
0.65814089209053761
0.27300840224652512
0.71197294713508752
0.35079403870489589
0.78860923706088504
0.44005669563045435
0.88179003623684837
0.53311183946008756
0.98322181071622361
0.63044963416417110
1.09264997255276586
0.73144653577660712
1.20551876930020296
0.83375962538598969
1.31867144785234092
0.93432562518048590
1.42879158595258371
1.02724108530635783
1.53342160050891518
1.10335009354490143
1.62665031509694380
1.15211794799271972
1.69967359527368767
1.10958523029751599
1.69112976634779000
1.03606297550458293
1.64428732674559219
0.95928558188357860
1.59269702003492752
0.89726824602060751
1.51455323076254378
0.85042820016778164
1.39476311880565218
0.82300731001730310
1.24538510413661618
0.83303670316314382
1.08066258752680944
0.89586269308065425
0.91551667508546031
1.00573327415806824
0.76161622268900520
1.14831155964368503
0.61749170406255971
1.30703770737495262
0.48352054656338150
1.47209157876168639
0.35616067439913451
1.62999754601822522
0.22980852290488585
1.76840566637051078
0.09748263483450639
1.86837740451448009
-0.04352381849901146
1.90453723522831031
-0.18902287232733250
1.86522792503699231
-0.32039376182325680
1.77521241884880765
-0.42721118708375594
1.66407774832060351
-0.52059565111798445
1.54492521379743586
-0.60470057826845924
1.43123061402843854
-0.68642252516737434
1.33076094703968417
-0.76786803513062718
1.25172439825002191
-0.84540471478815304
1.20592264824592243
-0.91360310172029369
-0.39252173351125852
1.09905626120440458
-0.31525832311242435
1.06553609921851655
-0.22373811033636529
1.02090080819720486
-0.12038826205127484
0.96753319210043254
-0.03020880790940251
0.91525735620606319
0.03725715697859548
0.86763445390403282
0.08480408348224415
0.82269902120919947
0.10470622774438193
0.80179584057905817
0.14129718824400511
0.83552212866601605
0.19915155946425317
0.88533911661963427
0.26684256595606781
0.96711055730764983
0.34774192681665689
1.06911284066212731
0.43726671291013630
1.17235702357999849
0.53191336173487946
1.27922043842678756
0.63002059565213209
1.38684201939512342
0.73015971403128832
1.49257817757358136
0.83039279329068827
1.59368701821303671
0.92456967131545220
1.68643534227027114
1.00462334632535844
1.76578082786322033
1.06160892969087062
1.82617362216659340
1.03544530233552323
1.80160876910196843
0.97532214445871013
1.75474215268809308
0.91193763063885513
1.70113191114136919
0.86272105224246032
1.61459631156449257
0.82635294159506611
1.48720939077763026
0.80479851503395494
1.33106328982824551
0.82108083444576696
1.15918276137542331
0.88601115944717612
0.98671155284464884
0.99320249030114038
0.82133400398914702
1.13282809978881294
0.66372581615226067
1.28853784321211240
0.51344369947256285
1.44845555460178765
0.36291385368520396
1.60847543738679644
0.21478810914582819
1.75184978193247431
0.06655740121771271
1.85789720051780161
-0.08474894441441973
1.90511501438129960
-0.23811391034829915
1.88437232423331724
-0.38120948561033646
1.80864829358393298
-0.50142300647202342
1.70726463084851510
-0.60447749112352966
1.59767345297550944
-0.69745444402423329
1.48833459876456109
-0.78356833381829327
1.39263084102189372
-0.86754254486968940
1.31803247609906604
-0.94666150125054283
1.27580735560565084
-1.01484019724536334
-0.42185168544676865
1.23759889749037022
-0.35378799940724531
1.20595764954483320
-0.27197304946127016
1.16828811605112226
-0.16856353783973979
1.12080645954720715
-0.08686029189556006
1.07642030475035488
-0.02220691288980792
1.03564955676511206
0.02578834293051297
0.99491164001259391
0.04427177097232123
0.97814471088629795
0.07286333702422250
1.01643822638737902
0.12269172872305661
1.07809831475676310
0.18444207670621046
1.16640352536517233
0.26000958237700483
1.26233756894414717
0.34581319230912416
1.36354651693707729
0.43829765460808279
1.46463939638074536
0.53527245472205043
1.56708705134949677
0.63436853313334685
1.66462715464539257
0.73220653012574743
1.75315785879325214
0.82418246920159022
1.83288750645953047
0.90668230190719368
1.89859460716798178
0.97029651961279639
1.94503522516485172
0.97527581856207690
1.91974126406103740
0.93371926843234587
1.87472910023090855
0.88798219537551093
1.81676032807704235
0.85337493074249837
1.72214732678994964
0.82794929648111637
1.58918976918346178
0.81928264707730458
1.42795953347876736
0.84334395379545724
1.25336676836178929
0.91421025200416084
1.07753399035894959
1.02419484776650016
0.90553271446539974
1.16100086461270080
0.73883670905054333
1.31105090789536360
0.57471954431131034
1.46354929639067088
0.40975694851116795
1.61124460280345483
0.24364244761100776
1.73775979545339276
0.07220488345162625
1.83345219011402638
-0.09962451227855289
1.87768095847415917
-0.26675520666938307
1.86227558029529905
-0.42282818208805295
1.79580472196679941
-0.55687095035947198
1.70396389030663520
-0.67326852903539913
1.60051027980809835
-0.77615458544506877
1.49591742859659327
-0.86884317020365254
1.40341429869530843
-0.95655540736272138
1.33293915683215003
-1.03936289745292276
1.29584417232300630
-1.10922142575247507
-0.48360866554033710
1.36304751401710589
-0.40768090755157416
1.33402802946086974
-0.32809673467801936
1.30345911342069742
-0.25302658875491962
1.26717852033011158
-0.17377564333781875
1.23077539969850736
-0.11336127904730187
1.20250124049387797
-0.05142910885802406
1.16244130561186032
-0.03156002829733337
1.15788156850561830
-0.00421524526194282
1.20051163937207561
0.04006405094053430
1.26557747795582443
0.09939135022269262
1.35781538402945556
0.17475473210669751
1.45269504978220931
0.25757060828257133
1.54631740937891582
0.34910195621320506
1.64019982190237568
0.44621946285814690
1.73835426314908159
0.54361449514651805
1.82419924920647403
0.63911426469818167
1.89830529265506898
0.73023127515804165
1.96480676875328686
0.81377075971012702
2.01896514231271818
0.88413505968133888
2.05666173756945669
0.92088540639395411
2.04242633968964382
0.90483418814202543
1.99958321197441213
0.87727170066353766
1.93157030453075729
0.86085801724480870
1.82831909515503654
0.85058931249698755
1.69173107804894207
0.85649967907829716
1.53064631249437832
0.89386427009133895
1.35663775998535985
0.96924417450617817
1.17814654349587533
1.07812252364361805
1.00124607513999497
1.20983036719829551
0.82474075040167660
1.35218266207106819
0.64819254732000986
1.49503408798426030
0.47131075311813825
1.62818010143658021
0.29027729505509675
1.73647170827918607
0.10289168909594923
1.80865199720222147
-0.08532640596740691
1.83452049207791101
-0.26660729418677581
1.81199894897847913
-0.43504005285989111
1.74983336525371702
-0.58554977844252776
1.65790827906307792
-0.71391424731569686
1.54835192589675685
-0.82127127752810836
1.43855910194706227
-0.91723730521816460
1.34298230034457333
-1.00844034271163241
1.27304548030439513
-1.09569100594007285
1.24018650468458169
-1.16988258197152528
-0.55660651577769715
1.47016133308665320
-0.49156735385508349
1.44731093741409933
-0.42933561468550707
1.42884604123118497
-0.34465854268834545
1.39585116716175683
-0.27450000218658949
1.37285342469611593
-0.21680303362388961
1.35855184579166144
-0.15167797893949594
1.32707525279348948
-0.11891276791660266
1.33411134715110835
-0.09005250164689135
1.38055232545729378
-0.04556713693562812
1.44684698197351502
0.01405613207998300
1.53484248316637184
0.08950807786526652
1.62643536725848281
0.17398608520355929
1.71699796053417031
0.26485873992884557
1.80342299375770776
0.35923003538520831
1.88729049112696590
0.45596444907740119
1.96298743841761869
0.55242311717177850
2.02911232140357001
0.64537306337604428
2.08700475383881612
0.73188840804032529
2.13211195764243833
0.80845037317779511
2.15843614874990841
0.86792746155896894
2.16415358765823163
0.88252606314995852
2.11620029570737644
0.87954961595310388
2.03855513846303582
0.88339753667295395
1.92966213702326761
0.88932513777469691
1.79079398422986880
0.91197584947129384
1.63193761142592431
0.96086425568958145
1.45961268179704318
1.04144751465035479
1.28040307029871725
1.14845037016298424
1.09826808160557565
1.27363649482637165
0.91314370421491819
1.40720556513778283
0.72611365651208792
1.53826415717003329
0.53602073611488565
1.65484166609415984
0.34143969037364713
1.74141818913476665
0.14105161182900824
1.78958861958734983
-0.05966805262657982
1.79261507299263356
-0.25187938342505251
1.75411191397531807
-0.42915874235356505
1.68434680644237100
-0.58876525795127999
1.59228585696824032
-0.73007896199983169
1.48567071589223798
-0.85170130975311031
1.36981169047981632
-0.95257601910252376
1.26723048482424328
-1.04550163641582627
1.19631660917967664
-1.13524252474160225
1.16548557752141990
-1.21219258889146309
-0.64043341667456666
1.56215270556879404
-0.59010592548332919
1.55173915905139004
-0.52146848932075762
1.53345496367609968
-0.44360994857035380
1.51174270716282533
-0.37429763849153508
1.49942259321051341
-0.32138084308721987
1.50281632575353763
-0.26002500540338763
1.48898776521551701
-0.21295764922416605
1.50633632973832055
-0.17576622576606196
1.55830151490525703
-0.12640919628315933
1.62486783533882417
-0.06381418650219529
1.70459010007314737
0.01224209497613721
1.78622294901199008
0.09622129383310916
1.86946723452459906
0.18676394340865374
1.94768177380172203
0.28140004384799228
2.02249090111048924
0.37881852867330024
2.09029133723546412
0.47672021357095185
2.14984511467544825
0.57217340179478682
2.20085459291028318
0.66262073953665390
2.23955835388502722
0.74506050532295143
2.25195400628003695
0.81880755216676016
2.26434628129251836
0.86698099933859629
2.22195025436320837
0.88754008844573795
2.13453288430540278
0.91418245088987860
2.02283031869503871
0.94146523308691565
1.88507698378015887
0.98013273864605643
1.72719727797431544
1.04041720302129326
1.55683674128421456
1.12421977545979512
1.37685558152967769
1.23003081714154594
1.19069622935708597
1.34795968134540134
0.99966561207843729
1.47192446469006244
0.80299250538217937
1.58990301000078937
0.60138886501244293
1.68888021952910283
0.39400231106263128
1.75257801510009203
0.18121894481876169
1.77526809404447961
-0.03006463030064112
1.75359128265391329
-0.22979682319235115
1.69819390337339282
-0.41452595550110205
1.61975559970853800
-0.58357434174125433
1.52452156115137871
-0.73583924311259441
1.41724335244443944
-0.86943305392489001
1.30205391631225065
-0.98197112708356238
1.19248675478355004
-1.07633678810739286
1.11918392152504165
-1.16846727674004169
1.09044113137492249
-1.24875069450036502
-0.72570198954591503
1.64527358908069243
-0.67603946329783737
1.63755088498593704
-0.60670345985934282
1.62008963087622648
-0.53759382697458380
1.61379655624018215
-0.47215084393324253
1.61517905070118095
-0.41463663077653429
1.62820130729419787
-0.35176939680875174
1.63091266248283562
-0.29988840486788276
1.66376780370500943
-0.25367551463709187
1.72085235261688774
-0.19764143862095107
1.78521261169813283
-0.13154831508863199
1.85535971453521675
-0.05527879973070782
1.92647639791549108
0.02863110207589983
2.00331150622929188
0.11951446747349441
2.07494946754245424
0.21504321990772038
2.14276418711250871
0.31378804781625380
2.20446485926471114
0.41373352372225081
2.25891536387854019
0.51256038616128197
2.30520104614825661
0.60832270124100807
2.33990559018748190
0.69881407271481000
2.34767745894985458
0.78545931690435611
2.35468969482118506
0.85973198497076664
2.31464010880591964
0.91222125595137071
2.22766992923627738
0.95288942030249779
2.10901231350782137
0.99926457774676836
1.97096104938610850
1.05333101365332560
1.81441973132484469
1.12416892559667692
1.64437038135465441
1.21341183613426207
1.46207527109163271
1.31726095808233490
1.27124177593114673
1.42930026296735013
1.07304925866506440
1.54430205317464164
0.87022041303695796
1.64710638808604215
0.65965237003403820
1.72177790419900134
0.43951028837316214
1.76111143591740049
0.21713539076663252
1.75996612289707755
-0.00185346052479146
1.71709976263313480
-0.20837606567375669
1.64853308023910206
-0.40059712937780562
1.56204836182484907
-0.57833473939937041
1.46224414454560492
-0.74073709916978814
1.35316453134219605
-0.88480012974397682
1.24075978069185022
-1.00916893425771614
1.13068799317258128
-1.11072468416172865
1.05444164892038184
-1.20563378625438800
1.02830690595954821
-1.28801386238614612
-0.80146578286086834
1.71917952617728864
-0.74976788737641098
1.70866202879683438
-0.68179995771493840
1.69378254539345563
-0.61506961226803059
1.69650750998538169
-0.55054001964328614
1.70827153419637923
-0.49083142623208731
1.73048705772538303
-0.42589214644294349
1.74699688719444812
-0.37287130495215393
1.79401454999491272
-0.31924186306347124
1.85272142582007326
-0.25800016573045459
1.91583683254946657
-0.18816689485390076
1.98032894208558208
-0.11024950605929568
2.04768502923842766
-0.02553683570431034
2.11671622087345579
0.06596482277376560
2.18276818294893005
0.16258571296410471
2.24518375891181110
0.26293009204362788
2.30231760795202689
0.36533088951785958
2.35314016728585296
0.46815256315060128
2.39652925020071894
0.57032356391039074
2.42927299598057589
0.67103101771635343
2.44112001574631243
0.76948735959174008
2.43818128502298448
0.85993433669154018
2.39306647916918847
0.93384815914241270
2.30467720168732448
0.99496250035520939
2.18478962688511347
1.05555099854222600
2.04432469747773382
1.12361001892738233
1.88795149905128579
1.20353783717283136
1.71786127499562769
1.29569099859259640
1.53421837383252280
1.39849325823480219
1.33822717473303965
1.50649821790780769
1.13324701479033907
1.61130261655020846
0.92066903544281176
1.69870586338445873
0.70071959580835375
1.75522429689604009
0.47489431289057754
1.76974378058931725
0.24612702561073876
1.74506232796144856
0.02075441980971587
1.68866528531398297
-0.19239603998631910
1.61111043387953701
-0.39377880331240733
1.51794999643313555
-0.58110483543278491
1.41316873292814638
-0.75143522583492084
1.30279757877719971
-0.90355339088777953
1.19480192566714538
-1.03819494041132021
1.09849979851032065
-1.15534285154981076
1.02586662782457805
-1.25629481971094625
0.99879918714781812
-1.34076766766966760
-0.85621011411738257
1.77474929272633375
-0.80618772174757658
1.76734557271677750
-0.73946946287301618
1.75386933193730110
-0.67294061478827460
1.75990101794940945
-0.60816106961236738
1.77754029736558850
-0.54574691468559422
1.80431837397658734
-0.47955077800476115
1.83061705701611754
-0.42591255510818765
1.88700910123868515
-0.36743066875242725
1.94731080815186930
-0.30180440622329219
2.00939603384004117
-0.22891563854570554
2.07345471538971360
-0.14893511339239521
2.13779556812785465
-0.06263183197124091
2.20199731065837945
0.02990120767055997
2.26406727943994657
0.12767498174086178
2.32283017449960294
0.22955357586668210
2.37697399361462702
0.33425241691352153
2.42558184184093362
0.44068773675273493
2.46740156602409400
0.54837761436784738
2.49913774257730958
0.65706113344887662
2.51319848521556155
0.76504251080442975
2.50437563228464111
0.86385217135221404
2.45119617095318931
0.94940409239038970
2.35932156731515397
1.02647337899263680
2.23977437998280182
1.10045787509066639
2.09894039388082243
1.17845783289545425
1.94188823463952231
1.26498082284546487
1.77106696361054516
1.36043381786399942
1.58641567508220827
1.46265141894264517
1.38616919314849896
1.56617567119349799
1.17555152912920602
1.66320211581360811
0.95578382238706905
1.74080311513411523
0.72810982725241813
1.78466558634625505
0.49447039554234862
1.78557660832040321
0.25790484339956932
1.74470871710714426
0.02413536514186480
1.67933095646909525
-0.19957420176774746
1.59502538549731132
-0.40740957342698808
1.49582574492882414
-0.59941414110646174
1.38540738174498701
-0.77250235362969322
1.27340191452150764
-0.92851384778898671
1.17003126346984510
-1.06930193205253010
1.08404728709864506
-1.19451690326094062
1.02504728081104690
-1.30389926969215919
1.00720961367409689
-1.38968884765824763
