-0.23429444641753394
1.32950990796677115
-0.12817797424644359
1.22573795555055631
-0.07126568435323766
1.13520101814054719
0.06202296128046682
0.97776896663124535
0.19113082098118028
0.79346643016871476
0.40706098048487155
0.52078380398482638
0.46180574359782162
0.46521263299291471
0.62064377008984650
0.36805903251447336
0.71967310601513568
0.29304280224359319
0.88749395883020932
0.23594050644563827
0.99345969149970637
0.26529771246122186
1.18888402929904280
0.43666286985008668
1.24636165120160891
0.56642508192432073
1.21736898689335749
0.83988550343518598
1.11906557543726293
0.98722250496364850
0.91069370765939017
1.12578228832043625
0.73752987674752168
1.17923898387826243
0.51346954391269894
1.10801891630679417
0.34459360895548896
1.00655030371025034
0.16645386564570946
0.82120666142957988
0.08693954794091201
0.63353163898575970
0.05819816801044728
0.36530847504476516
0.05419509689623694
0.16682799127163819
0.07527414263984840
-0.05881902486642265
0.12604491343485652
-0.18672770501780714
0.21754064586982913
-0.43040828778939927
0.25790682388844921
-0.45940892253880999
0.23959628959410895
-0.56152102002218973
0.16873896485954329
-0.49438286045161772
0.14572651099347264
-0.54876169929512730
0.05743274344620962
-0.47360454953455089
0.04939356866739741
-0.49296679478370031
-0.03138116343209817
-0.37978891526552627
-0.01584762974074320
-0.19805154338588155
-0.03647637814145128
-0.08074700089826499
-0.04039324881094755
0.10787963100993445
-0.05285887982269327
0.20231603165888482
-0.08738608973042783
0.39732037611650389
-0.13139173096590684
0.47883768833333035
-0.19150923755845262
0.67282638135525352
-0.24436717276465883
0.70915237241609208
-0.35486594080790068
0.88255873757611125
-0.40048940876370687
0.91238855749877723
-0.53841644680427891
1.02481032855913790
-0.20265176010240496
1.25329250649603119
-0.15919950575707881
1.21883898497609144
-0.05166370511559159
1.04804993924682099
0.01842848575564508
0.96224477552895915
0.16092363196038667
0.75981973659584268
0.30448203035422278
0.59627264804739299
0.46967255304004107
0.43457919669179901
0.60061304210152233
0.33866273840686062
0.76536777971158076
0.23291601608954030
0.84409461418306941
0.20269267791313289
1.09715455344531509
0.29649879402198553
1.21425320112226198
0.40399868737041905
1.29739680268660384
0.66734404155321192
1.27042325790378530
0.76365510835743622
1.11850525013537627
0.94686040265976779
0.94112585668428106
1.06002028007871507
0.69193254571247609
1.11909437876557516
0.52470992309066056
1.07294476243149517
0.32935424296360161
0.93642781780560225
0.25092670881986301
0.80462011308195647
0.17573068719301613
0.58346161605605784
0.15067902836494648
0.38722443975793264
0.14058091071077314
0.13194792509665257
0.17657057521354855
-0.02256682284419920
0.22591366247811903
-0.22744156356506035
0.27775463393211342
-0.28463132611599024
0.30131062721485447
-0.47087873672508146
0.25199036665725327
-0.42420619799365489
0.19728191970652670
-0.48220614329487477
0.10649539899464332
-0.39953888668435877
0.08630504416233496
-0.43145488584543551
-0.00104792698588688
-0.32773226820215784
0.01498448318857049
-0.23382286892594911
0.01090076835630760
-0.11653346477412257
0.01145005846265926
0.07824489514363310
0.00864788202807763
0.22578698220205756
0.00229615117778543
0.43668753681859773
-0.04400876982868396
0.47980290028296491
-0.09909085282890040
0.64693603640425712
-0.13276690996133264
0.66642404625286722
-0.23088894346324151
0.83505315385248824
-0.27105567167643851
0.86017211595258380
-0.42530233831607767
0.96545627611533924
-0.42529648239459072
0.92149620941231380
-0.26634422224067195
1.23050380485894317
-0.19911394555712048
1.11190108653135011
-0.16008131533873557
1.08342051614523527
-0.01788971865149103
0.89319515752732026
0.10109424102828113
0.73002971469839051
0.29597647174687325
0.50094324021939529
0.41558189751561786
0.41175744126998659
0.58874111229277526
0.28264576423842436
0.68621078187971296
0.21544710004717202
0.90065849890938254
0.13911661929565891
1.03228939813707732
0.09231027197088791
1.21951758341076411
0.28438028892831224
1.30537869994065092
0.44106988296043048
1.30381482381915514
0.63820904316861360
1.18993045007533826
0.82045704236214057
0.95658624445152740
1.02862302955077256
0.82214663450380543
1.08677650784814550
0.60483653588605180
1.06938717634675062
0.49968157507249022
0.98529400024404823
0.36940633398595935
0.80713658813428990
0.30909694192116621
0.64517338817082981
0.26657340272767432
0.40485511101559640
0.26944789991599194
0.21970428845056567
0.29769445983751786
0.00989668724409672
0.32588507384889454
-0.13410238787456258
0.35977723959636998
-0.27757174163559162
0.36045038184961509
-0.32751316600731795
0.27233295692819920
-0.41360747435168571
0.16103583886007336
-0.33255672742106168
0.13273820927451596
-0.36618285873711776
0.07299622366766564
-0.26960903363557126
0.04952795358449827
-0.27927284286967413
0.03897899430056829
-0.14635556274636013
0.06430293955207013
0.07679070549201923
0.06304530370627369
0.18009129569424243
0.08623512118244578
0.41131685905240201
0.06568020735809325
0.48849538247490165
0.01830910020023885
0.64304728865859884
-0.04511240504911336
0.63940345732841086
-0.07793503696710562
0.77309411183383081
-0.09381901100464053
0.81818528463506912
-0.26336738161055562
0.91275562492043560
-0.28987228784192026
0.88882215242589235
-0.38935086658572388
0.90347311607754122
-0.32788648572258666
1.24041959538697366
-0.30844061355220137
1.13191998708450869
-0.26829649118217225
1.08186866272722404
-0.10483853190457285
0.88933262675845004
0.01684835085367289
0.74506160746566275
0.18123009699845077
0.55637525004244515
0.35231990201049523
0.41191898897286749
0.64000580860806833
0.22169604129387016
0.74381518665556445
0.16161809662664295
0.95690660033621644
0.10921265815296244
1.10154276366032589
0.12093612121817443
1.29609300551691753
0.16236544566097080
1.34847872217539244
0.35570674932998231
1.38104389918081050
0.46290881532336625
1.27422520721734855
0.73046917406781853
1.11520880857835736
0.91422276392520541
0.88827789442154526
1.06518058825121997
0.77706917339215797
1.07412450361904943
0.63322110911159712
1.01461575008331772
0.54406132089660786
0.85910374296157632
0.45093936786736655
0.65487298012835604
0.45052740189316176
0.48518404188646125
0.42263768431344784
0.29888777085045348
0.43473199630702108
0.12946189773043076
0.42311280510854410
-0.06618181439112114
0.45526782665160720
-0.14568607944855566
0.37713042503346828
-0.31315022485720378
0.26456924691035311
-0.27720721538842080
0.18441798228998724
-0.29513951885637379
0.09083011064941408
-0.19165648005996411
0.08079989980806025
-0.21358473801523331
0.07010658574040898
-0.09079953792131518
0.07873805594735797
-0.03280093940833093
0.12025587837633331
0.21222142841765165
0.11507264940341212
0.28121777216690685
0.13712706211796666
0.43375016863342286
0.16578220819320522
0.63352131083040752
0.07939307418323664
0.64027756775539024
0.07079705034495831
0.75106648240295515
-0.03045789394471014
0.77417722473149897
-0.05343221108746859
0.87172016441056055
-0.09580522818336439
0.87532368902649682
-0.24931624859861534
0.85911469771707083
-0.21072039198548148
0.77769137703284219
-0.41129556478511881
1.01296923607788703
-0.37311406615434339
1.02476635425313067
-0.31543415728005819
0.91467108136558495
-0.24338973523117857
0.86854241802315379
-0.05674942914449620
0.69335796938909122
0.08443636609960503
0.55661355129990087
0.31564462538461646
0.39506501154742280
0.52010743844697860
0.26806987573686875
0.72527013621311132
0.18384628617837775
0.88162895887430259
0.15595253197912184
1.09222959957645616
0.15820735124927413
1.20245199171904726
0.22332536731897346
1.39289429652787677
0.30220842636014056
1.37502033964141090
0.51937729952570821
1.29819242652858446
0.73504797175936587
1.13280184940199202
0.97570155709332651
1.05177009200404825
1.05553814236124643
0.89893236315749370
1.09924028249684480
0.79495988413980934
1.05119779604965280
0.65610560468874413
0.92890879922603153
0.62254488404473285
0.77993179922892863
0.59814861743204073
0.57552353932766498
0.59013668651742013
0.43589890248109081
0.53166784817235457
0.17710956361756169
0.51204727676539319
0.02773202332229866
0.48702196952434740
-0.14602184257034223
0.37251177446666944
-0.17021424787896750
0.26279583757277586
-0.23280280345250223
0.12747488979248192
-0.12625525376386998
0.10204632092780590
-0.14201990773673739
0.05525339905082256
-0.01004460715177997
0.06020134925735140
0.01407050683108257
0.09102509470032685
0.16458747485436526
0.14751687048583675
0.26712615065474821
0.19468997911096028
0.46750220686513821
0.24152736778690234
0.60285802973009484
0.23249019590945758
0.65431859209516374
0.22636800087042730
0.77457346538765670
0.12342450220647615
0.77869878367215006
0.04612838616152379
0.87301992795629946
0.02664159073377336
0.92622564772626503
-0.02833693887698562
0.85226975478590983
-0.06864323889244418
0.78639143656269395
-0.14604464201566555
0.74485506771338239
-0.44556831146959247
0.84919400563061809
-0.41025337170576087
0.77135176391478966
-0.34916467707807086
0.74197211449529710
-0.25800232857109096
0.67219993416280976
-0.12037605258474407
0.60759479796718319
0.07291325230656978
0.48131778013568216
0.20545049887997729
0.41231489095345875
0.48100974406159547
0.28934343374755622
0.63464591487903843
0.24948167370942723
0.84025522866513036
0.22921167228685976
1.00192636874466601
0.23720077592526817
1.16279032004865757
0.27887818400221381
1.24255731151863391
0.38076130129380414
1.36342234779452576
0.47725870213636784
1.29225830630680649
0.69975312808944945
1.21648577028593374
0.85914720037815751
1.07853317663219439
1.06455795136029585
1.03450828518658433
1.11973125412481944
0.83116581030924586
1.11562719033775726
0.81400164512200524
0.94801077438410253
0.75592170769939881
0.84968901402113706
0.70497246169177363
0.66020542301677254
0.68320786204109407
0.51961833282662762
0.63829079422547030
0.26877754111565522
0.58904099905738505
0.11497644004433111
0.45402940756608207
-0.06864741982011444
0.37413205548278788
-0.11228614080245515
0.19177460821220710
-0.10586952924389530
0.10345203736720951
-0.03739354809997305
0.01527495485307551
0.10139979401943017
0.02685575904595893
0.09540048284020550
0.03772148141976245
0.23263927950528462
0.08084051921752208
0.32968718343025649
0.16940578314750929
0.52644236475805517
0.21843723406980936
0.56264563373907883
0.26015448790740930
0.66836158227112308
0.35228542491383552
0.83873394580264360
0.29393203981393284
0.84312656782769946
0.27038059346453225
0.90384181815707598
0.21845932996999506
0.96739743723369909
0.07074267942188681
0.89644906914294953
0.10847031559526167
0.82754004673126746
0.00876643775934932
0.75210415202650371
0.10057543477482130
0.65927408131320775
-0.45217561889182945
0.59765244454536703
-0.40874856845948476
0.56118223022894231
-0.33163830011575218
0.48230865582864652
-0.26000121930096337
0.50519872998785997
-0.10470665784504007
0.45113700445799759
0.00749876021675552
0.43123192862859250
0.24322969283366289
0.37845154438023604
0.38145400501874671
0.34635937157240770
0.55499388912368086
0.32113493678720578
0.70663422589495783
0.32022894935676444
0.91970013548209684
0.32431502662740730
1.03151217300087872
0.38573599773773515
1.17002527574584470
0.45043651194700468
1.18866007351733338
0.60694974098197119
1.19094246572353679
0.75222240787797512
1.09318874493645635
0.99152303084773241
1.08195027966677570
1.07267996724815884
0.97035224403242659
1.25529274390242174
0.92527365268115969
1.14906521564349018
0.84592827173531038
1.11425143022579332
0.79568702373201017
0.93429706731365247
0.76619157359013790
0.77361876591152723
0.71287142000593706
0.57872111053988706
0.67603937562179883
0.41222585175421123
0.57770557308305293
0.19237658287497841
0.47026382488663576
0.06549324369732150
0.29120688019161522
-0.03495405359059722
0.24042248317373213
-0.06335369196320248
0.05148847553094183
0.10544337149043703
-0.01192796448361843
0.20331871264946222
-0.03560071517441123
0.33000188897607136
-0.00011185311206733
0.38063148368509025
0.06158896698854372
0.52841445571902612
0.14413747189443468
0.63895523084513239
0.24921124491617952
0.80053099460000299
0.32563612647522011
0.91999157710661716
0.38851754087493839
0.91668137209092815
0.41288819412145394
0.99722919686294642
0.29983501492133130
0.99011993399732390
0.28171301891507361
0.96832424072012691
0.28158685634897385
0.90619910545873505
0.21549599996607169
0.80281896408930997
0.28228258147647400
0.69742194815393765
0.25662927545223846
0.63299780951385831
-0.44019238006493316
0.42703390252074702
-0.36944468751255238
0.30690177002264252
-0.31233480304969558
0.31750130508759417
-0.22611130708832081
0.27568342073696905
-0.17966436483736170
0.41028870307575643
0.01998359460611997
0.39944763934486305
0.12997476212417439
0.40622008132610810
0.30805435476467707
0.39522758565345684
0.43075896476767289
0.40031722910812528
0.62110612487951300
0.39382119392799991
0.76668446603440865
0.40190032275001819
0.93499671710182919
0.47513959723787524
0.99845004072152033
0.57301363383491066
1.05836248685494971
0.69695940993892280
0.98559889620597230
0.85548473915801782
0.97943013233587162
1.08536778797977451
0.97387108574026293
1.15377596577974328
0.90747291847265743
1.32178960737762830
0.84722468158316977
1.29098257983136722
0.79800306978438151
1.11356004892449301
0.76871754761011768
1.03508388547618613
0.72922827508763399
0.84629630563537539
0.68457922681385774
0.65714829705138988
0.61749555778029352
0.44710229451353939
0.53441078303918355
0.31933281453956669
0.39952030591777643
0.17188453368724210
0.29055171369610777
0.16153606689881472
0.07586295384844551
0.13376803389952624
-0.00309749720648927
0.20240433620841417
-0.12160819930522289
0.38777251004525515
-0.08754910356465723
0.44722218526415908
-0.06260232574650458
0.62641677633180448
0.01914131697462257
0.65762496379710111
0.12862328529599007
0.83533125105828776
0.21349711447714631
0.87030379069787001
0.33648749242541698
0.95926061390881079
0.42767917773554098
1.08172434798924755
0.41602179779938575
1.05237217881742207
0.39171373761692035
1.05413098112813475
0.40432405538451432
1.01017945403094500
0.36458637394710347
0.90646151042331702
0.46394266751768826
0.77165845191108173
0.48927681715186333
0.68857289054068949
0.54150462647730002
0.59347960383007625
-0.37840225020908219
0.18459888091221771
-0.33412730997148465
0.16102093530868883
-0.23219865307525839
0.06814914848848459
-0.19531836875014846
0.20248686375527097
-0.10918418051901332
0.27126742074184607
-0.03051705156941466
0.35395278905414435
0.17270504843686674
0.37681877747240494
0.22692334428883731
0.39923136528292313
0.36289957384076388
0.43322077713453272
0.46123758333843168
0.45486787466149486
0.66042090040472412
0.46129035707936894
0.75449302126178508
0.53357088223425597
0.87910757733214506
0.61938813113910296
0.81107878169617453
0.83741337333098653
0.89071421623223579
0.99706441038782601
0.84721766104347496
1.09616503506959306
0.82485819626057910
1.27485758325255660
0.81602105530842273
1.29930303341735032
0.83458855452395586
1.27142090753048231
0.72832596601046817
1.22733674874207388
0.68809448039585641
1.00466760320114412
0.65874370080609745
0.86197442260214729
0.57460975330549102
0.58132078589826219
0.52869100088559673
0.50545413800735339
0.42065344313307357
0.34915815710640052
0.31942859781852007
0.29402342563182277
0.17341739837454781
0.17625434680107993
0.04685075443552174
0.22740164996353232
-0.10626583367655310
0.19540511777611147
-0.11583172973238531
0.42169947563842047
-0.16518541397102021
0.54637256961560376
-0.12976868614412157
0.66081183117939801
-0.02561646736608415
0.82360004547499832
0.08426571885329676
0.94071853561248975
0.25544948802611200
1.11206742139301951
0.35590896291188090
1.08563774237475075
0.53075540486201134
1.15444593988188737
0.50428831014093989
1.13412736769710376
0.54927286109887730
1.10284057372636490
0.47458576564064892
0.98316535255711845
0.57540609039935797
0.86122992432249457
0.64906663611649373
0.74805206864948393
0.72915315138630488
0.63365009187012611
0.71257077631332544
0.56930644447166134
-0.30863084018287668
0.03077683480209267
-0.22853018185372301
-0.04226147226387848
-0.17685157434911042
0.00702408886209846
-0.07214070686082280
0.03941448456594700
-0.06000138633479841
0.19743464121023693
0.07135452224518105
0.24316740977956813
0.10760579581043386
0.32448465696631007
0.26377097818685996
0.33945488539785973
0.25795071026200184
0.40600195285507934
0.42348198566428019
0.45541255346910586
0.52731644335763939
0.48051382241920249
0.63641512854382354
0.52133565023281003
0.69280819757657264
0.68573757446719408
0.70669776354699254
0.77039463251647378
0.66703955407761162
0.90897130381354607
0.71497299878624498
1.10706676517035363
0.69853148689283451
1.16833819773725400
0.71711019435863332
1.32641830680113015
0.69288260849763128
1.30530229801078912
0.66516920849546202
1.19889438062673603
0.62642362000552887
1.10015809911544049
0.58008995927771778
0.78961877066152319
0.53590279908694316
0.71540014635770821
0.44525242188252556
0.56577690283047855
0.35544684137370641
0.51315306101320235
0.23696753241070215
0.38489879730375620
0.12241854908043349
0.35656615077210396
-0.00639156820031923
0.23084100186111717
-0.10315627079586159
0.27125583393228836
-0.18539643849094867
0.31226459863364742
-0.20751693780398636
0.53953862303383082
-0.18677411308312356
0.64508514027753738
-0.13416569156404101
0.79784994880872329
0.01861449163233022
0.95172411213036678
0.13569637675934157
1.05463755079574617
0.31661250108973127
1.11591004973426222
0.43806945031465638
1.14290617843804698
0.57942323394104145
1.14826067757352024
0.64211115553346032
1.04720177543614823
0.67198977289833717
0.94049152324686225
0.69651653563328131
0.82322288204818328
0.82009480903857168
0.69053442205334914
0.83319209572824882
0.60644461532675342
0.97362537314639086
0.49976720487962789
-0.14957369919626029
-0.20786555446795649
-0.11312562584100740
-0.19542386768798353
-0.02640430082842155
-0.17472894513688456
0.02857435844492659
-0.06172300430672573
0.13056468025014983
-0.00861957446257121
0.11508821592653619
0.18129538446031540
0.23096562385935190
0.19628418633758782
0.21800001473410391
0.31151835975170195
0.29210809151119799
0.33425350572910567
0.33767933046532839
0.47613011456438081
0.42895895742078899
0.42288168043805752
0.49660697996763836
0.50513017727782028
0.53845095421358036
0.59287981767691000
0.58212365274466038
0.74688834263710457
0.56162562883547151
0.84292720181236425
0.55044610427505702
0.92645895749586216
0.61564599561221711
1.14746035270311131
0.59176883998632035
1.19310202924945363
0.65161640032716706
1.32692758489341744
0.61654382686287645
1.31737528801298387
0.57423856847743859
1.08388308386410470
0.53912325762188373
0.99213270744766358
0.46991896653222137
0.78234263871554899
0.38901450891447759
0.72126813197269712
0.28691899636560930
0.62382038885910707
0.18057953420207962
0.58922443345354647
0.06479474128925533
0.45114483194598431
-0.04013481194190720
0.40268991923720865
-0.14372796769081900
0.29957130739756666
-0.22759110514324929
0.37836167566022005
-0.21276816264908899
0.46443961596295646
-0.22603205521680414
0.65052554392932493
-0.09772764712990539
0.75083803420215434
-0.04180545037704288
0.85315418347220040
0.15544424294046272
0.99601225354113243
0.23758472146182336
1.01701405191193817
0.43525239775497493
1.04230351740083327
0.57866745268165209
1.01802381719327295
0.71657515078004119
0.97671657853012950
0.82375582572570571
0.84265952394093491
0.87413055215633284
0.76460818255791763
0.94208666990983203
0.56005698430669215
1.04419200178573979
0.45827434834315151
1.09174550993858133
0.41981102913483276
-0.07395011464099750
-0.31726780485359440
0.05612589496804524
-0.39045714259807673
0.09325860833244091
-0.28872877021344956
0.19115087175488971
-0.23005018652300555
0.21852097212237895
-0.05645417867920755
0.30891770714876504
-0.00378372627362039
0.31687787630505621
0.10284806956258934
0.37628263355279218
0.06065630482775027
0.33632024081899831
0.22173487103298167
0.33716384205742350
0.30984612271513279
0.36718019865690232
0.38549440255927864
0.32637509203152548
0.30602404354403967
0.43786745197389537
0.50946886499758393
0.47067223416219661
0.61418268244210705
0.40734427898933362
0.68333473866960326
0.49003259704380892
0.88431791747006594
0.51892474545139300
1.02555980044082640
0.54563290968704059
1.18680477724225231
0.54378145197171768
1.23847346408409020
0.56377795840544220
1.27705040698210603
0.54339392323697711
1.23287020361797328
0.47144071423808948
1.01095531411465811
0.41541806463915093
0.95018153980633446
0.31013142265863547
0.78374331911449002
0.22726525354801558
0.82843161250015629
0.12023005178634699
0.69246086680590146
0.02943127820775606
0.65561304712429613
-0.07225262096908983
0.47108122324582713
-0.14745734542422809
0.42458978768887218
-0.16934530018023930
0.38949304698348192
-0.13683318110538892
0.45959386431879834
-0.07751346627391795
0.51613574349614977
-0.10039727304100514
0.66194366097546764
0.02577702868506691
0.77052024078985948
0.12346849985314734
0.85202526155646652
0.30058264606949181
0.89971425832455632
0.42766809241971332
0.92206701349360498
0.63179281950764965
0.88538043130033783
0.79731687281724872
0.80412085057589489
0.90329396964504050
0.76324864058189112
0.99575232918667833
0.58615615992071946
1.02349209428608501
0.46724228835829368
1.03927011472549058
0.25719148772317169
1.14345374032369107
0.25987850051809919
0.08096748301012624
-0.50656842336475005
0.13476800218598622
-0.47941011309729664
0.24746411952912289
-0.46236603899134421
0.28550955308321280
-0.30368543882402460
0.36775285472298685
-0.22911272189745535
0.38130528253155654
-0.08035976443542306
0.47625305836154974
-0.10584170848587435
0.43073720578918656
-0.01862525285131054
0.36508835566584752
0.09138630869584061
0.33147075873283399
0.25443120960037441
0.32051310150434692
0.25195850753026328
0.28822783274859037
0.27406041454409735
0.32184968871798497
0.39019684485693873
0.37870192584789908
0.54193351017608660
0.38663834253852281
0.66281561870289696
0.35108177843721294
0.71469393246474233
0.44750967538243691
0.94420240284365065
0.46871311862189574
1.07181430120021948
0.51164259408494772
1.25054135674455336
0.50061199544625135
1.37182970437352170
0.48850715282377544
1.21543370684856833
0.45500780453744372
1.17514980869553765
0.35725335105873102
1.01126072233934838
0.28131128208391376
0.95576670869750258
0.16680123245723394
0.86741936396736319
0.09217613742135980
0.80704590613210214
-0.01019338866145108
0.65337308411470463
-0.05312457669522400
0.57761078695125390
-0.05581840592367429
0.42725684535712966
-0.10870509256881969
0.40499870189828618
0.03522398511541147
0.40552093264685130
-0.04058799219397691
0.49460027878326451
0.08512897041314627
0.56507040906918315
0.12705111934268681
0.66367904354155116
0.25353640802034916
0.72116515814010473
0.37554736809487493
0.76717074951803832
0.55319041402841918
0.77624821722601167
0.67473306711467262
0.75455046120132918
0.85281528576067667
0.69497776496526598
0.96333261769303202
0.55972755637722871
0.99071245902020522
0.54482913583991399
0.95685461705832320
0.27449637731088666
0.98106823309792779
0.10269985563905695
0.98462116733964933
0.00309621989440785
0.07736502060625380
-0.50374928780125905
0.24334695315551624
-0.57812590373885842
0.30619177626328919
-0.50539660113023133
0.40492532510204698
-0.45766470351387539
0.43706008696775966
-0.29452188120042744
0.51123802557642928
-0.24951135812851194
0.51364229665811889
-0.14711506044231801
0.49925032826705978
-0.12722457717250657
0.33554008645767586
0.07580445650684942
0.32649801908802201
0.07728667816002777
0.28779930416390836
0.15919299605085485
0.24655327326673321
0.14816539992143665
0.27273453148372312
0.31732725588968147
0.26809769132190386
0.39862851470441446
0.28467426415261537
0.55859336036924212
0.33592869376693163
0.74932664603138155
0.33232813803338079
0.84841760491302731
0.40656720512825018
1.05891057832998214
0.43066675695901963
1.17325290076225053
0.49858480877886563
1.38056104035442551
0.48353885496207788
1.36259069026989410
0.41884158619742279
1.20263441628603340
0.37393462157296559
1.15798524498861144
0.26029429209521976
0.99467779476215001
0.20323005640616382
0.94407116669110114
0.11038275404506873
0.75813205758287061
0.05933630293608926
0.65241377963275848
0.05806664236595570
0.47655463880668125
0.04780918863757209
0.43236568725460595
0.12704946701877406
0.36129589702569487
0.12677913545561287
0.38647327360299444
0.18901179788598896
0.44884984526774618
0.26852786896197833
0.51106193853230431
0.34300467541582558
0.55703085998516688
0.38563661405854288
0.62054518233382028
0.55193170090716781
0.64532069339600961
0.65630674699533087
0.64818757695579232
0.83702149750950194
0.57340619910918944
0.93844579307309706
0.50901179151093079
0.96443200727567602
0.39946631586018888
0.97853047283759653
0.24215660805797667
0.90679099794971418
0.06756712063622239
0.83133822227001064
-0.13977853653264613
0.85007809160317926
-0.18228037478266448
0.10693249056719220
-0.46515498453377685
0.19134528147658247
-0.47056548663178421
0.36740121526050845
-0.54773178137715350
0.43408625811641327
-0.47815100285756112
0.54292038076400295
-0.46665867128208577
0.57456046178326314
-0.33803733725803686
0.59066170546146668
-0.27780911920857754
0.50092058520993654
-0.13910845638589650
0.45483314894810634
-0.10390491337988571
0.33684902199736555
-0.00067846761483845
0.27913217723325146
0.02068754631980024
0.21571632524248840
0.13965222681776515
0.20088073482072372
0.17597586580107205
0.21205161490765070
0.34179032714649971
0.30087875296747607
0.51277157303687393
0.21241872088218228
0.63487814584645708
0.26917618910808805
0.85058422339905015
0.29821574281204716
0.98391645750440060
0.38768397668711008
1.21549607953869687
0.35631193306192110
1.32257656136670643
0.40829277985312057
1.31913038110249348
0.42262069289735932
1.31007127120520495
0.34106144125645893
1.12451479604682003
0.29620038573198793
1.03504098750476281
0.20139537757431830
0.81519366131433679
0.20804366813598224
0.69913564025655817
0.10079751434289222
0.54574719271072802
0.11757151848009116
0.45820387521795308
0.30844787362008397
0.33636787526326428
0.33664517047526504
0.31690268700006019
0.40255355325693082
0.35638600371566997
0.39830319524001734
0.42664094694546995
0.49725365390544196
0.42637992291565746
0.43456537600670414
0.50752508763742743
0.63637900966214767
0.49459149417814757
0.71536880077199605
0.53008301337589303
0.81825707863690011
0.46364645446065850
0.92656907990288961
0.41425940998193933
0.98954916205940802
0.33166868663437615
0.96902311157299503
0.17581419250144700
0.88056257713782671
0.03062587600628085
0.76592751242982171
-0.16003829960933300
0.71694426171848968
-0.27827406504404600
0.65919962015050171
-0.38945820825765320
-0.03930071997081697
-0.30153611189482576
0.14326414096530965
-0.37286553214342105
0.28031727460299993
-0.40759740800051109
0.47339931250698736
-0.49778858277573301
0.53748450606222864
-0.45807257636318016
0.63388124458359385
-0.46329843963478406
0.62605732683487914
-0.32309373981134915
0.61564870735435240
-0.29815239398958499
0.48226792738223684
-0.17837797216223367
0.39906621471599735
-0.13824303446904890
0.26039050966863714
-0.01192666683373289
0.20707765971454273
0.03481562855159029
0.14531636527992250
0.19083848163743100
0.13133320426803480
0.25560154588656703
0.14231747547070830
0.48601507057943660
0.14458178819773287
0.59391839189703099
0.20036061227522203
0.86500330716323037
0.23068952027902054
0.97952804267916715
0.31435216237372660
1.19204556499421810
0.32767266909420839
1.23342018523033503
0.42025726770961469
1.35071441418694382
0.35573684404443079
1.23312645104546492
0.30220418416941291
1.02146954439872051
0.26814477930521285
0.91210016819869388
0.29182474795468177
0.65165736355597970
0.22062658299865881
0.53647246156859674
0.17887238611185419
0.35443612194984331
0.35850886283088457
0.32914141828354448
0.44667765248520713
0.29226205825879065
0.59246745052144234
0.27223600722435570
0.50592679499983262
0.33893205182551117
0.60916974229723608
0.36473063723654375
0.64442928095139762
0.36885795369152136
0.73487065268925633
0.38883182829876695
0.79393525313003310
0.40233112181442493
0.86087237185732612
0.34365157628226994
0.91004557360244132
0.31307696496456389
1.04825795217954942
0.25897566565764424
0.97165000944842883
0.13495949838495430
0.92234711458948893
0.06148039954192805
0.78134391673426240
-0.12964836130586421
0.66469561223306373
-0.25903764448712774
0.54952344573665790
-0.41275572183015607
0.55085416692722189
-0.45421294012496422
-0.10954082740226867
-0.20467110866308089
0.00496531813625516
-0.22218358505801888
0.21734613765836502
-0.29704970496720035
0.34691812353192730
-0.34314769500801923
0.54280971840134196
-0.45743113450478462
0.59628774532434436
-0.44100951848448328
0.67047366130426855
-0.44994004127824472
0.61297770111121697
-0.33541879665304358
0.56157972949995028
-0.30689405729042235
0.40119997255945455
-0.18049955995565881
0.33736031452021847
-0.14365732180386259
0.19482200412733403
0.01774594883625094
0.12705364100668667
0.14031986399082882
0.06122457060161535
0.34754187206544573
0.07025191421231823
0.40308410719078297
0.08154317548995868
0.61423437665051173
0.12010163255821249
0.76505059559890898
0.17671079677857912
0.97268331582896850
0.17001802949350325
1.04188207242624897
0.28187728632416842
1.22047255364573171
0.29694158320178177
1.26722602862968170
0.32115550303356710
1.11942636499961767
0.31071726493688562
1.03958924015242515
0.31118087789766113
0.83934094805828419
0.31088701009583353
0.70379489301466480
0.31832259361291765
0.48989777921821615
0.37032524315960241
0.37002648932441823
0.46891985498811312
0.30382136953034300
0.63411301795010433
0.23528287764246669
0.63153465861562474
0.25631343484214841
0.71253125420882213
0.26351098908691228
0.66987247578710585
0.34380383153901783
0.81813781871538960
0.30171336699856521
0.83011193910878700
0.32637525590149524
0.89075564383892136
0.22534474285499992
0.88889915903109185
0.21351657146384262
0.92467070667534379
0.15786659859699440
0.93126789342235483
0.09013461170976318
0.91525406023029354
0.04104726405385285
0.79475878042279202
-0.11051812128075236
0.65942557067244367
-0.22702132813985906
0.48513365528877006
-0.38941737881227645
0.46064799761479114
-0.44591251227366185
0.36455738509087482
-0.54776643950190251
-0.26924783486440917
-0.07226819966005714
-0.08987442127876379
-0.11426962029123702
0.00894166633952719
-0.12759642496287094
0.23797967671572479
-0.23812735381992114
0.39611392254588251
-0.31986880535198570
0.57001590796068335
-0.42472150769558065
0.62109786520728627
-0.43553151069216994
0.67433459142149621
-0.45832945062636343
0.57030046945447044
-0.34527541407152385
0.50399912674298619
-0.30081745180069958
0.33720405635646822
-0.15399081750863386
0.23083972398471309
-0.03081521182762800
0.11797515218002708
0.15806814604326125
0.07210315839359716
0.29855818535825024
0.08623115660036493
0.49893394084087483
0.10094357383513602
0.63350882724034907
0.13418037045322390
0.84525664728951411
0.15138976807057780
0.92444870757137998
0.21241403993773353
1.12373404204230987
0.20719839188880734
1.18091794253255689
0.34446600394536009
1.31560142572284677
0.34652359688415557
1.25172769504120662
0.38054239100619702
1.05570433329534641
0.41899811290144084
0.89559701205891240
0.42120467808385709
0.65991456430874817
0.46661406643884279
0.52305436581010167
0.49534868421712597
0.36368068305748097
0.63450116810554236
0.27013353832014597
0.63812320640271936
0.19263261481204735
0.73206672371420811
0.12508012212462355
0.75160127607553906
0.26506336691200588
0.70955089540645644
0.24220807471720729
0.80092418183334224
0.26592125770253067
0.77740700166183363
0.18765067115164694
0.84617511839462667
0.18991228826043383
0.76182153751969217
0.02657308629046330
0.76182434923009079
0.01915021431150320
0.77733564923624443
-0.00628879237511001
0.73468412209567935
-0.12974667326330486
0.68743701824025716
-0.18298772109867473
0.48258569209923446
-0.34549793733384293
0.42059652857838703
-0.40469947023108044
0.28197494799285705
-0.51602787157846530
0.26859455551594785
-0.56017036308367629
-0.24848173066841781
-0.00758427680950893
-0.20997409311387988
0.01530994847675643
-0.00457296677192860
-0.05176891723561595
0.10487544908489946
-0.09539868960237276
0.32473469107059250
-0.23493872139960903
0.44332909215284244
-0.30331758439089818
0.60631458587909770
-0.43201572822433176
0.63630665000537212
-0.43828836773764157
0.64280439445006865
-0.44599935192392537
0.51513573191931927
-0.30357630115829815
0.43626945346416068
-0.21481402991897511
0.28555909661789203
-0.01872733334948426
0.20520848320063625
0.13676181678931054
0.12685433839142896
0.35249292120630704
0.17901457201441157
0.54433499781688366
0.18231961078070449
0.71054049698719091
0.24764929032221894
0.92916779758963652
0.22076743523432474
1.02525965939058494
0.25099097222827543
1.12672067638154583
0.32249053340507028
1.30207056604213478
0.32007399740243170
1.33215268872187176
0.40873047492168640
1.25112574778148478
0.45860220388923234
1.15454857151679380
0.51456437194706528
0.94504845734596921
0.58132120132616816
0.79790388494913300
0.61351365781704659
0.58335664484069638
0.66309025613145733
0.42449735594764448
0.63393761797169357
0.29275970085899244
0.68213913548054972
0.20440384724767380
0.68437721598700807
0.18195527382107723
0.63832179324099036
0.23189265466099995
0.72818979393785865
0.25759603207142145
0.68294776371809263
0.19508054863481333
0.76431106067977517
0.17478343237193752
0.68208022245886601
0.07461099033477629
0.69086560088638171
0.02608827494451859
0.58457215843916854
-0.08217039156593531
0.60578471181984561
-0.14386516861049509
0.66701657316112639
-0.18022507272155303
0.53524056427030020
-0.27854457689764844
0.47358848600378506
-0.33450151366726966
0.27858723340877578
-0.44351157935514451
0.20822059165902207
-0.50405936642783511
0.08158179373315530
-0.58381727238651948
-0.31760775639309791
0.10420758303864282
-0.15179491780891868
0.06627607731074660
-0.07416081977273818
0.06323373336410740
0.13694415503416479
-0.04743629779590869
0.26432404231093093
-0.12763770109112810
0.46043414728275717
-0.27734704492985018
0.53936178385418998
-0.34908010010359719
0.66212679840434374
-0.47266449970351876
0.65007603599771868
-0.38975951240681472
0.61982566276173168
-0.34295502596333388
0.51140555146159916
-0.19430205644983733
0.42845780688600127
-0.04700197197242914
0.32410121510334050
0.14892744543643482
0.29214387832560640
0.34140169469146436
0.26727307837619430
0.56066041780077414
0.35254438392042153
0.82913774164574039
0.34340012721585139
0.92782670479860041
0.39384991516922124
1.11796417701413886
0.33230009454403364
1.20943618803158515
0.43823491743829612
1.28760647862996702
0.40565278605543176
1.46072030505218065
0.50732453528248156
1.34734232799375642
0.51805171631900637
1.24167721345759885
0.65520878755847978
1.05866429632404735
0.69055313896704540
0.84821973079146118
0.77139873287130267
0.66748419042889406
0.76298804915198515
0.46530298797963715
0.74681599153247313
0.33857754672018348
0.70437401079055151
0.27279554044115084
0.58378156681695637
0.21188902467235016
0.62426306126151554
0.23852514545040121
0.59190867649633194
0.20705769863236728
0.65850383658460809
0.17983489865830019
0.62188210409159983
0.10003107440610026
0.61215675651544665
0.05989643305376324
0.49317414405642512
-0.05503765472563552
0.48091444769471858
-0.10902062265211312
0.40252672252025623
-0.23335090600948341
0.41802047241206292
-0.25922565096653133
0.47703050156253524
-0.30598181516457773
0.27718553609758290
-0.38577067830846085
0.18905102493992929
-0.44519339657869866
0.02839440538702831
-0.52309858307048640
0.00101730729145630
-0.56211222355044688
-0.27116659291247319
0.14607166352555490
-0.22046739549439176
0.18120558828955083
-0.03552872618601005
0.10711560852065936
0.06408452744297541
0.06890425377461273
0.27324793532714087
-0.09498198883265668
0.34841909418192080
-0.16874301087108962
0.51562376998186377
-0.33010547303367688
0.57499106160723124
-0.35792753481234918
0.68561948520965943
-0.38345845091755404
0.66630562840542029
-0.21470084029059164
0.61442470826722695
-0.17021307287055226
0.56250310487072330
-0.00636964596848830
0.50294899739944388
0.13755636140463401
0.43450324880264896
0.35048506976145299
0.42837757905105633
0.52759124860360707
0.37461215963399958
0.69845448666991750
0.45811238113853353
0.89731739908125163
0.45480109334445384
1.03532952031787273
0.52482299586124637
1.21047115750578715
0.45095059078360411
1.33594730667743944
0.55104296815807974
1.39813450650291915
0.53227121002116895
1.40885665144181815
0.66280150867677334
1.25297387385200287
0.75062388256318546
1.10534782989222435
0.84442664961803593
0.88592151716197809
0.88187026499289145
0.70837393460826259
0.89741984682226772
0.51792460795788520
0.86793418352310558
0.44239998775609363
0.69246684222195354
0.30851955889025834
0.62756893341859610
0.27346592718940993
0.52184034117540279
0.20095224364474687
0.56472765214755971
0.19937611394509092
0.51370867075802806
0.12426814785404051
0.55576032519369045
0.08775586426005100
0.46988380104197069
-0.00058495021879403
0.45479236529720107
-0.02937102258348968
0.32561058045672175
-0.15382265780171850
0.34385011138493882
-0.15760967930678110
0.32341329086837073
-0.27341304247309678
0.24123202301729718
-0.32231498536691494
0.19628451084394563
-0.38094298765112405
0.01904505390131915
-0.46264641363592035
-0.04990065958725438
-0.49356786300927979
-0.17085513001011771
-0.53295156195877558
-0.35179275868270360
0.26090700052668397
-0.19921797731255034
0.21472815026852748
-0.14196896180655816
0.22009346075406436
0.02943950287305009
0.09362194719688693
0.10600416070119567
0.01598561768410033
0.24120909894055664
-0.10323454673453443
0.43495887300610603
-0.25916829159077370
0.54297003619522088
-0.32069549911267131
0.73246763177685303
-0.30844990227083846
0.74789701177924173
-0.25653364817557750
0.71629401633897694
-0.07617253839830249
0.68034006438419192
0.02524352340930913
0.63901136035671913
0.21979327334713375
0.59851961465322656
0.37743071152141605
0.55510985720846540
0.58328453731461538
0.61596368513213795
0.74253041692495803
0.60156000435896306
0.90792195546706311
0.64948381760268137
1.06837174881707431
0.59638820817702365
1.20871890382329128
0.66032787984614316
1.31177475910226948
0.59061673457324992
1.40266530645125131
0.71230629869943451
1.36106966105357974
0.73602439767128758
1.28744111231001779
0.88949061278259345
1.07300124786137863
0.93741949791507384
0.94345562612787015
0.99282259691039609
0.68410592879128385
0.99997273673269693
0.58388379216438391
0.89869344152171904
0.44093027226870829
0.83747285238514557
0.39939931406906137
0.64894055432910203
0.28609965864785741
0.57481750911156571
0.22830191078553019
0.46708347251797933
0.12182962534151956
0.48776270460091364
0.11482445615569720
0.44407428832889884
0.01640336010241733
0.45659623925905257
0.01831745216988380
0.34592875253241917
-0.06126022633713336
0.31399774504114397
-0.06969115863480885
0.23773432147370110
-0.15321884136296754
0.17263327906421502
-0.17456470827191123
0.12201803633593930
-0.28439635267342295
-0.00244785029364103
-0.37081613460642227
-0.09721281232623348
-0.40176871108549528
-0.19435652941580983
-0.44509907806393911
-0.24571725450088161
-0.51603037896543091
-0.35177114656603659
0.26340777309595020
-0.31977521083084737
0.30658881255625858
-0.18650889487846117
0.23608267656902374
-0.06491280105923025
0.14776670221429117
-0.00132093842250058
0.09719348819806478
0.20144897134966042
-0.05648934624356264
0.32823027117637327
-0.17969043317637109
0.51072813753386759
-0.28618880841527461
0.63070186802240547
-0.29762241722095073
0.79456210937102778
-0.20655752278384915
0.81484775888697081
-0.10925056682577783
0.82119355451053899
0.09220406741501121
0.80319903570293827
0.25689997086999994
0.75925826586035461
0.45512496212423459
0.74535446297876917
0.60206316673608828
0.74005257178949779
0.78021762616773427
0.78070673048927752
0.91030500599217423
0.70106216736266636
1.10740670291078969
0.76775441390926003
1.16922838565291376
0.69312637363845697
1.31760348128196236
0.75990014286098673
1.39472906888090020
0.82557440373169477
1.31751647222964663
0.84843743911210412
1.28090722266686208
0.98120223381676275
1.10098605495644342
1.02442376907372834
1.01604131331658931
1.11307777765939120
0.81383069833288058
1.03933685944890009
0.62765851741642242
1.03541448213208498
0.53669693045856159
0.89853719215432526
0.39175268274871805
0.74601827637839702
0.29635007718701462
0.56362809056212893
0.14473048998126015
0.53787246732629468
0.12250457330022875
0.47452159085978696
0.01642329319983588
0.49507743813805538
0.02713357174089235
0.44690187469561821
0.01458206437468686
0.40425507565329322
0.02084094226441080
0.28755218210706557
-0.03500197264793430
0.27945123414287254
-0.01350871865502223
0.17087578057925878
-0.10706565970545040
0.10305457320251225
-0.11558477036506039
-0.01438221904723831
-0.23810452745731114
-0.09217897509603913
-0.26541739580519469
-0.22305998824352075
-0.33017677962387160
-0.26975216751620118
-0.29114695208189934
-0.50249923595608625
0.37015855273991627
-0.36103874082313936
0.31831983926385893
-0.30995893314150569
0.24673045304609798
-0.19336637372518714
0.24713716826579427
-0.02219775412700022
0.11600275563015315
0.06086696686894880
0.03370203508626845
0.27790076705964445
-0.13104087957551208
0.45443912822201155
-0.22605625057696713
0.65688767984461782
-0.24516341650895179
0.81063767737193915
-0.17818713843262984
0.89666270147887639
-0.02196584829308131
0.92779656721030868
0.15474586461870382
0.94458601046051260
0.39502646385872942
0.90357833501832452
0.50335703020155875
0.86616192815693915
0.70641216836144693
0.90981666496427760
0.77281736289458991
0.89507934942366518
0.89743015785906866
0.87188403606186660
0.99027286483182675
0.81032272811835948
1.17305079550040969
0.82913252438013885
1.26480610472308164
0.86345358135626582
1.26781030049741261
0.84094646752736080
1.32610930730352683
0.95133280234853590
1.21922630845409707
0.98898109807575174
1.17066037059474337
1.12036052595117575
0.98047583666239224
1.09599345771652801
0.87891166071002669
1.12344593322147457
0.71283104613001147
1.05508063370453997
0.51727086787173093
0.97272100697916686
0.39869449285302039
0.79972364402682472
0.26412137450284878
0.69370006173053333
0.17191635542401437
0.57565725828134195
0.04774123199604109
0.57159290350034775
0.03189045672116485
0.53039031126799441
0.00916313103714197
0.59167570292999017
0.12495071709744740
0.50986264654700897
0.11930139296305335
0.41399437765368652
0.09492482376188732
0.35726562897526548
0.07984994011381134
0.30258993542290380
0.09154138066077686
0.11264250185358637
-0.02141686908190120
0.00849708307495419
-0.07187679949445014
-0.12667183739440849
-0.13810384910527662
-0.19231328469956155
-0.14288153489542005
-0.30501657139934762
-0.22329060603027828
-0.52997756830654230
0.40576031039051069
-0.40409097619253226
0.36179861164859178
-0.37025568914868512
0.35140299217823107
-0.18997801169258513
0.21991369176791309
-0.11673070197106035
0.14549347802957802
0.07676963188746830
-0.01074076163425937
0.20433087716018866
-0.10670998691098402
0.42438196759891850
-0.19289849205348258
0.60522635632132893
-0.19211146124126582
0.84654176963633743
-0.10369444704342885
0.91671655062635404
-0.01690249787510167
1.02238328588898031
0.22243957736210684
1.04474960204920642
0.37213601020561443
1.03516551576486115
0.58864806910300649
1.02704521646123514
0.65444842602116438
1.00204032465463611
0.76283137957666336
1.05350610246436105
0.78576226652053538
0.95626992504027930
0.94603631096045970
0.95530044448436380
1.03019783226364070
0.94233690850559770
1.15149588445887563
0.89795549206473013
1.25178091880850673
0.96682565572840395
1.21609475909448439
0.96768778296455182
1.24622995506697398
1.08610575147818378
1.11959059498354763
1.09353581857447857
1.04172045448952111
1.15853480451569180
0.86249799021051443
1.10074871573263255
0.63361317352983282
1.09084784687336844
0.55352352927648074
0.95009358776621466
0.36993735896909236
0.86723578277146818
0.29000733702373738
0.71851147018810446
0.10125636032345606
0.70383594974460484
0.08047095535814824
0.63614784266763302
0.01892901139524919
0.68917551159116908
0.10507283238023257
0.65284542095634590
0.15090353274008617
0.70961570287283071
0.26995893281849265
0.51060062856537070
0.20571768582981584
0.49994874697577785
0.25570087226837257
0.35784881805036650
0.18024633161394885
0.21401872971743396
0.11362681448215556
0.07056270747185620
0.06795513414816148
-0.06915220941465873
0.00570576695697148
-0.20839417951923866
-0.07935144178807763
-0.28060737535507668
-0.07707213753528229
-0.49209760558718224
0.37876770049568281
-0.51883023527430217
0.39447454911182483
-0.35844473837869101
0.31135541105667319
-0.29556359666414300
0.25289894315720451
-0.11099683558464633
0.09413214341787954
-0.00770158862619247
0.00330338711781609
0.21007983579639994
-0.13074346995501784
0.36039183075551079
-0.18391370237169175
0.57324234893416781
-0.17652963921745549
0.75174865178647032
-0.11762229395067836
0.96262235384180528
0.02331403470521062
1.04041976318060514
0.13232500853637388
1.12729176353321958
0.36351673975865018
1.14324073358925804
0.47407902832983567
1.12915020150062873
0.58440739208972392
1.15251299376086669
0.59296488475262166
1.09860534237580487
0.76064318155021315
1.08697943688419008
0.82534233892507414
1.01589999029892608
1.01286941138441433
0.98966844877665061
1.14184203848880572
1.04141152370387569
1.11863134283162236
1.01910104130722501
1.17904764233238213
1.11275243992113504
1.12908853649122376
1.10324135905471143
1.13305291268034214
1.17496650534462233
0.98817378945528689
1.11861896530391625
0.78107365280082330
1.13417904212074405
0.72968487339147037
1.07497369411124266
0.50040833538778251
0.99249040856456716
0.51661452665879215
0.88579595586887916
0.31067937406347262
0.84525930257766912
0.26303168097500668
0.78693290665195281
0.13006432645226051
0.80862974844978697
0.14272021909284066
0.80767190185397364
0.17697642991252366
0.82324950517375395
0.26914861263521594
0.72895972903724804
0.31543966948346991
0.65867857548175723
0.35186012125364463
0.50908193150475678
0.32403539974770224
0.46892083655607431
0.33808315923611315
0.28327663070769449
0.20970829771246821
0.22411780576956930
0.17551554164733923
-0.02816585105244622
0.13006074204774537
-0.17560344158041791
0.05003817940723809
-0.29757263341124479
-0.01346677471388077
-0.57522908863341882
0.38362247503692437
-0.44518330987805571
0.32724039142862160
-0.42153911694519974
0.31058090548821060
-0.25903740039799444
0.17161371996071967
-0.21133207976942403
0.12046634124550334
-0.01615680556521322
-0.02837927767467187
0.11549509836727805
-0.11191625564963262
0.32847560117876917
-0.17474246774443924
0.44265356468247508
-0.16449341430156467
0.71649396928242504
-0.10521955169347288
0.89842931161369066
-0.02893454075552436
1.09340925390313637
0.13273894882771076
1.16443370351020192
0.24042157261375890
1.20581227751128339
0.41684445623891414
1.20999694444672778
0.38597069071551843
1.22370360342886708
0.47618212211238570
1.20511948249231260
0.58420280278104431
1.15456704150227063
0.77893174102910034
1.16448606202478011
0.85105822920903351
1.12521970720515641
0.99285908680658030
1.09282701640122037
1.08961176332702370
1.17672423949024685
1.04963649663307224
1.14849336089506671
1.08093143638873834
1.23378532845712097
1.03155061475620657
1.12687782626547461
0.93202933268343557
1.11606291370226240
0.86883787876991803
1.08874643867207777
0.73180301273459936
1.00652432858634056
0.69486526005667881
0.96767102879478695
0.60883102151238233
0.94399858424042582
0.50211782057738519
0.93056935455969447
0.40287014583645286
0.92982815795773965
0.30211203008628851
0.92364082285355342
0.23658580727485196
0.97994562304892563
0.30675997586390624
0.95145140849681276
0.35761335948737200
0.94962056883801471
0.45083307867157962
0.68701874200822377
0.40658873726241318
0.61491727695754017
0.44197057328877321
0.44307599140371234
0.41227129069343138
0.30767582708147190
0.35094446170136817
0.12885648866394894
0.26359297078810318
0.01656329045910590
0.22612669001461183
-0.25798069918509259
0.06155431132441501
-0.23909720984077817
0.11858387850893697
-0.43080115383224432
0.35343777110756686
-0.44862806541087824
0.33256152225877639
-0.29896549037132325
0.23234840513217689
-0.28242666019038715
0.19600976613462018
-0.14324293753695949
0.06909998229478669
-0.08128085246350261
-0.00011393492651645
0.13420928718893471
-0.12103410926226725
0.23820138063184532
-0.14786353599710358
0.44891330703851762
-0.14534564725428131
0.65650891705869385
-0.11447356944518090
0.91987561869096679
-0.03761181046348747
1.04065307972654697
0.02773296914182056
1.16218578368942960
0.17623037989469312
1.15882437111861480
0.19107328024403988
1.18496431714502726
0.22381637517508146
1.22588629479735367
0.27098678123086462
1.24599800080673306
0.51296715577178720
1.26632403311294506
0.60044315880238319
1.22471436686067148
0.82973660882431577
1.18407901146931116
0.97064875854183696
1.22364771148975038
0.95227957458288481
1.16225687034520075
1.00382373197894847
1.21405232453491707
0.96359816946926768
1.13840974607796275
0.93312762145973038
1.16046108199644515
0.93309210049405822
0.98481864051413581
0.88789434242998755
0.91927683708065933
0.87208602754766062
0.87083662227572978
0.81115613732411118
0.86764900810794443
0.73953771349267206
0.93838938067397948
0.56201691632086792
0.94156285018721975
0.59907531103745637
0.99067860430355925
0.44070665433094225
1.04828137241662001
0.40585389183731324
1.03946547447862714
0.33543820756738790
1.10002306918656956
0.47097654466370081
0.95070528184165537
0.50191008637101975
0.84566861323206044
0.52232209503404525
0.70489638164636603
0.53465897710341204
0.55452758862912377
0.47976481326839149
0.33669328119345576
0.41433941257260759
0.18719537042994036
0.35223223954245253
0.02646229815901763
0.27911575968210078
-0.06854707478038279
0.22023604757189144
-0.22028604437232746
0.15216811663586471
-0.41466049954038042
0.39448468182483071
-0.28292162500184415
0.33143454462276845
-0.26419664744687921
0.27870820112601735
-0.10999646402514986
0.16748656478775251
-0.11825633663296410
0.11733503804612751
-0.02551234662221402
0.02536964000809653
-0.02223159606465817
-0.04394986952189307
0.17526953164614795
-0.10646779734699559
0.32730842962635748
-0.11496586611024753
0.67512351337377563
-0.10702101239306831
0.79322173465013379
-0.09708075673585538
0.98415788832170892
-0.02299025961820274
0.98156240449161813
0.05456792423134560
1.11226815182965044
0.14073144046406522
1.09875326352547464
0.07061959942916284
1.18368977908552231
0.26484635054902489
1.24150028844889393
0.40094188133306630
1.30165947651390423
0.62579567799273350
1.28917970594766018
0.66762381998312159
1.26510805494393486
0.83163025693771753
1.17497197399492959
0.87029077510052710
1.17326053210856540
0.86863159311286930
1.06917848953580386
0.85029767978808402
1.14363963508569677
0.88065447758648652
1.02111489138105682
0.87314548924541924
0.95781741186871749
0.89262406736295175
0.83405958113351775
0.88928071915378126
0.67334741346939997
0.94702329383351280
0.76640223703124799
0.81056722854454999
0.83134313579267660
0.74751077456017312
0.91293068181608517
0.69334171199279704
1.00127071859040417
0.59600916383943126
1.10173253703766316
0.43899284059637117
1.15114121496483768
0.47236926400723156
1.08592184583939821
0.48331830910882684
1.07386455479923915
0.58255844174849791
0.90217840877850730
0.59336543446154044
0.85917831962341007
0.62760391829126227
0.62439733278230758
0.54211500972329385
0.46369315545631618
0.46884388398044163
0.19400644491738031
0.34222912994690896
0.15718939468220816
0.31355688476807836
-0.01336076405928030
0.23170347016959622
-0.08911477375189221
0.18480387874871437
-0.30177385932099798
0.45791082023878577
-0.25860341221506200
0.39877079812998778
-0.10139173155033453
0.31049104122816679
-0.06770947652269860
0.24173302835680241
0.08819335973056185
0.15410469542502764
0.05953916785562187
0.07195104644339056
0.13357644927036244
-0.00798227136794286
0.15357888287019922
-0.08148112109058342
0.37424324002818327
-0.12014885366494979
0.55318241129979229
-0.12769747858979777
0.80053445124072886
-0.11103326888955867
0.82234193537835831
-0.03030978156616514
0.84616823521847762
0.06460160777268691
0.83683121577887354
0.13675382804512198
1.00867602051086513
0.14556121570332187
1.09164757562540471
0.25100519372838215
1.20714268949430803
0.48905205113134620
1.27001170030877142
0.58551376430484359
1.29087430829639316
0.71501939626916566
1.12794119792668868
0.75253697134578534
1.16453215328926385
0.77560735441000939
1.00662079444649399
0.76893658479107885
1.02244568128963298
0.78822774493073755
0.99290296795509725
0.82517532748542011
0.92108940770273107
0.84449498799640665
0.75257614739804712
0.86095495754731610
0.63756629620166505
0.94118863287962917
0.60524642009536100
0.92926643895281269
0.60349515147596444
0.92279354484169840
0.74463269583876435
0.81485362994174793
0.78517651036688196
0.82171861242138078
0.97027337783491552
0.66909786903410495
1.05385946680232090
0.62714679179338029
1.18699376138832413
0.52081582187537734
1.23942898480162733
0.60585187900135318
1.06562844068958995
0.65384327554001243
0.97342623179009191
0.68054097848830408
0.82003179820872329
0.63673877802325685
0.77979727684283207
0.59494967417486133
0.59602702541772201
0.49650747928869698
0.45453567678539269
0.40699568962813737
0.21205135195274141
0.27938761264049861
0.12454235128876960
0.22747623883922294
-0.02407870120527832
0.15555466471239618
-0.30338042534457316
0.53117525100692953
-0.14944412416191216
0.48786965887864830
-0.09787269008950053
0.42452493425539678
0.03991176416039982
0.33202736177725334
0.12970930585800422
0.24109230499084208
0.24534878709113736
0.14363952748930586
0.22142770388184485
0.03412229764392933
0.31906125716735290
-0.04448750275254133
0.36225328290537223
-0.11866119345383311
0.57096314913257551
-0.14372076734258105
0.64581349428383517
-0.08786954586868669
0.69491605019930103
0.02009988074647491
0.62798397947573625
0.17614088763574653
0.78878321390143546
0.19351068589486123
0.87263876723291944
0.22895058594436732
1.04951956959472259
0.43737981537083587
1.13829766058321269
0.54518750257773552
1.26635260108555903
0.69103234567691985
1.18110369096714551
0.68562102176593520
1.16186889739655252
0.71736865665979554
0.98933743446956257
0.67036131705553148
0.99305737193423382
0.69098668241397210
0.85116630927645009
0.70761090219225120
0.87230564436226121
0.77311377811869308
0.75458818902756708
0.78686350505659508
0.64892846819353933
0.82336918398247649
0.55786534979083080
0.85888652671848620
0.51420395454552259
0.94104423791481651
0.61164292822663546
0.82002267887601166
0.65761132064016325
0.80787498837112337
0.80964888031515869
0.72477115508725620
0.88324612400473612
0.69871248956380316
1.05460762957640375
0.61329102697797477
1.13970526288830354
0.55058205684167505
1.24859420429511991
0.69589187768771121
1.19107245555779895
0.70659697051235637
1.07946602543420056
0.70818907845634094
1.00215144113651178
0.67084955161504889
0.88762748786871271
0.58279647223099729
0.76372045113104670
0.49503209883233967
0.55801931541760585
0.36964670289735829
0.43689079771832429
0.27163190821687083
0.16639769161845555
0.15599907209439512
0.13880815234288649
0.10751248858532539
-0.20488367422258102
0.62652244307269855
-0.13184294492025433
0.57430698712176664
0.02476990679889014
0.50964259062221862
0.16352176578245339
0.42099715242152813
0.29008296101712855
0.32659855961841860
0.36153657855928323
0.19978693146452975
0.51826381944933719
0.11850918552454115
0.45916294426174531
-0.01513656160158891
0.50591431128647579
-0.08361152091633534
0.50500707313973314
-0.08311368007129236
0.60200084042947255
-0.07034344223344353
0.55401987932492136
0.11430082143739627
0.57526382778475971
0.24455843939874111
0.67693290805407180
0.32501730719378125
0.83811997188293663
0.43285831774003458
0.97462106939881576
0.55321919516269535
1.13217797349729254
0.70691364953850344
1.14863904043119303
0.70167882519583680
1.21239904958860945
0.72857657883645022
1.04975352178013237
0.66124589506235343
0.99234675132213468
0.64756867103780469
0.82855216051555514
0.64210387860576223
0.79838080333378469
0.64967807511512599
0.68975360933437957
0.69089391404407552
0.63978873999305674
0.73063103197905821
0.43706219081136816
0.75354909040190987
0.45485668686771591
0.84841182372277457
0.48686358100411520
0.75777026322850549
0.55637515102270574
0.74756066092248652
0.70517514137991821
0.64854966019363147
0.81478135057611201
0.61624776362451339
0.93133286119157255
0.53783596345498785
1.04000848864177931
0.49249368899831475
1.17808651310465717
0.46319172490764821
1.23153580336045820
0.55921572532340402
1.31956242795495693
0.66749593346048985
1.28482356762634486
0.66638821968753426
1.11625386558849904
0.63179085047994799
1.05065390556941618
0.55434068844096929
0.84168138680171634
0.43274117176100646
0.68952941851438831
0.32773229178279473
0.47241918935488136
0.18427136380362533
0.31651099815831429
0.10678802281114222
0.15415085170508669
0.01610313111072503
-0.11330473361104576
0.71018196206971151
0.01531176797642990
0.66144458554568608
0.16505437063812878
0.58173269390319160
0.40416499959066310
0.52486488382987984
0.43141999077416293
0.41389198145300143
0.54910581821934212
0.30723550614901257
0.60798386650578962
0.16563046460715469
0.65968688673048370
0.10336267218783451
0.55537092465426030
-0.03122963851255779
0.54352532335215309
-0.03544394189886090
0.51952697455274843
0.03525369403448625
0.47877841371659990
0.16144653759832558
0.42541619351476567
0.39536186408385293
0.62995790217297509
0.44067846487124568
0.73629849310927542
0.53213013646378737
0.88168669357801965
0.65643065624567065
0.97355545548583389
0.74680704006055376
1.13281302219944302
0.78842238646789675
1.10038888741051366
0.69781256622101917
1.08138432553002906
0.66959896502201288
0.89852023569545025
0.62174900919988052
0.87384566567358246
0.63529198246313845
0.68341868852395948
0.62873450364606787
0.65640853542050970
0.64401421032359341
0.43324931426785335
0.67438742597320567
0.37224174824464085
0.70756850984787378
0.35842993179543359
0.65895589182979708
0.40613272554747382
0.67504551997942619
0.52732641185528761
0.59378250346350181
0.61490290547941773
0.53594564837983050
0.77986414497416134
0.47078160896899868
0.87975540428581245
0.39903426350347337
1.05613782294295167
0.34185934760360581
1.12045445665644983
0.32137356350481266
1.23471452704019224
0.44895696461312123
1.30068927065993090
0.56515057115531953
1.32219604210800568
0.57743600248449878
1.29624716025981002
0.56984409440038453
1.11821025772183535
0.45505619318456542
0.97265827299822960
0.35748409925440566
0.77226680811247306
0.22372793037995242
0.60096427284401788
0.12363231205278058
0.38885211613633475
0.01641558177256968
0.28883909365764882
-0.05262877048058531
0.05636551157764307
0.78730765213032616
0.13600494007167194
0.73903003449622018
0.31010250328271749
0.66451450724427308
0.45177944290417238
0.59586024101058233
0.60120753778729885
0.52614019030954429
0.64681454546501216
0.38148683524203941
0.70512241283703103
0.27565366681187975
0.69370135273520506
0.14720559044141385
0.62573860908288148
0.10448407253668610
0.47551801024070356
0.13911443870707810
0.46496510240055500
0.11597607205365709
0.34369510282906557
0.29872863745260336
0.38485063481564441
0.39713781063355680
0.44893782454280279
0.52988993975459842
0.61813793449281051
0.61897094311679335
0.70517165778909163
0.67100970001033478
0.86409042709395756
0.78234253424237266
0.98676983605269597
0.79086503390510754
1.08127854717295890
0.75364015924202132
0.96474121951434400
0.60047234016379492
0.91689463434053087
0.59577326347445081
0.76868851308588315
0.61225316944702879
0.68483930063636078
0.61640882794583840
0.46051131738276629
0.64101060392138531
0.43213509500699260
0.65465589736995267
0.27273362259329503
0.64050835359829272
0.28351398482256057
0.64871477442260894
0.38718774488873980
0.51674797482313428
0.40449980263342000
0.52654467451229381
0.54266250532774962
0.44549701569584355
0.65654241705320249
0.36564204424134605
0.77899250571831857
0.27426746247297373
0.81319676316912737
0.20018870827136392
1.00229784631194385
0.18807363975030547
1.09141334571864368
0.20573298341107740
1.30653015029325603
0.43552382444392695
1.30162535960794679
0.46916792258265960
1.31241174917916026
0.40388949444420869
1.24954860571752646
0.38583323478508402
1.04380945498008937
0.25855710782165292
0.86929212230752284
0.14692046394030625
0.60412348269171501
-0.00149480581437639
0.46575793938499227
-0.08763988180772544
0.29628818539276386
-0.16889575928888234
0.20368091350552425
0.83199415586177661
0.34061639290154178
0.79875300554766338
0.41232201454050010
0.72132315023967242
0.57429300734454647
0.65253067275631760
0.63397713097744846
0.54080400793688188
0.72244027028200419
0.47665001598679613
0.75776926220995777
0.30749889654331952
0.75460973077939641
0.21396540000771425
0.64765413020451068
0.18542281770995117
0.55822311323068152
0.19643658388942004
0.45196556061956272
0.26188752608534649
0.34240222904653161
0.35225676217439628
0.30461074170864777
0.52434520996544409
0.34710640742309284
0.58868307745491444
0.46907503605205453
0.68544145112527066
0.57498670976445243
0.77079497092024429
0.80727033578971441
0.81311828809958553
0.91744955846167553
0.82823047504214331
1.05030488889681828
0.73803753142063910
1.03206298425074650
0.68750090826712962
1.01012714766426437
0.59851577608982165
0.82315057493435773
0.60389431049070486
0.70368267210269719
0.61685639357034128
0.45437755448888545
0.66051689536246427
0.36217722676915698
0.68002888299072795
0.23269203847308328
0.68868772124899946
0.23935561692339957
0.59435712397304263
0.29895574992047202
0.50540260167527840
0.37860837262319391
0.41296899023972056
0.43685588583640794
0.37083876315367836
0.57497204352835862
0.25408487077221298
0.57091127253419227
0.22190464933228951
0.75724070618549699
0.12091985682598816
0.88773214782268373
0.08832830048337685
1.13050900949715438
0.15838127361153323
1.26697873483936840
0.25221985542011044
1.39651415448943128
0.31681790050004949
1.37517672004526537
0.36478413783262481
1.24781976309135278
0.24439289979407958
1.15988118128773543
0.19343494621255214
0.92215344784320374
0.06290797537201137
0.76629991615716775
-0.02737068401355695
0.53974621106421294
-0.15715770594154443
0.50963636362565168
-0.21406040360879608
0.35647017019252031
0.86476038168028935
0.44476258119732265
0.78928886951896504
0.51966004030523494
0.73248442656712942
0.63687080046863265
0.58780667570235579
0.66225600151718456
0.63367043640093645
0.76305879682659683
0.39526489135678866
0.75505292017638848
0.36501039817430558
0.74704111420726782
0.27398255995489312
0.67136794290526236
0.31154083043419345
0.53650654546277055
0.32857112122846088
0.43554957945688633
0.38738552373034996
0.30723515537547780
0.52246788215140716
0.25245409027335586
0.59820871611407778
0.22430273006965554
0.68687533703150594
0.24530972494021913
0.71933434095235282
0.49962210285663894
0.82451495340895631
0.67308081471986203
0.85632833656111340
0.88996909962627657
0.86098206417493317
0.92778720982867380
0.85855484340237465
1.02262488547356578
0.71458150986235791
0.93232272257442228
0.71808578184399274
0.90093060977786033
0.66735074080612500
0.69927569047949789
0.68999428211497760
0.58754102139795639
0.71583272891740402
0.33867574226940467
0.74091026705286434
0.27029812269901665
0.72248998484947524
0.23766720957642229
0.62175124806231741
0.34489370179800077
0.41039949944699261
0.35668383940668752
0.37934195831400430
0.43127657866279745
0.25969785761962705
0.50831350989311153
0.19186492256448776
0.61802937325193863
0.11206612389917764
0.68215920954570142
0.08563984080474626
0.91726071996651681
0.04126124854130009
1.08686965839254390
0.07896245343132505
1.30125208523578095
0.17316061215427206
1.30281667224888720
0.20820959341559764
1.36282784726472417
0.17247868233887453
1.32386286111898488
0.18834081139078962
1.14391887954407956
0.06817509607662803
1.03520177870565599
0.00145129063718803
0.80547997999297694
-0.12517330861752793
0.71254109780345187
-0.19128263321324485
0.56282854039659114
-0.31940420312552870
0.53107691913021438
0.83059755554651826
0.49782565591644329
0.81070670115630727
0.63276462999179039
0.65658555894937409
0.58586889629874628
0.65026821826870740
0.60797679850243247
0.54246753306188089
0.66293967164040479
0.54576752820718855
0.70350079261185450
0.42597993170193171
0.68125501970688263
0.40451066104830641
0.63953701249163086
0.36620231378131329
0.55898262785539321
0.41073794261272689
0.40893878121958460
0.57211614807028532
0.26335065336626728
0.64119932386664458
0.14166485032012383
0.72705558593077357
0.15430768825913249
0.69268881750516320
0.28107635312965634
0.81458259988791915
0.38545751362726305
0.86847316405244945
0.68761744688752635
0.92974626030077512
0.79317516692956946
0.94632066775733248
0.93580882875029547
0.88110928409424738
0.91047319906168589
0.85479564677975362
0.93370596663139827
0.76702505940911236
0.81989691056365288
0.78625982175437525
0.74523578560958692
0.79051003835454758
0.55506512600456004
0.82228954838098534
0.43551791165209663
0.84106425857212197
0.30424526953628173
0.79842652895333510
0.29777654040854479
0.70257280039945036
0.31223614014881557
0.57722772834460923
0.38744734319833590
0.41730863423605924
0.44875145699581204
0.30794458177412642
0.56380251896860645
0.18358718338222149
0.65311156247538471
0.12761512260832542
0.79376462858229224
0.08548472847053784
0.88981094394058291
0.07446563913543063
1.07419494736729892
0.06206352332785760
1.14739731015148871
0.07763130390022412
1.32650078199224630
0.10585198922194260
1.32713431166573770
0.15937900747425970
1.25341487478618574
0.05017167763031805
1.20951464216203886
0.01157480950274452
1.01458108373973577
-0.11521585657570974
0.94895362008651774
-0.17000087556730226
0.75651299025283303
-0.29102080273118075
0.74457187803239844
-0.32602503845538783
0.35853197696790801
0.90716750701773330
0.46890058634323301
0.80949511833240773
0.46180370801033682
0.77357656079196890
0.51063779443421797
0.70674185095017261
0.51140230977181955
0.66274113074781427
0.50936042109813207
0.65375066154240535
0.56066472754802832
0.61501938698910696
0.61422067105751565
0.53516320387229355
0.56285872828333594
0.61935013348250234
0.47706266799454417
0.70728708744248214
0.36811233886882933
0.74498372920735567
0.19999572028298085
0.82804090065622693
0.04389080830626867
0.80718530684022949
0.15115477040998515
0.93563944678034883
0.26405667534494054
0.94747481242419129
0.47626652655399437
1.02311977556348443
0.60588458933423206
1.03377006240551572
0.81375619120020737
1.01812051910279111
0.80138868384955275
1.01963557886661849
0.84177502874745658
0.93094827905322364
0.80841587262609027
0.91393819701334778
0.81254417484928021
0.86904958583195613
0.72834083006832628
0.92994174425191578
0.67752903134866593
0.96418055481803244
0.49045931550636979
0.93617332841741741
0.38270414801870573
0.91439095711607821
0.34802189429283031
0.79884100487941956
0.40328651945094440
0.70085117223570204
0.40060252956812636
0.55376162049240996
0.53237341526701021
0.33729820057048060
0.60413745943819241
0.28038610693423538
0.72248048513187058
0.19373322646078570
0.81048694305669111
0.20220297025424736
0.93056085718738424
0.13594021094832487
1.00174612072758951
0.19370008042811176
1.12590234938957989
0.08554560028103579
1.17260479733298117
0.03494494687356500
1.24900024963109102
-0.00087259719685752
1.14641100513868666
-0.08039123689385685
1.11116867364672500
-0.09194261478428051
0.96675638384428564
-0.22503934329444464
0.93492944857057192
-0.25147259754467494
0.78747256237224839
-0.36055124678253375
0.79556755250667877
-0.41402639151240234
0.21480483299490066
0.93140748976415710
0.23049910623273054
0.88294315281382552
0.26833387263749531
0.86287564515868953
0.31784375898128614
0.83891107297725198
0.39042653718492665
0.76565361631310469
0.34184897257472391
0.82224260482026834
0.43850754667439873
0.75111295487253515
0.48539498965921690
0.75692946027091734
0.52120333264527041
0.74635148110135641
0.44393210547673373
0.87568112169273704
0.31983145558667442
0.96225288390165742
0.19911958854908174
1.00749573525349612
0.12135647951937939
1.03919090062265718
0.16958331334828586
1.05646011454627153
0.34044479420308493
1.12974961458230849
0.47127312969353108
1.13790361382036598
0.69890720761189662
1.16812802187106968
0.70411846516311460
1.14040347460802050
0.75925566435149960
1.07048273181640097
0.68871221673294147
1.08175245527698283
0.74613958172211881
0.98058086498731467
0.68662495254649303
1.03887866051254907
0.75428905395181456
1.03185309015806914
0.63328479369232415
1.07332775761122545
0.55835608854839658
1.06931224198811403
0.46110118048528315
0.99273525384221251
0.45779279492749869
0.90512961593041352
0.45052689185889333
0.77865194637399249
0.49978746868609503
0.66681677269292772
0.55203939480950159
0.53944581265929881
0.66252383603529852
0.37988795847700496
0.75905092410489161
0.34981301813599019
0.86423759653517995
0.26925090199805335
0.95082968864516204
0.29101614949696608
1.04526666618132058
0.17009118712501781
1.06984220310025702
0.14880688963527622
1.17643118023504889
-0.00787424400475210
1.11065457214507046
-0.10096187231943232
1.08869237833233701
-0.08903334899647262
0.95649604715173231
-0.17876094568101897
0.95989345029079365
-0.21014978263931880
0.78766995461614409
-0.29308888180680709
0.77714274468973410
-0.33749310536864030
0.65588903046574631
-0.42677387823073093
-0.02847694385746681
0.97322103872095755
0.03032646653432018
0.92802629740847187
0.03138036108079113
0.91291507660687010
0.14890194149000185
0.89258084381498937
0.19097582753404074
0.90100642811190157
0.21124519673346392
0.93273317973795111
0.30077659076294067
0.90977119385160288
0.39092585745097053
0.90367355127464699
0.40208333783809230
1.00298253843366392
0.35751921308748696
1.13666458416869331
0.31679969787949003
1.10074705614430646
0.22628985120353051
1.21534537836653045
0.14863356147578916
1.15756018496588253
0.25996341030804632
1.25856683965445315
0.35061190732287106
1.25439979261949985
0.54266056545519459
1.28295923002358681
0.57468680537470784
1.27566830314033797
0.64494932781741299
1.20110907941839917
0.57556295120972611
1.18873325411750241
0.64950156942533699
1.11637591439149464
0.58672669724893034
1.13140576516657454
0.61165700842601289
1.14468995532621109
0.63483765244351609
1.22853064258882050
0.69711032770105374
1.26413350236424593
0.58293207071273534
1.15777338737251156
0.56052446540378220
1.13006731050146447
0.54356680877203944
1.01487108386973413
0.53614541556750006
0.90521814409201329
0.50484805410507616
0.72325581005070838
0.63144104335128270
0.62276675454036579
0.71180082144694734
0.54811469470120922
0.80849399873092953
0.43508230977294676
0.90284471650949394
0.44971359884843853
0.99017624415623640
0.32423764448370129
1.11234927507772619
0.27384633278326198
1.11749121609150315
0.07015613401242457
1.14478969279767551
-0.04548387660611625
1.11374252769167614
-0.06556670734671284
0.94563308044794492
-0.16877495653205565
0.89303038498665521
-0.18430503092421527
0.76810064565230451
-0.25064545105347064
0.71845874042084534
-0.27938828479636524
0.58575327295801960
-0.35401540804762838
0.60744476978156536
-0.40064859749401999
-0.22359315192966811
0.97070126254286759
-0.23459762470128626
0.95589737868007640
-0.12343356518612472
0.94904836080201982
-0.04815720467256222
0.95123687822611369
0.11597885881074614
0.95513803413060006
0.06617238539682317
1.02332631388150164
0.22749938122265548
1.00209109269568875
0.24375681202892122
1.07993289050556651
0.32744048248976809
1.11350073051480880
0.29806587778145099
1.23621966512801551
0.27136497552788852
1.31260133031785164
0.22970750580979893
1.28794895524828701
0.18861241053306418
1.36034199181973214
0.20327800243392896
1.31390075983889010
0.39789670560765766
1.39503670399532731
0.42072715318219489
1.38359587817294338
0.50096772399576717
1.32893531962500289
0.45108133344554546
1.30013666126441452
0.51142632271038302
1.22653077826769774
0.44982877217318956
1.22838653399371078
0.50061448494921434
1.19701190842721239
0.45257867254434714
1.29712551413696420
0.55133999252203492
1.32218744193626381
0.58615013763024859
1.35063587730114665
0.62323829188130941
1.30208923874195959
0.60773668109357859
1.17530700035404045
0.64288079708043211
1.13190644080232405
0.60468351223102523
0.96785141291597232
0.61611948969382946
0.87840836136155176
0.67719209466624641
0.82946681814385048
0.78037258538620313
0.68126079302028075
0.86228255617588367
0.64689743787717791
0.95574060050244747
0.48509855708645444
1.02545639625319462
0.42952092498554229
1.09698656472615852
0.24819426525365348
1.15007967826527402
0.19039255424002549
1.08113285683595661
-0.00115591569015827
1.03865862426418842
-0.05489499083429234
0.87334431509259014
-0.17179515974207010
0.70216409667279278
-0.22368514817623728
0.64626783705435986
-0.26022090780205409
0.49160161189364937
-0.32344154094992250
0.50840365230611617
-0.35163980675336537
0.40307081559339553
-0.42035524163943372
-0.44649805790683167
0.96100972077781366
-0.32585954271535139
0.95512669512482173
-0.29887311590118826
0.97355015416456003
-0.14986864003151851
0.98393282762866729
-0.09079336016026580
1.01902420873867783
-0.01220954827192533
1.06769110703532499
0.01470712509819778
1.13123563662406945
0.15896299876142989
1.17514635791640321
0.11834097979604276
1.29394492725467525
0.18350590042743137
1.41241838982946954
0.23729003335554771
1.36327836115910483
0.21261683374741064
1.46644874831110594
0.19497955848052290
1.44208711797887124
0.22541164678072409
1.50445246038598079
0.29703865426758108
1.48916318647348267
0.40145514978075275
1.43172758571542880
0.32531996882212388
1.41977806724806110
0.38022552590869901
1.33325898271096333
0.33088969157197734
1.32261665550219210
0.39194112283153176
1.27380150767721623
0.32668143326750948
1.33243269845905510
0.38797985024974418
1.35614481610479398
0.40444862126964337
1.45689811919157108
0.58354167883237495
1.43116726474194311
0.58805629794985803
1.36458599632793676
0.69569710368381432
1.32367485559711051
0.67908764684100709
1.14902221795250625
0.73121885613634729
1.08342251310032078
0.66528489658173751
0.95447187667639111
0.81299419637730452
0.90774378576383163
0.86545008810064850
0.87132538440999985
0.96444877298243359
0.67751524226529858
1.01914803070590931
0.60030145186840977
1.09587685266570833
0.39493847310852609
1.12144658355836024
0.28843786976319102
1.10557429512700045
0.09108852065497418
1.06989114006320452
0.04151536772513107
0.89371236316079616
-0.07466101385409188
0.84344600379881585
-0.11407569426828230
0.67763830135623859
-0.19588931913791774
0.47337120614833894
-0.26844086229911868
0.41379941112535379
-0.31172329453642134
0.30000352956513676
-0.39020208751660107
0.33842438986241014
-0.41808203152789380
-0.48538010707059570
0.96000122137614863
-0.49837145719022707
0.96639153271670930
-0.36617242817190132
0.98696180704841130
-0.32050087650538983
1.01837354428343541
-0.18131411653596990
1.05882580098218848
-0.22500422555094385
1.12526676472393139
-0.11271947798020636
1.19386094758502015
-0.05443923885819582
1.27638147263292101
0.06936648376148781
1.40430809457102557
0.10926858101664549
1.45581468505056488
0.16993103601465334
1.54544882300744746
0.19017795765123677
1.49012477789672682
0.17843596523772676
1.60119005001841508
0.18373764208708374
1.53849837762900687
0.29610100452959831
1.53791659711127870
0.25390642781935591
1.52593432597304202
0.30705217252947020
1.44240748290911314
0.23321032442897341
1.42547667103216025
0.27890957949050810
1.35744479939997631
0.24095098181831007
1.38133568972349341
0.31513138359651394
1.37320916936095205
0.27779307858466179
1.48751019219879499
0.40403090924571888
1.49512162236276969
0.46574888036802969
1.52447157289224444
0.67240824483820594
1.47010153993159021
0.72488590552522958
1.38058545753357742
0.83613729001776804
1.28150269169139852
0.82214684942710836
1.14219379774069196
0.90394976889527368
1.03614792712263615
0.94602119115317684
0.95042642067291494
1.02988849711604402
0.83515292876214731
1.06154343104871152
0.72340902916939254
1.13236918312066370
0.53124977489070790
1.14904123580612172
0.40907157292212049
1.15750320099372894
0.17198300430371011
1.13037966753450014
0.11895872690371059
0.95916196326814407
-0.01578805947763406
0.89666804905247843
-0.03226532572067310
0.69472067430516160
-0.14812510825002179
0.52625634586226089
-0.22913012151614301
0.42370774264436173
-0.27099310973145024
0.24500407282716119
-0.36491202964979963
0.24431475766455113
-0.39111778102136574
0.16720666820480373
-0.47152884359279623
-0.61861995250831181
0.99232092056387255
-0.49172330236664624
1.00251629701680756
-0.50547739075428655
1.01512186986331265
-0.35914767657388136
1.05887653804086534
-0.36698044375563410
1.09814981172913906
-0.26941281174041226
1.16745685394206222
-0.26784972650638417
1.23896430905551158
-0.09817117608522442
1.34987908537660140
-0.04072227394375796
1.42811113178724147
0.07965684457916300
1.59304974357774154
0.12215373707615625
1.55518108264098598
0.15287996071677651
1.64090989111744578
0.16137067180855239
1.59143423389915517
0.15092223589018000
1.69201470149224686
0.18187286289432619
1.65396316051634829
0.23157518550763606
1.53494370961207682
0.19521492660179185
1.52685810328144300
0.24043070362134991
1.44751872679569327
0.17297251456371604
1.45750518313761690
0.25187174000397400
1.41776752283343277
0.21678255271656033
1.48965909225376514
0.29686583877039086
1.50635297575605276
0.31801584076649897
1.58539021881800624
0.52907402471295395
1.53698726649766315
0.65384610374214780
1.50835560046608319
0.88379171738255802
1.42620836715493193
0.89889352792241894
1.32537064772304669
1.03144312002138605
1.17520356437995366
1.02847817593187019
1.05925782556733505
1.13949914705721689
0.88905237489172517
1.14584326694417471
0.79315888250536126
1.20121534885576731
0.59495350596545782
1.20845324663251397
0.48644202566300165
1.22185539429746037
0.27657333991755834
1.19762100217317990
0.20481668349609511
1.06802148017481380
0.03412235242983394
0.99277083610461525
0.01180000507266937
0.78688604896590642
-0.06570586521342495
0.70201971881502967
-0.09849582926742251
0.49729993677513273
-0.21939106087955446
0.42218136864596917
-0.27712176771433678
0.27038394039460151
-0.36949957535256839
0.13604913353927384
-0.45789608414575567
0.17358886198079065
-0.48900187177782933
