-0.70437297799687959
0.93758993513836197
-0.59910025119674526
0.91117000920442537
-0.45623569749833143
0.86926802624769595
-0.28308249475677544
0.81704159938157928
-0.08626437400874377
0.76441645999692065
0.12529869443237546
0.71165454349802781
0.34464832108366500
0.66837561459860506
0.56313193342886758
0.62860400434683128
0.77118645926874085
0.60671235399398138
0.96080413276523757
0.61065143303375757
1.12322858839573847
0.64416862446490952
1.25464112489762880
0.70965782894278573
1.32712012922521394
0.79374984510848823
1.31784603013265356
0.90021352679993039
1.21425544688852627
0.94489700231833318
1.07623466170598481
0.94956595491860107
0.91930305185026739
0.92417255631487016
0.75350804997063581
0.86231971252593298
0.59558678165950096
0.77008387369563047
0.44541360677978442
0.64062612484595993
0.31250719600512206
0.49047558418479509
0.18991036120273591
0.31989640286335119
0.08336526280436707
0.15499834397003132
-0.01287923874850444
-0.01010843520160249
-0.09712749908799903
-0.16035882588937941
-0.18178618228976365
-0.30955423644260932
-0.27054418805082631
-0.42785745150338639
-0.36942480830023983
-0.51581907577915664
-0.47405140721364303
-0.55391153899426493
-0.56888858900928119
-0.52520671255716722
-0.63297976534345202
-0.43780204427209113
-0.67316557799764909
-0.31838475189399412
-0.69360695019572194
-0.17981112639921501
-0.69243818284288450
-0.03244255994088633
-0.70476854085547580
0.12700318295352331
-0.72920318478298185
0.29469423028015507
-0.76443537858365729
0.46579192688562321
-0.80097577566152467
0.63342609498866620
-0.83177227702107881
0.79282416973962067
-0.84508764781064127
0.93784460051267482
-0.84451387655674548
1.06527251503314191
-0.83690055401358887
1.17299290265238398
-0.82721974169419299
1.25938104690960717
-0.82030958644166108
1.32112330631455466
-0.73045578479026296
0.87480256798395384
-0.62221072858266768
0.85125005411122434
-0.47585621640541442
0.81037753820948011
-0.30166357649779241
0.76160662186941097
-0.10282841593288777
0.70774208057108856
0.11012160738276716
0.66114213862556326
0.33104824668538835
0.61760441122847920
0.55207792595958605
0.58431128908480567
0.76371623837121250
0.56827276202934496
0.95559539395629645
0.57357854380222040
1.12704068671352720
0.61107392842233066
1.25779419054448360
0.67595753406519066
1.34402893880790542
0.77341942435660460
1.34730790302182069
0.87429334624080313
1.24780823155774123
0.94115858041378564
1.12186711166811692
0.95847900299453481
0.96432022176845456
0.93316063206986433
0.80446295274226587
0.88082199508884462
0.64727675848131250
0.78666616838888026
0.50118351252988469
0.66709808412961091
0.36764564949415723
0.51352894919864045
0.24977040277403628
0.35571730972881344
0.14046714774756708
0.19792808412674498
0.04510561421090737
0.03869883949428940
-0.04692807311139287
-0.11758514894168298
-0.13563680314172855
-0.25368348318481260
-0.23056110286785844
-0.37346480248571712
-0.33078091056578074
-0.45793104813722174
-0.43453337738850900
-0.49448443011643223
-0.52808278268922948
-0.46454254693626035
-0.58873786477129231
-0.37573156284885378
-0.62902909866241863
-0.25527490068623260
-0.64851351586069073
-0.11661101190717706
-0.64838394588278381
0.03247611731709105
-0.65774661759403708
0.19122859297384184
-0.67560842675732269
0.35624751803060056
-0.70275593694910177
0.52255845742969764
-0.73129852161133790
0.68427638388645029
-0.75606475641765636
0.83648082641619770
-0.76399845256275878
0.97301616320106621
-0.75612670644900326
1.08873390592691521
-0.74248930905207766
1.18313805580042386
-0.72834424197347047
1.25550511417723842
-0.71757833581100749
1.30455521143077902
-0.77053865832056267
0.78599660501403823
-0.66233784625581960
0.76655984986020254
-0.51483667257074683
0.73123468475320230
-0.33569355386604488
0.68385603843089504
-0.13662679125793326
0.63883222134506668
0.07859282127316353
0.59273722589923505
0.30204893057219484
0.55775679716596993
0.52393034757322721
0.52972842950572652
0.74036550213437202
0.51985860542297291
0.93818343019313732
0.52989602081180498
1.11360753780963329
0.57027669854247154
1.25167235719723124
0.64123602065833518
1.34777191163326271
0.74225376647597496
1.36062090433111416
0.85684060368232229
1.28873214695463312
0.93970897932665431
1.15755770603874586
0.97687221973899796
1.01516306899588726
0.96914690859918762
0.85812438873537078
0.91678101299762027
0.70946307566677425
0.83720966385556039
0.56508261974913032
0.71435482595777455
0.43847562669916207
0.57655033638545417
0.31714042028157452
0.41783938010966337
0.21126345698698404
0.26839464451762401
0.10819650785647522
0.10724614743063711
0.01174010027553396
-0.03865784532679431
-0.08648746802395160
-0.17801579368179216
-0.18654222792519184
-0.29096275393706650
-0.29341726635727000
-0.37192529122157686
-0.40037896142894680
-0.40588518239144439
-0.49218350542222772
-0.37238655396429804
-0.54821370244601708
-0.28183337704061279
-0.58587054876903844
-0.15939255299305211
-0.61098174021067753
-0.01841249037143378
-0.61508507602951268
0.13233035844970462
-0.61970610505684953
0.29009488313215614
-0.62321267613975639
0.45065656941888171
-0.63563170377530098
0.60984775006902825
-0.64964139567503232
0.76180005325017952
-0.66180227700340710
0.90263149145549815
-0.65795415234929844
1.02490112252477372
-0.63854310885640475
1.12316744541322033
-0.61537059117097292
1.19720185753762398
-0.59416133382291370
1.24768688213225731
-0.57802180000347536
1.27612959523924085
-0.81027331011078740
0.67781030802701214
-0.70338574975750623
0.66142684860456458
-0.55587911569701376
0.62991635106769928
-0.37849223844095514
0.59230921505070810
-0.17858878534815478
0.54948054495910470
0.03453054809593876
0.51641197983161558
0.25884555785841495
0.48729943165759526
0.48473726749870133
0.47214480843184148
0.70045360148211899
0.46676527303525517
0.90294665017136899
0.48696752695378642
1.07534002032964060
0.53413134732924983
1.21611569077358017
0.61674402024121122
1.30738162706396266
0.72356954119526340
1.34479366217777097
0.84907372921101842
1.30468745738082492
0.95751226269773959
1.20342040257449856
1.02380889652028007
1.05403487304317922
1.02801134025964425
0.90964340451644299
0.99221348925987596
0.75900806145269117
0.90984453797057019
0.62825960559659833
0.80297573108318010
0.50109374943720764
0.66298083005487507
0.38922159798987016
0.52130570669846577
0.27624267492924648
0.35882079644893305
0.17015470030299601
0.20518355175217309
0.06262845624153622
0.05289926032439359
-0.04519748310983281
-0.07832226538811192
-0.15637162844599328
-0.18825342987483901
-0.26982454409815548
-0.26489982595789102
-0.37882895942874634
-0.29656615126751018
-0.46926305822894226
-0.26042479882154052
-0.51724687484018006
-0.16725567677715822
-0.54372352253739820
-0.04546716066938777
-0.56374161854653737
0.09546069875624308
-0.57233407372962597
0.24791532643897407
-0.57841875919496710
0.40529917889616335
-0.57208190236696010
0.56234561529955251
-0.56452771850996464
0.71271656875699652
-0.55937560428459898
0.85267736398357330
-0.55309362371759374
0.97774354493344295
-0.53134916265555587
1.08049646330756755
-0.49659876719853568
1.15555426059309174
-0.46127309887885892
1.20294269986567381
-0.43274013333356232
1.22671511258090882
-0.41245867856361967
1.22864937269716767
-0.84216514927390962
0.55259577380360636
-0.73867604696670963
0.53961592775116907
-0.59427611520126089
0.51337120249258150
-0.41865145582977453
0.48172846678422426
-0.22076348846180885
0.44723728451386108
-0.01167091904597452
0.42560157592503595
0.20758516147537481
0.41215980497082694
0.43077080133674539
0.40946335951698870
0.64464951285528360
0.42217404797073199
0.84228148345726372
0.45534349314484868
1.01315750426204709
0.52074613769514344
1.14820715680562757
0.61623592316059228
1.24156115019769642
0.73983355154614461
1.28502259458375634
0.86662547404859702
1.27735023550750948
0.99398412156994076
1.20379615329353085
1.07767964260594207
1.08428481422961420
1.11344563255857487
0.94541957639001939
1.08454169055447269
0.80922798794406459
1.01601301970088542
0.67332124358949719
0.90836339809841993
0.55443303945600020
0.77914531580021062
0.43909298468248159
0.62303831729901149
0.32695111953449058
0.46944123675922106
0.21293448593863132
0.30828995894313638
0.09565988524314932
0.16379129937440498
-0.02455367186327454
0.03400750469186654
-0.14710817505732035
-0.07069592126078733
-0.26567623795011258
-0.14435651541531652
-0.37650162105153290
-0.17354513711847214
-0.46229531202237956
-0.13504516030339192
-0.50055443646094810
-0.04004294517856842
-0.51673587495683693
0.08103448085396209
-0.52205896829809306
0.22159811482086531
-0.52368418472444356
0.37291507683290592
-0.52785865577041524
0.52769878595568742
-0.51239367424112947
0.67870197740397720
-0.48769021942635965
0.81917663616341185
-0.46050973364645259
0.94400213267693844
-0.42790871286934956
1.04832552304999727
-0.38117743726129572
1.12562043173725135
-0.32801379916430790
1.17204843993289831
-0.28105553931600546
1.18819185228846891
-0.24675494090581424
1.18306768875360069
-0.22902916609240254
1.16351330779866036
-0.86222244713647622
0.41045696732230819
-0.76168502139251171
0.40172566858706077
-0.62170045538790708
0.38202576784071146
-0.44880081609488764
0.35831065457319788
-0.26057414507678056
0.33746826675035385
-0.05588575568195636
0.32458424859774643
0.15758640724276293
0.32636522140503083
0.37252872125104991
0.34039415063584427
0.57555257824226502
0.37164537419341592
0.76316052653385302
0.42843753054527134
0.92655927719454068
0.51018143942462124
1.05622405710932066
0.62242354951758527
1.14795884065041798
0.75017834490353652
1.19854988040252963
0.89079021791574109
1.20217568708641376
1.02309041041994120
1.15572587745179689
1.13473702146897826
1.06000670241806705
1.18950860156016325
0.93642787393073179
1.18407665147100216
0.80837230482839217
1.11928335325856376
0.68574857413772350
1.01825706349797396
0.57427361257194054
0.89059693847342436
0.46173105741409448
0.74007708006918504
0.34867722858480327
0.58267339447076849
0.23076089541760003
0.42772722127144719
0.10451013539032933
0.28085039033556763
-0.02652352803811730
0.15417101847905251
-0.15921963404015854
0.05391482312814712
-0.28214704174388294
-0.01740454130115571
-0.39366534636833433
-0.04486776806498326
-0.47297682351179815
-0.00445093540045399
-0.50196554457534936
0.09221842994262482
-0.50792926538785310
0.21304543496547818
-0.50545700389058035
0.35324852677082808
-0.50065073151023864
0.50218663435248956
-0.48589330705056344
0.64988669595583992
-0.44910805877192117
0.79072121649921789
-0.40363096775309337
0.91740207043633637
-0.34677150237786164
1.02228458559749313
-0.28059157476843327
1.10086290470741277
-0.20399305548031624
1.14864102372280708
-0.13345485864824483
1.16431755766639133
-0.08404905740794269
1.14868639484338475
-0.04934005429926169
1.11921755188751582
-0.03376650199377332
1.08346527992272046
-0.86676352111041743
0.25471729820370359
-0.77189287159854947
0.24951303396828536
-0.63780950370760958
0.23590211299759622
-0.47577923971935826
0.22349003882009122
-0.29693094800857200
0.21274120656041012
-0.10783037080512194
0.21624763598911398
0.09390116276854396
0.23063735179867981
0.29878739935544568
0.26497587789987942
0.48954684738046728
0.31755887644448033
0.66558876919413779
0.39373632826438754
0.82038195876056363
0.49605355838637544
0.94215284144754374
0.61700409554779179
1.03203398654571243
0.75817722887272965
1.08242013729477127
0.89993132000743992
1.09448227196336090
1.04558463057274098
1.06345146243741406
1.16689706914045033
0.99397816962412477
1.25707169437945332
0.88767000924774875
1.27223757076939092
0.77322635862305877
1.22876382178087296
0.66865016062785076
1.13030397859569520
0.56575803418119064
1.00254886989080982
0.45973016467057970
0.85693462888097216
0.34767406572525428
0.70170190348865336
0.22454159526815282
0.54751203906137080
0.09447590314502835
0.40359673074418373
-0.04235937056081680
0.27649359706379795
-0.18194542405518938
0.17754654020844252
-0.30749658473933222
0.10905466380978533
-0.42092414263689532
0.08121832567731127
-0.49826369845079471
0.12441274098214331
-0.52147789921080512
0.22100887872072994
-0.52275416496854854
0.34246538614986916
-0.51077376589826429
0.47915344350899142
-0.49107180205120832
0.62144763070570919
-0.44842777277781160
0.75967106704334630
-0.38046745489206268
0.88659300153312648
-0.30094606983850170
0.99310781728383446
-0.20766567390579460
1.07410781273495459
-0.10951799858398127
1.12481348970681605
-0.00698185161463475
1.14504833664013939
0.07302507307689933
1.12869520514040445
0.11902020764975865
1.08527094002241098
0.15057097933984223
1.03580111642651485
0.16276021468923371
0.98964365772620710
-0.85386259145454024
0.09001871772750049
-0.76498033758871709
0.08662292309302461
-0.64156883862026715
0.07982568785314556
-0.49051738650941035
0.07493225659683751
-0.32769390259509185
0.08009281523487113
-0.15039673405778473
0.09580292447209987
0.03484766384092029
0.12874263210636064
0.22391782913112118
0.17703336033205469
0.40099928288780989
0.25020601096018713
0.56122251985299099
0.34653223658058208
0.70113518314539280
0.46398741809542898
0.81532822978027608
0.60486625375650793
0.89944696898195597
0.74996676311762578
0.94850185934947595
0.90611488641148985
0.96225851175502974
1.05425784070375017
0.94371810707172765
1.19016935967583426
0.89005029625785814
1.29372065610290576
0.80423313613039327
1.34715992671170604
0.70298183394408231
1.31770575111995236
0.60864966379709451
1.23089334832579778
0.51413192891992887
1.11083782220488625
0.41276078939402250
0.96960197718604735
0.30279030020807202
0.81804221079924244
0.18205910467030897
0.66609736450383528
0.05335147715864465
0.52442425996269249
-0.08103219652849532
0.39856881663976218
-0.21429101800176242
0.29916300944757701
-0.34001010300662360
0.22816980277127721
-0.45168454221818960
0.20213396176867265
-0.53308514815655506
0.24243350394136579
-0.54937397580609049
0.33921971292124931
-0.54203658538276733
0.45933222022529840
-0.51608319235393751
0.59090199217213180
-0.46284594763499554
0.71993188711377376
-0.38223488562819352
0.84353998202874692
-0.28255942322661420
0.94963373804892048
-0.16849575812598327
1.03425390290441066
-0.05067926524529745
1.09145807990623389
0.06547974179724038
1.11382589295005618
0.17123549818752221
1.10207303471609985
0.25433204400187592
1.05768865595253247
0.30590183582202374
0.99378765073645658
0.33822524677422039
0.92827005622475678
0.35124675969122587
0.87399224935299735
-0.82423135864439201
-0.08188364323857299
-0.74292252556217409
-0.08223286908488051
-0.62922907878886147
-0.08343273315390273
-0.49456048689624266
-0.07837270899771948
-0.34476930566472397
-0.06248927384909653
-0.18736327080538939
-0.03047817121861651
-0.02018556626184072
0.01551213547144866
0.15012819823642301
0.08361622153565446
0.31250988545569636
0.17310108901255489
0.45639718423639691
0.28632346060613073
0.57981149920417063
0.42202044559301005
0.67802227178453633
0.57080115842023249
0.75232192638289486
0.73283752327148677
0.79792254078819591
0.89041191133593534
0.81358052863260832
1.05118687818208478
0.80019460358403860
1.18901358707871574
0.76140640924771275
1.31485732158874002
0.69438024467187576
1.39359305426526436
0.60587070998495107
1.39507172695237025
0.52126476447810721
1.32130951581773437
0.43486603829585219
1.20836335757803259
0.33995705032540730
1.07512627312417064
0.23385935400272684
0.92745027794384605
0.11722309070470002
0.78035610086829632
-0.00613142397746409
0.64066355053995538
-0.13202629222850257
0.51709681555267029
-0.25664578048248204
0.41409486707390847
-0.37275469696111851
0.34268277375300904
-0.48051391822300904
0.30834709991456571
-0.55911954337372693
0.34736958281968111
-0.56362887126136740
0.43883869764509681
-0.53088687100791399
0.55390767339590607
-0.46587963301900931
0.66700731286473547
-0.38216971126427352
0.78008697550968931
-0.27533302398883636
0.88091085777483391
-0.15270451293832371
0.96753534969640864
-0.02039751164769843
1.03214647269636006
0.10997533407261444
1.06309078492944331
0.23322693388961016
1.06013260603721937
0.34086744628763094
1.02091064995454039
0.42376250493979811
0.95434401553825943
0.47826171500480463
0.87524028301744905
0.51300910670466193
0.79603373194019700
0.52585752948277187
0.73299886592017593
-0.78371178264621710
-0.25614261780101943
-0.70833635301939002
-0.25351432508641364
-0.60427621558466360
-0.24862885705751045
-0.48102022091228352
-0.23540089221636817
-0.34798677983845244
-0.20827111909821058
-0.20813340944470823
-0.16551509600553138
-0.06440939262038323
-0.10104380542559216
0.08569226868053434
-0.01764960313716837
0.22509658517939449
0.08986287801231026
0.35132649789372750
0.21640151177635292
0.45413438783140658
0.36198446032323228
0.53952376075948161
0.52651969813904598
0.59967827671655471
0.69126228495158182
0.63873646204813705
0.86568684639074656
0.65148921519731651
1.02336644670372801
0.64585189092940376
1.17988956174312465
0.61772386204826324
1.30976791362087197
0.57041188144311561
1.41646808542004310
0.49560795203049740
1.45238712984076668
0.41839710107649813
1.39978554890782392
0.34075570099517538
1.29802390061660811
0.25236783355369696
1.17053947463493158
0.15417433039162165
1.02932966851023089
0.04406296430224874
0.88654625576497925
-0.06871997782917320
0.75112774358309353
-0.18343309884939965
0.62737460661651734
-0.29230215014124805
0.52465395688278582
-0.39589169339251373
0.44358746694592965
-0.48342782892570285
0.40628675606331444
-0.53672956439092567
0.42225188296502897
-0.50688956398742258
0.49915667753541582
-0.44242172006624703
0.58567504456283670
-0.36425119329054340
0.68682168592273007
-0.26331505857267673
0.78260846286436014
-0.14609623236454061
0.86983309104388296
-0.01290264462582330
0.93872489738966369
0.12645719039360126
0.98340113885979819
0.26069759393979897
0.98887379415230781
0.38566063029608516
0.96254004963163908
0.49311353894061372
0.90489862451711178
0.57560435850134972
0.82138504263745138
0.63136680187059602
0.72886658087334188
0.66386859380353858
0.63866235508848945
0.67641267078283096
0.56842473140160399
-0.73588158654116742
-0.42823269629273492
-0.66508160606472277
-0.42250132573885174
-0.56764177129010840
-0.41321133033743923
-0.45499858146683864
-0.39248482802429702
-0.33479201089763549
-0.35660233735056229
-0.21266997704177426
-0.30188209553834339
-0.08845116113876635
-0.22712281354873215
0.03311459261241435
-0.12157383475265629
0.15137168891181194
-0.00157445464409001
0.24983011553042003
0.13832569552982227
0.33227761992918364
0.29397082021224952
0.39489824531254936
0.46194088697163832
0.44690355841174356
0.64328483312696405
0.47547932320759456
0.81241257762771368
0.49205474957907386
0.98632048568141029
0.48552083414059449
1.14312948160482253
0.47290037050248251
1.29450067029930538
0.43758680098891961
1.41193311260265331
0.38385454652038348
1.48991882640541218
0.30937048228951752
1.46631063357196378
0.23972700392662113
1.37701565687597394
0.16175638118686966
1.25910838604437880
0.07264750573236271
1.12341134033384726
-0.02762317359979314
0.98446583697722756
-0.12912654345453725
0.85001041631511121
-0.22387531564756175
0.72816150393920542
-0.31420496168287265
0.61825428022609485
-0.38983938418053243
0.53476720540238654
-0.44689863989839640
0.47013672799533163
-0.45361690407856708
0.44225052856126523
-0.39903746063139023
0.48477705018640027
-0.32697440109466558
0.56122808329215057
-0.23887787873396960
0.64688717398598905
-0.13672501208341978
0.73478399225883140
-0.01291389424773468
0.80756629822366899
0.12208944141024665
0.86174694270442109
0.26129929269014246
0.88806298360258118
0.39353593733132014
0.87341871542524729
0.51549723466190589
0.82883672878524040
0.62103616771458325
0.75481579019632961
0.69949006729578511
0.66199953814596646
0.75300210749491725
0.55717866229345503
0.78399378590785918
0.46193850690510285
0.79497352805236265
0.38461643720891908
-0.68543706510043489
-0.59322402494878190
-0.61686553972888947
-0.58531607793276497
-0.52456197142221606
-0.57178929626768682
-0.41878661042819765
-0.54565448855228926
-0.30927375534728579
-0.50220369456939185
-0.20084726136241665
-0.43937272704088115
-0.09796025511666615
-0.35145133739979029
-0.00135501458444998
-0.23813553561187495
0.08505755304836210
-0.10342643164066223
0.15873390127936873
0.04599450457927258
0.21468028246096701
0.21529132550482000
0.26688819523452567
0.38829824642000355
0.29918056195347320
0.57448945053880363
0.32503736813853601
0.74862449689521782
0.32937116234033831
0.92972915799304656
0.33465948247341876
1.10164087686662548
0.32332024669487663
1.25733413271235794
0.30617687862473691
1.39604632979221965
0.26380938440258977
1.49368927432077014
0.20207530448129687
1.52088251932073204
0.14019295291489148
1.44798724834304382
0.07287460694034963
1.33802062459871518
-0.00370293448414265
1.21048755037305167
-0.08830848475077280
1.07164552540327196
-0.16819629661291161
0.93792898098845912
-0.24079215304213558
0.80870095305781420
-0.29592200237882799
0.69108729189054630
-0.33856607022013396
0.57996057296290804
-0.35261882665587252
0.48982457127239187
-0.34289922003848455
0.42350518968892981
-0.27881821162299092
0.43909113864353605
-0.19837611633862598
0.49427243384768182
-0.11279413002857018
0.57461791990467126
-0.00476575204502029
0.64752955258267064
0.11445915062639868
0.71088745159236888
0.24815747608143793
0.74970853301140938
0.38011082148012787
0.75817632835103876
0.50402502179104236
0.72505573016129776
0.61891232511077154
0.66355857603012880
0.71329274197543768
0.58026789043258409
0.78556526062605037
0.47631020094288240
0.83302353190434419
0.36977620014574181
0.86151032939624128
0.26550124840668760
0.87296338435391185
0.18926847921879564
-0.63621201319033904
-0.74508224975813131
-0.56755279693526517
-0.73441551469559185
-0.47853100662293696
-0.71762629341401030
-0.37880249536165717
-0.68816095444871872
-0.27612707004381126
-0.64019028121667310
-0.17907624354462714
-0.57054626880523907
-0.09442616392532531
-0.47546795168756073
-0.02423485172504255
-0.35285752446157576
0.03603365622517127
-0.20974644614409849
0.08121814847723527
-0.04878517874010371
0.12164211977369026
0.12184003667408662
0.14682109316460976
0.30504470198371131
0.16645269228241949
0.48800913236322319
0.18026950560618185
0.67851706019230451
0.19250578959111925
0.86363754914812429
0.18799669463967006
1.04538637381492050
0.18929259825033612
1.21495278376178995
0.17382171172702734
1.36203869742418227
0.14985955255622821
1.48408709846474918
0.10392233411425542
1.55409104905534368
0.04703373471237988
1.50528522934251141
-0.00355987116487641
1.40599415323826427
-0.06182688673609930
1.28273444526865354
-0.11742998227108621
1.14639314950213866
-0.16480687888750528
1.00285970346812547
-0.19411391611474305
0.85808313857318730
-0.22048103701766181
0.71427913505535046
-0.23369031180152533
0.58584469482621848
-0.23638919122288571
0.47353406558563660
-0.21117113346695870
0.39349482041831219
-0.14791330591204946
0.37266046394763169
-0.06789247553165086
0.41062381589052116
0.02237883440092006
0.47134866771758555
0.12122016990408638
0.53625034030996221
0.24000917277489434
0.58586916997890359
0.36270587377937386
0.61158116127646722
0.48591366182974033
0.60349556550511196
0.59743967250872820
0.55510425624630466
0.69177854965583607
0.48166320079984115
0.77323217214457707
0.38544838508057822
0.82902183500959370
0.28209264932654821
0.86981351111164384
0.16627283754964026
0.89194370696423930
0.06578444707524410
0.90141573199593539
-0.02336830534852162
-0.59418333618540253
-0.87761809758169773
-0.52371318706032144
-0.86475230435134098
-0.43415812437202644
-0.84600796533045231
-0.33618431317994768
-0.81524807437172664
-0.23896719867137295
-0.76581641600825023
-0.15055146663308419
-0.69242043307207102
-0.07914046206182500
-0.59221185128059239
-0.02875298974573359
-0.46622712645529724
0.00563425777839347
-0.31601312725492736
0.02904743183728549
-0.15232881681254828
0.04128966383950923
0.02344955482047857
0.05517358031101773
0.20428785816076209
0.05714923109295509
0.39921658088672296
0.06837491473318963
0.58816016893280709
0.06730301412746495
0.78650851156727108
0.06995833797711662
0.97698887973669613
0.06292023594014212
1.16194678582642230
0.06022591104917886
1.32131652995622617
0.04236626639720994
1.45594770764385895
0.01973773009538098
1.55776070621946294
-0.02132971501429236
1.55077437900514914
-0.04691228101037557
1.46178060217865813
-0.06094582842642500
1.34050572093376830
-0.07400139496165974
1.19301886262299717
-0.08430022906007573
1.03245363943892920
-0.09671483614002763
0.87051039056076129
-0.10244126149276717
0.71417815864115952
-0.10525845150164483
0.56993135831021746
-0.09318889747897210
0.44510028451176331
-0.06531834207837703
0.34583167687626309
-0.00462910925518602
0.29926010916577822
0.07572470171998244
0.30613137988902567
0.15275518139801963
0.35895384375896949
0.25178403748980488
0.40559876360496677
0.35611652060416027
0.44197146148686683
0.46888456514148863
0.45516928366184817
0.57673910264555539
0.43451099070241045
0.67098217992056575
0.37341656717338184
0.74579010314561889
0.28714768254699491
0.80260770386241775
0.18806406434815842
0.84606090040358795
0.07791302858473718
0.86756343154843762
-0.03767905736993035
0.88443561072773647
-0.14571610008736244
0.88657076973306637
-0.23029542801841721
-0.56113948897056998
-0.98399540630466398
-0.48935016810609328
-0.97273266111784917
-0.40016831937305758
-0.95454028987398742
-0.30110962711251094
-0.92380688214083750
-0.20362576084994893
-0.87498213890040932
-0.11957745339976550
-0.80163422627339709
-0.05410230491092585
-0.70043020619577701
-0.01531280269879788
-0.57187398629594155
0.00544575409089593
-0.42315036689262459
0.00964256798094472
-0.25467010669113416
0.00795841123423945
-0.08059860925293680
-0.00027883463043361
0.10721736882396046
-0.00973762758207447
0.29353077261607247
-0.01509557085043444
0.49850865857575155
-0.01722866082686414
0.69739858863506143
-0.02554535991461837
0.90465524192695990
-0.02543449022344110
1.09558664512504045
-0.03100547131192890
1.27451369927234759
-0.03426408304996999
1.42147511102023194
-0.04293736007214139
1.53099049578169688
-0.01356968062640540
1.56800336460117062
0.00714186003566168
1.47514571387358417
0.02334983571316721
1.34715582257964916
0.03174842247034653
1.19710138022869450
0.03523230636306186
1.03211089516295895
0.03572747741190709
0.86439901042669420
0.03902588472016930
0.70045272441436279
0.04492585331786398
0.54717301410766950
0.06544452014679929
0.40793794948655060
0.09395312751657710
0.29694422546034155
0.15397058997590207
0.22308886125131530
0.21638321342701017
0.20250242400686538
0.29208146176726135
0.23016901994280020
0.37205213122657887
0.26380742323447059
0.46721084904957805
0.28567285310823892
0.56219148899236482
0.28700639773733944
0.65244549652797923
0.25541946347684724
0.72531246828492701
0.18510822332538948
0.77595903555229528
0.09132828170207546
0.81430547686003729
-0.01445778121486300
0.83544048927606984
-0.12665884371675967
0.84387688402318761
-0.24354843499840978
0.84457807608286295
-0.34196224178914369
0.83420555116412531
-0.43853915279072081
-0.49930655627987280
-1.02393204395181714
-0.42603391093782694
-1.00977818856010404
-0.34382673984566847
-1.00456616263202947
-0.26346764515692345
-0.99775489505013515
-0.17893522452606758
-0.96346041056900411
-0.09362935937095659
-0.89565483119043587
-0.02799479596298733
-0.79601711309911249
0.01065979672502944
-0.66890619861602940
0.02768290064889279
-0.51925720049554269
0.03172252198645561
-0.35711822001346288
0.01841091144143948
-0.17674369324511760
0.01061581412899255
0.00747772391746378
-0.01192298399273714
0.20340368700347436
-0.02534165845845460
0.40759364628062095
-0.04174846981150417
0.61465841186409909
-0.05115792905850809
0.81992445179325868
-0.05949183166581944
1.02487506834491748
-0.05362713929815199
1.20804416480902943
-0.03987849721119251
1.36856823049487830
-0.00568837901299050
1.48897814353612090
0.05075076500455495
1.54270103060352448
0.10474899813311549
1.46412796753382701
0.13297913885962545
1.33870527109786086
0.16025044734105701
1.18740483595821322
0.17450772496266789
1.01909708720763903
0.18677914398084006
0.84872437609528584
0.19775935784838983
0.67858841175225071
0.21328273896234901
0.51556555429505735
0.23277517020626279
0.36849850138685603
0.26977088484922601
0.24749285236963817
0.31090403861103727
0.15288077418591409
0.36103402724986394
0.09617760277494047
0.41674868862840775
0.10678820024950222
0.49079616552341643
0.11641727273460936
0.56478704713613637
0.12287224802933110
0.64256272681343762
0.11169401443692729
0.71068298610471559
0.07226048287863945
0.75656252306076444
-0.00456478389598220
0.78602477178400387
-0.10444904536163813
0.79945264869505295
-0.21007702091584157
0.79951973693271761
-0.32303628620811226
0.78825523870300251
-0.43334164929040664
0.77036544289126163
-0.53298487796661620
0.75389160647295039
-0.61268549642667081
-0.49067897608860456
-0.96581415621858024
-0.41229129667062991
-0.95229701094967212
-0.31880796920437682
-0.95703649698169013
-0.22723658820631831
-0.97697146168540405
-0.14711246567713845
-0.99869206854104708
-0.07407243534483232
-0.96321452456722390
-0.00489000216473925
-0.87187158697351597
0.04219447697888990
-0.74681957347713857
0.07053066315336491
-0.59922519513183237
0.08259593796280473
-0.43011353145085485
0.08286541915957028
-0.25560511589545926
0.07422002790923453
-0.06349499657668915
0.06029494070794948
0.14359206285148166
0.04153622519460033
0.35285148802471905
0.03085395862509775
0.56585405854459314
0.01755561302754061
0.78023866925514218
0.01763355984036053
0.98497133325539976
0.02411492739079625
1.18212493187517942
0.04883003744028534
1.34727920387885569
0.08608720688272098
1.47863732114858948
0.15662040462441515
1.53487609697465666
0.21755237380517317
1.46389974167768400
0.26560062143144647
1.33768154965027319
0.29765295070180975
1.18457333741180593
0.32656267330374367
1.01427584543603921
0.34509720479112044
0.83584094371843054
0.36827118953870486
0.65814483903296728
0.38424710537744083
0.48786008894705929
0.41165402827579956
0.33302608500601105
0.43731261996164433
0.20025682422893357
0.47591881539456593
0.09015677781663185
0.50324660294775370
0.01883880375991965
0.54511337793993109
-0.01321597570977172
0.59348993086271451
-0.02723637934118257
0.65508391507352193
-0.04332732069925956
0.70802789930914334
-0.06844857532061326
0.74983625703163392
-0.11392183577090811
0.77050093732879821
-0.19375542557181333
0.77065501919481672
-0.29257406965695204
0.75364529416020309
-0.39409631102349596
0.73686975630812346
-0.49231530955154379
0.70475423110375279
-0.59743751445920967
0.67477298304483047
-0.68632836616038173
0.64572452583566775
-0.76692109233089101
-0.51500100522485937
-0.88479921461804389
-0.43309556653983328
-0.87073211268228157
-0.33262818251874682
-0.87905946812285030
-0.23016488256005213
-0.90758678935200232
-0.13572453152349243
-0.94652194998725048
-0.05066773963255870
-0.96988903910284430
0.02667015726500455
-0.90953239724395840
0.08880605146521774
-0.79120896100128280
0.13159695125353832
-0.63949146580263427
0.15905219138646134
-0.46983604691912029
0.16872615409823566
-0.27736385947460201
0.17237876446946704
-0.08224493275105152
0.16533345078202349
0.13080931038699195
0.16012431050965364
0.34225263049278598
0.14349342170445731
0.56392809569658153
0.13748761314002397
0.77744948598273877
0.13342793792260335
0.98962865700997005
0.14495384822206958
1.18199733296061882
0.16672921621171755
1.35459509638177233
0.21088912404826349
1.48305117851214607
0.28072470904373803
1.54626254971041655
0.35395117960651334
1.47222910917645966
0.40179485849998930
1.34707367908439268
0.44946005432954517
1.18833988360837761
0.48130548839356452
1.01501357746711118
0.51381800744467288
0.82999748911126159
0.53619759420318802
0.64510108721775405
0.56201190769678044
0.46736879709288992
0.58202093383569220
0.30464551444321236
0.61053468159722102
0.16157450659013403
0.62714576526374521
0.04270561216772706
0.64714885131705324
-0.05546683049914547
0.66253764042389196
-0.11814874906310431
0.70343883938315932
-0.16620210386300371
0.73544611440993823
-0.20569144430086758
0.76162574215408518
-0.24632964680660019
0.77092891001211428
-0.29963482545297659
0.76127984754640665
-0.37553780599184000
0.73368931035375773
-0.46318245371951816
0.69799758286395919
-0.55370298547206309
0.65178731134168966
-0.63931221039789587
0.60315277273657353
-0.72990638235303318
0.55265438931815503
-0.81367246193392850
0.52206151070315177
-0.87846464745033703
-0.56073574540116522
-0.79580936818881909
-0.47490165237796356
-0.78321215984115611
-0.36770110687023710
-0.79512311410279679
-0.25472008153780501
-0.82879146560111017
-0.14561436149599719
-0.87357671172296747
-0.04411155662395497
-0.90928749222538685
0.05687323535099297
-0.88399361276429544
0.13921776631680147
-0.78357776519749911
0.20126163631679744
-0.64091651349948109
0.24274072274840902
-0.46589374016397722
0.27141320108977324
-0.27608237206140285
0.28304162690377543
-0.06365258707208005
0.29016952130676005
0.14608686892429010
0.29133239867704663
0.36472039745078977
0.28397005332659436
0.57743477001995325
0.27654620831727761
0.79907744739642406
0.27806045810529934
1.00462251271432335
0.28531003944324029
1.20157417288274670
0.30888078463268875
1.36614581140629521
0.35172411247747443
1.50061308176864916
0.42655698952395771
1.55745483724290823
0.49761969829944036
1.49223233687420676
0.55618467127827176
1.35917218300119469
0.60036253903903303
1.20020286263864362
0.64678601129650415
1.01890857365700360
0.67881559352943199
0.83077555973511030
0.71173071821829725
0.63940738231076710
0.73077464276285831
0.45533244241515519
0.75528300300688067
0.28324607539247271
0.76781602102710111
0.13393613905366827
0.78449102995742126
-0.00542885417533797
0.78969701025888028
-0.11562302018936101
0.79845523897626958
-0.21767242476958737
0.80651906960989184
-0.28584866850667573
0.81683590795909466
-0.35496754229703958
0.80584598464002688
-0.40818101720987826
0.77931259333391412
-0.46256537474759934
0.73626396275406547
-0.52994217689966450
0.68119728402300905
-0.60234090155810249
0.61726372053669787
-0.67747577199740427
0.55202348396534939
-0.75187947963794066
0.48073345062313799
-0.82673077108130832
0.42253301277134941
-0.89714908864296183
0.38256190382671024
-0.95862669683179613
-0.61884204127478248
-0.70681496601545546
-0.52969022549913558
-0.69766703815913045
-0.41496589651323645
-0.71196840084438839
-0.29212553491878440
-0.74942184382275245
-0.16879534760285189
-0.79721671405155503
-0.04843026116646525
-0.83742405499972405
0.07220009510938652
-0.82764856824607480
0.18209472778031632
-0.74794222001183586
0.26853092930250499
-0.61565170289506821
0.33346368400928805
-0.45057201610312853
0.37660678627072258
-0.25533971534904187
0.40868875142434413
-0.05148002983093256
0.42629260327143348
0.17134069258326018
0.43911400147933588
0.38467130262444277
0.43887220162597473
0.60629206346988562
0.43546573829102841
0.81754532458591289
0.43607893451439156
1.03038815737991518
0.44384781270406864
1.21845108078818321
0.46509276471607491
1.38677641233964000
0.50788873654602529
1.51507144612277789
0.58231832664169869
1.57559350095061346
0.65765316887885517
1.50542832795718473
0.71421138008422680
1.38030625446713984
0.76583032208040924
1.21308594069854614
0.80842598593588189
1.03311094982032037
0.85017501586744637
0.83517741548768742
0.87451946317833151
0.64162492466927445
0.90081991747598056
0.44873961942208834
0.91279757461179289
0.27318973194681695
0.92708656713590287
0.10553678157337758
0.93021356113872300
-0.04068135147938996
0.93236511558363444
-0.17978329885062383
0.92132159025923477
-0.29236847158445423
0.90802371647919944
-0.39273206832737317
0.87590421188989109
-0.47298449973059437
0.83848968543595992
-0.54110876130719732
0.77503577643071486
-0.59168175973991932
0.69954117840657937
-0.64550220385591706
0.61389506428767149
-0.69919434177165862
0.52447107276724703
-0.75749573882282095
0.43629216632103940
-0.81682498235107870
0.35396469468333125
-0.87800602850349097
0.28425578472095253
-0.93916830355732916
0.23949542192928422
-0.99201334005208375
-0.68398418324769683
-0.62315337462499831
-0.59146537164126911
-0.61702592015363800
-0.47134610594460064
-0.63662545225330236
-0.33937776750642051
-0.67759343174228814
-0.20407455159267515
-0.72792519620933860
-0.06435516743280842
-0.76524460251200677
0.08135304521704143
-0.75961537581685401
0.21669737711389678
-0.69725767353228230
0.33044609220680504
-0.58104508601248328
0.41806964710190436
-0.42147797241840346
0.48643818596149307
-0.23678075622932160
0.53424114583300653
-0.02872178271344239
0.57130483379599950
0.18336221318162002
0.59423525521148235
0.40721254583189642
0.60444697441732953
0.62023196709821027
0.60783744395356065
0.84129416518458999
0.60724387344957687
1.04311156576424424
0.61516084209986521
1.23634915631928455
0.63526174885617404
1.39896571494663080
0.67644773270763214
1.52818847147614179
0.75019702682208544
1.58489745750188304
0.82564025923332418
1.52362749666097153
0.88313922305309911
1.39362812163249439
0.93006508561508727
1.23399484388867986
0.97669821967161485
1.04378576283980506
1.00904692585467148
0.84929171961373962
1.03918316800769506
0.64754112876143677
1.05316252088752260
0.45313086216394094
1.06676448168563454
0.26326710717581070
1.06769693471315374
0.09117837142359479
1.06873529136031387
-0.07747639268466067
1.05703021774429540
-0.22094334015854131
1.03285993788997077
-0.35766237300758791
0.99346328622792868
-0.46363901797735518
0.93090367213463654
-0.56340174937858001
0.85514394205896971
-0.63428480980766322
0.75615339060255482
-0.67480934434647377
0.64720858263279524
-0.70836408758836911
0.53589684209123412
-0.74214255918417027
0.42799116303247303
-0.78467346251174130
0.32494439853693929
-0.83079304063344084
0.23028936424357085
-0.87968152089373086
0.15180844001722696
-0.93039402687672301
0.10104780473388847
-0.97891730556334589
-0.75425818715006798
-0.55227762973088268
-0.66052901579211953
-0.55176447694928488
-0.53661446814530878
-0.57855204115717118
-0.39305496321561506
-0.61752054589812144
-0.23822069891903533
-0.65782387130975495
-0.07756264365909993
-0.68825474690506117
0.08559354468721035
-0.68927703654057337
0.24520027768365071
-0.63848275092225981
0.38469585941972317
-0.53823569725781195
0.50160548461089627
-0.39227585442788587
0.59211800281600036
-0.21154499935386686
0.66586191566382968
-0.01515588722872525
0.71552145667968547
0.19920803544677071
0.75363406940644706
0.41168732166971389
0.77966967124433184
0.63463822592650621
0.78316920232022780
0.84143619492974708
0.79012440911650139
1.05172664185618703
0.79780164619798777
1.23706014629378491
0.81747099169356718
1.40234776519953153
0.85619594134061328
1.52860422844872512
0.92571488207599306
1.59343308365187797
0.99835984376492681
1.53424625558010508
1.05073494111025734
1.41127581995981832
1.09631541765957041
1.24634620769232241
1.13530373347856828
1.06659880303520693
1.16911916240895630
0.86445356210865221
1.18847228228725665
0.66593277125859485
1.20329100638436648
0.46164910926943908
1.20326595076050102
0.27251188439031565
1.20288208739329883
0.08606605670789179
1.19222551075797534
-0.08289429007307975
1.17202151445475944
-0.24351190403903475
1.13130165094310131
-0.37680812746460224
1.06774068441278303
-0.49616539682665212
0.97621909787227146
-0.57690189247871826
0.85449412745220321
-0.62455049843551347
0.72329251919797377
-0.65466097685601565
0.59313270778399074
-0.68325503767867068
0.46791310782912593
-0.71357743398711093
0.34704639297813561
-0.74742720802620943
0.23194196567604700
-0.78447485264993677
0.12731511174818694
-0.82627827313671931
0.04143136366780291
-0.87304940922552299
-0.01393582976618234
-0.92107594507150059
-0.82260028127905960
-0.49188754254411249
-0.72582168060837471
-0.49402105170046523
-0.59351595321255157
-0.51547446859942481
-0.43773743078326910
-0.54788175748803458
-0.26774210458212444
-0.58414327655643128
-0.08888219297222787
-0.61085625028979484
0.09387134232343619
-0.61400650389645228
0.27125048004306074
-0.57725670293241282
0.43379033521557558
-0.49479868607271960
0.57501661199806375
-0.36166130216435100
0.69346555036882984
-0.19475736557789658
0.78838391241841077
-0.00256277336798396
0.86188935910822073
0.19897791228710360
0.90760484266206631
0.41322787597526756
0.94442772009510545
0.62647683264448095
0.96579864791585468
0.83856085949862869
0.97400761580321282
1.03802835692333839
0.98737700598003830
1.22712260319206945
1.00478451354846410
1.38836115627525669
1.04049654573370631
1.51869006886624036
1.10129430580806331
1.59036397940888241
1.16926335491343658
1.54292135749041259
1.21554923405538928
1.42091183037745084
1.25531819977192027
1.26606450561908868
1.29133983160485499
1.08412609471629318
1.31537627965349024
0.89336981917270453
1.33427260883061316
0.68945835893324592
1.33439474925588897
0.49354549022791427
1.33039253289901360
0.29789213862558034
1.31850944572657780
0.11646530323192206
1.30240915418892511
-0.05721653266672871
1.27017958190916569
-0.20811350817454879
1.21506998986450254
-0.34213530888858612
1.12610165952649899
-0.43878416860590197
1.00548643039963825
-0.50426866147964233
0.86480967825986044
-0.53607192231716816
0.71917897615008786
-0.55979880394223114
0.57704621870471207
-0.58724992143931443
0.43822522744285741
-0.61696030003457292
0.30384972951841266
-0.65038484028451360
0.17647036431297380
-0.68821737449038234
0.06117112693342391
-0.72916532280617341
-0.03375448085499223
-0.77463605508644340
-0.09627032252747701
-0.82144990312684685
-0.87725605893709779
-0.42201388505548404
-0.77788159930377232
-0.42578550286414102
-0.64027735002930086
-0.44660140118054342
-0.47547830854177647
-0.47798110738582300
-0.29323201159692053
-0.51199685807340811
-0.10203313802146494
-0.53871597509214841
0.09557113809557724
-0.54554527818335796
0.28917040233915703
-0.52056788606802895
0.47293342613304618
-0.45268793805763102
0.63915369825149448
-0.33669210013278439
0.78412741827918697
-0.18133990504139860
0.90375976028390070
-0.00354313374216525
0.99075026572336589
0.19375344854105184
1.06002500582397929
0.39603706609237505
1.10398826443007181
0.60484644160545142
1.13593412698332186
0.81129856341025552
1.15837606164859452
1.01318887334530094
1.17179263052225591
1.19344069457097279
1.19096975663273352
1.36013841082399289
1.22013858041916667
1.49097773979033255
1.26973629485752548
1.57485220176261009
1.33144189954591385
1.54221965595261246
1.36965243897256084
1.43282438428558434
1.40561014725762878
1.28108817377707096
1.43244109618093329
1.11243809335498955
1.45364526383818249
0.92484991187333687
1.45876690773907147
0.73575701117516401
1.45235038405199024
0.54108636956017186
1.43297251902427436
0.35532988256537545
1.41063791524078885
0.17569567504390590
1.38307944344390732
0.01039462341067923
1.34454553750874894
-0.13804218633694421
1.27739920858866496
-0.25947691254715238
1.17602463886810815
-0.34983156447917346
1.04800828471908636
-0.40292493221792430
0.89953593052438041
-0.42873209684960367
0.74149517220697037
-0.44266277530836495
0.58781264157782176
-0.46577960782932509
0.43814439177870151
-0.49468658520752129
0.29389541271796804
-0.52944194152590951
0.15778134799138113
-0.56730070297519719
0.03232624779411523
-0.60788613534952318
-0.07162392070057140
-0.65214462436574194
-0.14058281723303281
-0.69870883279099383
-0.91545798494187192
-0.34172863746825105
-0.81546783334683581
-0.34994209738521326
-0.67642021424169929
-0.37541781811827246
-0.50852276667144569
-0.40936795179194624
-0.32085748186665475
-0.44515869317835011
-0.11915195016914637
-0.47440102111913734
0.09008551803644896
-0.48715907212659892
0.29894938874143862
-0.47239888428463950
0.50194584435371370
-0.42208417216205585
0.68986750577394251
-0.32084171359172053
0.86041305869259976
-0.18592361295742260
0.99736220510274043
-0.01528562945589306
1.10714663455812046
0.16886809855042112
1.18497338897552451
0.36627037072228341
1.25175050222746997
0.56430444063488416
1.29754803195076196
0.77362630154705736
1.32676270841131050
0.96014659290317284
1.34616286122880591
1.14698230213876040
1.36277608615100254
1.30747746873883020
1.38690289285855939
1.44618219385847313
1.42432050654577558
1.53745819032797915
1.47848489010421891
1.53804056754055263
1.50820748304017638
1.43980923233758684
1.53467427607648554
1.30387414635404530
1.55460721496700538
1.14130512980711551
1.56435559247589606
0.97072259965780350
1.56179387487033572
0.78953066875602451
1.54048390456846573
0.60907487285797468
1.50619782054143703
0.43186199925457786
1.46752824013315353
0.26404867140990901
1.43233465261112713
0.10416806818631492
1.39494716983684564
-0.03850155587176034
1.33038279473263388
-0.15856480129893064
1.23096125701634285
-0.24115898419739182
1.10148261873407560
-0.29032337245162759
0.95194294458043327
-0.30980228717941977
0.78953948027987364
-0.31995766682999233
0.62768510045600845
-0.34030818914397487
0.47039948700602707
-0.36893449989902732
0.31872289987988212
-0.40313554358989356
0.17347138614823104
-0.44138612714073044
0.03948630979110523
-0.48088938342456961
-0.07244700460911799
-0.52339596961872126
-0.14710888438737857
-0.56909958347478418
-0.93357149674807727
-0.25089612177802906
-0.83533375789119202
-0.26488201598219402
-0.69838584302358420
-0.29766707937737730
-0.53245915080828754
-0.33919087245986224
-0.34297926340005402
-0.38173354916526148
-0.13781819629143174
-0.41593579710193329
0.08308343835507960
-0.43526038409663559
0.30475426774582925
-0.42757175989398211
0.52546499241336087
-0.38868056330323059
0.73047914094658362
-0.30836255101405563
0.91719311153872629
-0.19290140167829628
1.07337701399923224
-0.04387085870273710
1.19490626640605901
0.13404812760396026
1.29486163298260171
0.31863845772312194
1.37026984130205842
0.51738351684582873
1.43292433477699688
0.70523352805200168
1.47467827579670563
0.89756154354765738
1.49937511381051913
1.07092217471545448
1.51537858065566100
1.23864480371131691
1.53359522837594597
1.37766448020523180
1.56055314362514519
1.48414849106857560
1.60372192171882788
1.52316421717677120
1.62396443017198866
1.44812083973408301
1.63704094367538544
1.32753924809732093
1.64194869290083556
1.18483741179064306
1.63668844742400466
1.02732215723533549
1.61548007834482266
0.86411381666326359
1.57965126027974856
0.69584974490385543
1.53385225369030409
0.52938101885999267
1.49101614814983496
0.36953803758927301
1.45855849235838786
0.21658786894894483
1.43509884576310243
0.07489012683716165
1.38409700802807789
-0.04196580166018559
1.28997431259235218
-0.12552727735227190
1.16424504330340350
-0.16939024547529866
1.01594210950914121
-0.18757986989835226
0.85477376688125450
-0.19657096246025366
0.68876334844066744
-0.21593105089714870
0.52566549706097720
-0.24447766738061055
0.36633978127506950
-0.27978041060627906
0.21497983212371036
-0.31826634357325245
0.07653054031827461
-0.35746493634133936
-0.04213289561052216
-0.40032196993684865
-0.12154772609810834
-0.44504827460393764
-0.92867396926794588
-0.15164001035480718
-0.83299816498093149
-0.17109133538532462
-0.70170865802662952
-0.21075301228406357
-0.54076752309703557
-0.26143472122426337
-0.36010351556615500
-0.31321665113432368
-0.15655632784072779
-0.36066905458972859
0.05550874253438597
-0.39126627249372886
0.28588679239394371
-0.39882630839761601
0.50815142998046836
-0.37413884776745077
0.73510481194636956
-0.32193464585869541
0.93777596660102791
-0.22129071918456991
1.11267766117308664
-0.08429860548152225
1.24899670151721431
0.06994088116815712
1.36415398243453168
0.25115005103297700
1.45847358715955555
0.43166444007093602
1.53765755039840046
0.62409467079986314
1.59277923870046401
0.80705417806402202
1.62360296384139313
0.99154297060790142
1.64323588577672930
1.15244538527956797
1.65613005825606097
1.29961957357427438
1.67280208428147303
1.41496192336584214
1.69892362821460430
1.48913694076274394
1.70918016252611871
1.45335633428737365
1.69415329470074538
1.35988476997694852
1.66412863919455245
1.23695494257746264
1.63084374355837491
1.09599403284277419
1.59882657480044599
0.94466272459294465
1.56345595378666657
0.78844920042411559
1.52718476341502374
0.63160487579233415
1.49979824353329638
0.47871864608395931
1.48242203282089968
0.33355552722629589
1.47482011448704320
0.19717261511661308
1.44320756492257063
0.07764520124255507
1.35866406167723786
-0.00588114210252126
1.23636939379909094
-0.05145472328898031
1.09216233044925337
-0.06958598403280407
0.93278984564338707
-0.08006955895927992
0.76730831398665889
-0.09818897825255594
0.59915952886089252
-0.12748680215555225
0.43575532336315370
-0.16419295680521609
0.28091904388195749
-0.20497442410693303
0.13821759077316573
-0.24593479118119529
0.01776968435982625
-0.29052074876623246
-0.06292748777208232
-0.33536936163519698
-0.89849117244578058
-0.04330599744059992
-0.80574072818006059
-0.06830424252698343
-0.68023576491033000
-0.11621489145666242
-0.53002699572994427
-0.17409123069635024
-0.35557554598898883
-0.23724370373330322
-0.16939574474822849
-0.29341181709856079
0.03864283758349193
-0.33992732223212929
0.24678296123293048
-0.36529180532535155
0.47661922979731264
-0.35877759896123007
0.68851761715692317
-0.31832005536000468
0.90081791866450722
-0.24040570688913951
1.07418472625564787
-0.12798805458234996
1.24114308202254242
0.01894256232964612
1.36889446836767137
0.17994534402743093
1.49465418048943732
0.36054837598478723
1.59218327394144432
0.54081708416846741
1.66571753103349307
0.73245654198878341
1.71131223178411140
0.90808788116833972
1.73474303613414627
1.07321863445605814
1.74588206065452356
1.21765330357056811
1.74728211928232002
1.33847295098650032
1.74240685407152873
1.42093421676240594
1.69414039951073336
1.42894001204686050
1.64273131689302443
1.37348437338691887
1.59930571882617767
1.27505595941993111
1.56515836053734403
1.15394013802096262
1.53921153977826730
1.01811857063024735
1.52159626698973649
0.87437573973944549
1.50904768227931663
0.72829444101056595
1.50687082864618915
0.58413047483661940
1.51536878422766419
0.44620982393836206
1.52308528482429373
0.31569872164983187
1.50767919653037108
0.19538311937409944
1.43599138920184655
0.10732420729950000
1.31890579642663508
0.05934535080500328
1.17832046935964363
0.03680607834919520
1.02359839323119806
0.02360751770915742
0.85967334219445213
0.00535598099942749
0.69110399141067158
-0.02504849837898351
0.52579988107797282
-0.06754979458223499
0.37077253084433787
-0.11469859452352110
0.22970364333360979
-0.16194618310280021
0.11319688618926307
-0.21122869887998583
0.03709241228735990
-0.26424374124614408
-0.84562577386758886
0.07158671936676439
-0.75562442699565135
0.04164209101502805
-0.63617539401651579
-0.01310317145754228
-0.49192804107920923
-0.08015980058613727
-0.33362201652198348
-0.14929490475395651
-0.15004578653611922
-0.21816550615351821
0.04008163910118125
-0.27180353619052094
0.24880339663512871
-0.30596558440599814
0.44701614451066235
-0.31047800272271087
0.65272991367475697
-0.27855440517272823
0.83688058518779540
-0.21634094632354214
1.01717904636077505
-0.11518109492694786
1.16861261271021921
0.01463195371769906
1.31598515804284388
0.16439890513328684
1.44410098979217061
0.32760573612914717
1.56814053608127724
0.49455539104226415
1.66470821239873534
0.66773703309390930
1.73583921344831626
0.83586004064882924
1.77125830220893499
1.00084769192187650
1.77635979505215724
1.14398761599497290
1.74945139024163643
1.26315722930999041
1.69668428253747705
1.35098320762125268
1.60974633530921207
1.38475364812743162
1.54032579637280476
1.36571690016751024
1.49863086548373414
1.29264994444102377
1.46538413992400529
1.18994607198159064
1.44888553303400180
1.06994774019880090
1.45693917216652657
0.94354848684974468
1.48259057214122758
0.81061754666363606
1.51367214149674090
0.67714220392763369
1.54744666194804026
0.54522411677628435
1.57480667002924868
0.41906755772034010
1.57573598734269593
0.30194659884702674
1.52029217691602314
0.20702975335237483
1.41214882133301067
0.15190638987546390
1.27886438365344723
0.12059447570962124
1.12927428543754660
0.09962850876189697
0.96921559256584067
0.07624856937007979
0.80391489838269514
0.04009952011829940
0.64081757143185913
-0.01084805811709057
0.48908429479536475
-0.07269132915810908
0.35435693277535441
-0.13648878660361979
0.24390877385200849
-0.19878084465365164
0.17252845075459608
-0.25862858858523635
-0.77881529758348977
0.18861342891847821
-0.68914276643351036
0.15549240775398798
-0.57347929026679656
0.09823787581720365
-0.43856646689686646
0.02613674572556626
-0.29282091332618976
-0.04910900496141633
-0.12909518325607316
-0.12456348369027005
0.04290918870892591
-0.18277700733216912
0.22704467240203366
-0.23049298985185035
0.41427254611819747
-0.23974412987247695
0.59196096077464522
-0.22251747705676983
0.77346725449117926
-0.15932657505894565
0.93744952632762490
-0.06344710324144427
1.09118190007183147
0.05728005205256171
1.22553404039473279
0.19812664487244255
1.35805894595108345
0.34478180224361377
1.47433704120795817
0.50368356464152464
1.58278653886399878
0.66152776782640010
1.66028408172449771
0.81981077094853627
1.70701671138161237
0.96968924837029924
1.71343474648626093
1.10789540580249279
1.68125630722256592
1.22677772518338002
1.61074409052411927
1.31487129970247807
1.51186737537794214
1.35208181723835930
1.42320593758845693
1.34735583226190059
1.37910231901411717
1.29227757371384966
1.34740592141173532
1.20276356388478445
1.33723295375304940
1.09394271183533554
1.36244220610723255
0.97817250129007594
1.41814422893864545
0.86078324302702391
1.48807718535203737
0.74523494890355413
1.56134208744145164
0.62551176722329938
1.61792492269273280
0.50423694899575089
1.64176373086990246
0.38763542729083955
1.60646057711933055
0.28593221675393210
1.51654309788001673
0.21488243232369461
1.39115344397369789
0.16878863812463624
1.24814398482379407
0.13405414406741023
1.09386010137924061
0.09868979633059718
0.93396889946061168
0.05304015360366514
0.77375797922705303
-0.00634616022844737
0.62382921182816653
-0.07800536816425239
0.49262654551366986
-0.15401844559885453
0.38632515448468957
-0.22806512116066688
0.31908059345068818
-0.29556725596650457
-0.69942354617488400
0.30699976532532786
-0.60986083009111203
0.27025944264183172
-0.49605223387533320
0.21034149032111363
-0.37272706413160356
0.13896111931644317
-0.23805188116649151
0.05886651388422820
-0.09548707239720114
-0.01582470121534570
0.06054392625833399
-0.08824694443511986
0.22161378155729136
-0.13112547549246764
0.38196138692683196
-0.15465934685433477
0.54798899780087007
-0.13486460235072162
0.70196773565375858
-0.07356645897709380
0.85560460969984053
0.01858518490960291
0.99422927975672626
0.13476878142210416
1.12615047236662846
0.26321589987360866
1.24725559304679434
0.40290811752153838
1.36362007864341184
0.54873590894675017
1.46801118218491133
0.69773391787640726
1.55333048417057751
0.84633065792871054
1.60547936856110196
0.98823469893534499
1.61690583987926151
1.11885266148108942
1.58192818766172660
1.22927023452092499
1.50338122533762641
1.30310535414491313
1.39629437290755098
1.32518767111723701
1.30149344239932718
1.32020020559935025
1.25131120800199835
1.28055862281640076
1.22189056794248829
1.19494033185701753
1.21464512228367494
1.08959587598737828
1.25179926691921639
0.97743707500036003
1.32482173208673748
0.86871199703178015
1.41411631479666244
0.76444912554368871
1.51144769835625858
0.66104917414670628
1.61500464347056538
0.56043922062577223
1.68584577915312872
0.44708069426762709
1.68475402053012613
0.33471390577779830
1.61771693009959572
0.24157226628481687
1.50888666371766300
0.16987431202386633
1.37219215515350701
0.11967404447293818
1.22321145166574574
0.07217157284436752
1.06807114368586076
0.01791201146269357
0.91213048057367629
-0.04561687898628951
0.76462334861775405
-0.12110894703057297
0.63490921700922298
-0.20308219757919679
0.53066888980735161
-0.28348277764356461
0.46659874265028051
-0.35552188088586889
-0.61151858166221107
0.42842811894518357
-0.52234949148956189
0.39097145145953754
-0.41324663778340615
0.33011988591111852
-0.29643708834623844
0.25712183059944638
-0.17485837187366585
0.17878998684995609
-0.04729668649546226
0.09697497965456567
0.08867063643740268
0.02902077866599333
0.22363839068151900
-0.02733425978804830
0.36558048455155134
-0.04424325865694333
0.50155663726453847
-0.02318892356343330
0.64119369448758479
0.03886191810726515
0.76998677057286036
0.12858304392398864
0.89784976231864666
0.23768990368765883
1.01641225369571120
0.36073938609151196
1.13218579198680702
0.49172028785179606
1.24436260713129454
0.63000035835400525
1.34856482490887553
0.77056468828747926
1.43512533123472497
0.91089399050291042
1.49372365088242964
1.04370790645573441
1.50999772767479290
1.16452910390643516
1.47045182363939331
1.25926926486507784
1.38449618611331560
1.30707845717843596
1.27757895306285008
1.31138082870354777
1.18139145900501652
1.29952437897892459
1.12755608891015324
1.26026253727618309
1.09669637793260843
1.17425135906142697
1.09466785778155917
1.06611772288739592
1.14230023594405283
0.95324576237671743
1.22511715667341714
0.84645007081244095
1.32474396027884556
0.74495473548673519
1.43596854290693532
0.64646922067842172
1.55738062332139315
0.55316969768841295
1.66943604306756788
0.45341664565029849
1.73409464950965053
0.34277311844916181
1.70732822686914920
0.23025205355562664
1.61560750732483549
0.14059393967527103
1.49108852899917821
0.07141024920197589
1.34806919042369655
0.01248146479350335
1.19816937811463187
-0.04799063121190793
1.04860408970264274
-0.11628464158898473
0.90593536752838622
-0.19284622696081002
0.77826901633111201
-0.27660893826133948
0.67530889087724710
-0.36090401539128386
0.61400579603178074
-0.43427254970516954
-0.51681814346697352
0.55317158442327696
-0.42974650342234466
0.51495104520911006
-0.32372132271893878
0.45442436874560260
-0.21257749526612196
0.38123431449895528
-0.10023067215072759
0.30313591483203350
0.01255644128300549
0.22564052630578635
0.12519645183883926
0.15189614527945197
0.23684520187670519
0.09873645966325838
0.34606482385684967
0.08012613928984150
0.46253694525374545
0.10829131009181453
0.57466050606969254
0.17241921647170244
0.68720345001156158
0.26152358436890388
0.79694299275260827
0.36765190004863113
0.90667488364848536
0.48561853703034230
1.01540589544881965
0.61233614466451869
1.12447078516333709
0.74415319614408793
1.22753316754451847
0.87615869051670425
1.31671557492296554
1.00629374739845878
1.38082515073858292
1.13017712311477636
1.40201320190274337
1.23864523201503962
1.35296179260267402
1.30940414531941429
1.26169807201714046
1.32998474982298820
1.15995460778170889
1.32045814790780458
1.06621813563468648
1.29354866326536300
1.00818166328989456
1.24007164664818248
0.98015266512875254
1.14837711592879166
0.98283734397398204
1.03289329888699433
1.03615760439667337
0.91838008567019447
1.12624421698207633
0.80940042035051918
1.23661181268924691
0.70545063228769433
1.35963919917487219
0.60498799400529280
1.49178362477728799
0.51069165383504100
1.62382224599082625
0.41340334242688015
1.72706642237309271
0.30709903512151809
1.75927355755824455
0.19025130378916641
1.70128095412761282
0.08616933453023480
1.59163993079599897
0.00215066540617626
1.46079007579343423
-0.06778742495727376
1.31954775528957646
-0.13550401572479212
1.17737037248428478
-0.20836333390572956
1.04132634794322620
-0.28736359182309168
0.91897702553420235
-0.37000171287265948
0.82040641543259440
-0.45409310216944365
0.76114826572455618
-0.52824732795138984
-0.42393744646600168
0.67902933619479278
-0.33848804199602878
0.63989100362705054
-0.23435683227228182
0.58210347091261583
-0.12648696302587659
0.51149225961725797
-0.01977423909312429
0.43658181598746371
0.08138818610049173
0.35987088240531195
0.17004473128128550
0.28987870431142509
0.24471866527176730
0.23637682731895271
0.32831184565517313
0.22478161552297826
0.41723329502540779
0.25875969773121371
0.50846681622676682
0.32579750037141719
0.60040511444045963
0.41543083943130438
0.69621196402994723
0.52030941861092850
0.79811565630471737
0.63459766487561253
0.90236866858677722
0.75738595347740956
1.00936779146845290
0.88284936274650949
1.11244590088803186
1.00805121801123221
1.20470615821406413
1.12995076713302023
1.27383029130613612
1.24348907465462521
1.30163370770960252
1.34134052380102742
1.24652814694029490
1.38582732803735742
1.15341592480017319
1.37833422962475338
1.05458829811423960
1.35197720445699043
0.96625872644490374
1.31315895907091895
0.90849206611020283
1.24269754860268256
0.87695661289606808
1.13381817354125869
0.88265331165980532
1.00801415640161762
0.93778898304464708
0.88192346856422998
1.03379852412066797
0.76632656414512568
1.15501015019271569
0.65723069082890606
1.28999839051305187
0.55162317928543259
1.43368159141281515
0.45385563045893229
1.57802673551327244
0.35668206072104658
1.70230318167559092
0.25191057580254173
1.77401664381064550
0.13582477298737014
1.75942040040991943
0.01886344813687931
1.67337864904539479
-0.07772576493621183
1.55517597698511101
-0.15764046061850198
1.42606460760802678
-0.23336719795466176
1.29324218570393890
-0.31123820313323725
1.16462091383484401
-0.39166252405638330
1.04934202972292634
-0.47481945401438758
0.95626915422694714
-0.55648237493647090
0.90024142655442374
-0.63036035872158125
-0.34058081721165878
0.80689707344544181
-0.25726301559205644
0.76691756550851686
-0.15445954770787707
0.71171403735497496
-0.04978590348761390
0.64593143052244284
0.05065431238719518
0.57446224748054198
0.14076055938430593
0.50294389821242313
0.21224744403135057
0.43770348562304506
0.25304075103278023
0.38687195075729752
0.29580563488743455
0.38216501752981213
0.35909592529534312
0.42341044200918865
0.43097181650675453
0.49488013398522046
0.51011988934869079
0.58559815809089033
0.59689262686086764
0.68964348102731843
0.69289776360923028
0.80151481402409752
0.79331665916330485
0.92041931516062425
0.89902541813204895
1.03996405118545554
1.00356314947811720
1.15741707458165521
1.09769743042266854
1.26982375937331260
1.17212669262306513
1.37493824545494037
1.20949783128962873
1.46104557655796374
1.15065303689727805
1.47727744396844751
1.05788160504492845
1.44305851933519946
0.96037182644284358
1.40380488282312332
0.87785808856160497
1.35315031229862814
0.81969988602770849
1.26177177507233140
0.78934359030679402
1.13772159525813388
0.79727619896289403
0.99644407759853126
0.85646766851125011
0.85689712017581687
0.95897746855304267
0.72897219331995078
1.08763941501794559
0.61013234806176042
1.23394344487527685
0.50067275526477439
1.38658402865895924
0.39810041509711680
1.53941038915109618
0.29605696853315783
1.67604312661963029
0.18944432038717293
1.77016353848216146
0.07246074207672937
1.79431658991329290
-0.05129766748574879
1.73577283094734613
-0.16092258178251639
1.63442267556527665
-0.25143208555873048
1.51510349961066049
-0.33328651163575690
1.38999327875159828
-0.41467706765646489
1.26878687920747923
-0.49730560936860585
1.16005318004324098
-0.58085679308418925
1.07247151475107350
-0.66175108973009777
1.01972500630899887
-0.73345858625429028
-0.28236823754521873
0.93749465435148338
-0.20219371682373050
0.89959533677828696
-0.10483306649830119
0.84738152671747280
-0.00252297937641185
0.78701413038618440
0.09347864095623971
0.72103912839168371
0.16980030978604194
0.65516732704775993
0.22255849293522603
0.59658789343488994
0.23909272509923304
0.55142236236082220
0.24220834795381396
0.54707169916199860
0.29003336531850948
0.59555913523208559
0.34721199428726474
0.67109448213509826
0.41784132116344092
0.76623147231712696
0.49970381009737092
0.87040447561084544
0.59116767875440812
0.98173581668410714
0.68917822439414111
1.09570581635236031
0.79401607974627264
1.20793388066873075
0.89898218262007479
1.31654015535956481
0.99662650179508350
1.41978281298280584
1.07652213591094159
1.51205036841292118
1.12278261648686351
1.58570555753674647
1.07026495802958777
1.58019402165901957
0.98611495319192832
1.53775232744825052
0.89639445011989016
1.49325752075421536
0.81686269840291337
1.42875423718764205
0.75867573604634675
1.32118400951374748
0.72567889913324735
1.17930409901697053
0.73166523487926938
1.02097856798616693
0.79024057105313017
0.86386140805573242
0.89610475672247825
0.71889215933191342
1.03468030174134418
0.58702722222017589
1.19064456246171346
0.46670003339756166
1.35449357537217940
0.35631112388911618
1.51355931539591082
0.24638892705368615
1.65613169095880908
0.13252309393810258
1.76352803744468134
0.00964236380837273
1.80938314392129795
-0.12033149976257328
1.77815671113988150
-0.24156101277107164
1.69260232243122855
-0.34348512342942339
1.58441474207547905
-0.43400783570154239
1.46621977768432799
-0.51729501637619135
1.34983447613811269
-0.60142068672339410
1.24682121087895648
-0.68536866350480974
1.16478734884703927
-0.76606873830405398
1.11641346191446833
-0.83718050257072341
-0.27785781938398280
1.07269835057352569
-0.20127914465694416
1.03627402285400505
-0.11068623551684914
0.98813269469299980
-0.00820195777650713
0.93202316173024469
0.08035732568074704
0.87489279078756022
0.14409644562037033
0.81825984755543235
0.18738852600877498
0.76500637749022715
0.19300269620739136
0.72493834346972175
0.17917712417294021
0.72423068125449663
0.21796785671156327
0.76919001228074024
0.26530099011486136
0.84942806612958799
0.32880809528116889
0.95297546473981654
0.40729682498218905
1.05858371074950330
0.49633722037289790
1.16710219243891289
0.59199260910723572
1.27550797383151537
0.69461637809900811
1.38039885351259595
0.80086326093856264
1.47975143412908361
0.90051211315923430
1.57123150225015595
0.98442642604974551
1.64983075232675724
1.03985954164665073
1.71050804157966074
1.00291715789849256
1.68850476230691315
0.93132355001490263
1.64560565926078461
0.85250834124805908
1.59962455770312006
0.78407776892157954
1.52722556763335970
0.73649114380948122
1.41133010227838551
0.70934644865247432
1.26229100979696596
0.72043993673383211
1.09828592653504020
0.78033639433958379
0.93506747927488065
0.88366556729997714
0.77860385806113597
1.01922921811220757
0.63347161170104749
1.17264365939638804
0.49367907639649072
1.33096731386155342
0.35799171745514802
1.49138585066659557
0.22567853487837433
1.63778459835091161
0.09518471318456828
1.75030911995349037
-0.03739609987512035
1.80498402059190632
-0.17646900095484472
1.79108042487466856
-0.30954003824740983
1.71990036375384214
-0.42418118214371581
1.62133331809336578
-0.52409555797316865
1.51250687655610427
-0.61624900858987430
1.40262571583893436
-0.70291904602315625
1.30552679999825205
-0.78840372917211365
1.22872286301430744
-0.87001753804538362
1.18423060112476408
-0.94091590138972347
-0.30981901721728011
1.20150428613691029
-0.24277565069195869
1.16683888857086049
-0.16251971894409231
1.12500467222219713
-0.06042221649903450
1.07438930397566157
0.02008561973264929
1.02727808940620391
0.08115024937406289
0.97936257711521402
0.12528711444234963
0.93206888449496261
0.13040131277622993
0.89871203448117098
0.11221921020189389
0.90586399328170664
0.14236639849465610
0.96216029267301129
0.18629532413795113
1.04876149353662096
0.24584915461736970
1.14549152982931179
0.32090612289432707
1.24856983630139218
0.40794182211190294
1.35094777308089076
0.50318365096664286
1.45385703785551179
0.60415527219537790
1.55095316970209662
0.70732952978345276
1.63812394929672855
0.80718357895924497
1.71657790221622975
0.89431036585496471
1.78167342616815527
0.95824571427316152
1.82797905733351951
0.94958386593577115
1.80491724522977970
0.89235809876159622
1.76457093036839296
0.82870230680615198
1.71518675561605494
0.77437479390825736
1.63512724300371093
0.73887366901795137
1.51246751832003978
0.72404303347790866
1.35894155089618462
0.74309722345988904
1.19179366410236076
0.80911726239070836
1.02465807133570297
0.91460423999704876
0.86273167101597903
1.04725738009874325
0.70880444421102073
1.19464502231152725
0.55758052245327783
1.34587905154049570
0.40873500093563125
1.49445423533670185
0.25824800711388596
1.62399126659275073
0.10225323640972407
1.72508439544579573
-0.05396155666299895
1.77537427481148802
-0.20882998646338202
1.76582037379468404
-0.35566987687993817
1.70329474762965583
-0.48421717523255259
1.61385012500937419
-0.59761720091335113
1.51136008464642346
-0.69934192834456943
1.40688474263887953
-0.79188243747646236
1.31331868639063343
-0.88084008373020262
1.24146435893769813
-0.96532241631416005
1.20290802741774194
-1.03702432290363866
-0.37674735929327013
1.31370773431759358
-0.30192471078659733
1.28235495683112855
-0.22358114955856023
1.24932216995204315
-0.14928945189872789
1.21156633969205174
-0.07126948574724426
1.17294689097548899
-0.01470748760263648
1.13838764295448458
0.04511275235600093
1.09512379797404935
0.04955717249038363
1.07312840779232865
0.03798265910251027
1.09088548834368515
0.06390779238080127
1.15044453600456498
0.10490123195721508
1.24033884937709460
0.16429675032199467
1.33565565141396525
0.23726858849069063
1.43042399265324804
0.32297157641300889
1.52545094703622541
0.41803462427118271
1.62412671949413534
0.51845478649015464
1.70926524415676506
0.61885700049983083
1.78238526754726512
0.71634465772273026
1.84798684762649446
0.80528503623454262
1.90165831165820420
0.87706959854310906
1.93922264509420761
0.90400396423734308
1.92602090062796094
0.86468177467948004
1.88904995947079191
0.81542532647261623
1.83149506876704193
0.77948517411899843
1.74361941010180432
0.76015620878585699
1.61662242273796797
0.76030503051463671
1.46299551268914829
0.79322410994344950
1.29584649390893714
0.86359827618746932
1.12649585544986164
0.96759824758879975
0.96101752189218603
1.09510182563851322
0.79872474095015600
1.23503032712803895
0.63783421024542108
1.37739914550743681
0.47515428659213993
1.51190907471023861
0.30840698739321265
1.62364136851751262
0.13624314731342604
1.70075625973360212
-0.03854217407024013
1.73196146457831834
-0.20925206467632143
1.71352545571778436
-0.37079028936130792
1.65461382899929199
-0.51650494085958809
1.56449422502089996
-0.64237161715723134
1.45595544257496257
-0.74838989221384511
1.34647555651311723
-0.84395062812751320
1.25056991407946105
-0.93556974231463275
1.17985370972937798
-1.02382550076944678
1.14600355709081736
-1.09932561471048040
-0.45752960096249806
1.40662989256863513
-0.39323000479165798
1.38263587321558545
-0.33063185755984165
1.36472456855615132
-0.24695159479701306
1.33021686949785223
-0.17763685291497683
1.30597641024339195
-0.12249224858359986
1.28812229380472121
-0.06067884170187767
1.25242217574187564
-0.04151783890940108
1.24558457146907053
-0.04003995485003450
1.27424875947631233
-0.01736410215454831
1.33267982996425238
0.02309671026936265
1.41755379284783212
0.08325776175043507
1.50893126317895221
0.15711005568907704
1.60051821878886402
0.24274756388068228
1.68781656774989774
0.33638619422665716
1.77184255146881786
0.43542618625741492
1.84711714685368089
0.53630106852522508
1.91256590513170566
0.63399896636796238
1.96992044134178101
0.72415430340262588
2.01475876862045666
0.80059255996999268
2.04108453074552898
0.85367787056063715
2.04744462674233851
0.84146350994252483
2.00604378020261098
0.81267735757282944
1.94190600519114986
0.80025367282465421
1.84685302838850474
0.79704204206502716
1.71800476191286000
0.81420811284380745
1.56660328756227507
0.85851742628378946
1.40174024445297807
0.93419966292186118
1.23218345214673142
1.03639105795404785
1.06266373053991292
1.15771714815044313
0.89318916290792227
1.28956538180759495
0.72280740834825874
1.42131699186209870
0.54904789009712796
1.54055554226079638
0.36920915550229777
1.63092446226177423
0.18118037327035247
1.68376992295164940
-0.00870654901507592
1.69056013726909482
-0.19358026811854198
1.65509414828623203
-0.36575894845934875
1.58692045226144640
-0.52283806899976615
1.49587062198434340
-0.66262475712022617
1.38950400047502387
-0.78386590414828461
1.27425272606127860
-0.88387881155924841
1.17190601306291176
-0.97648069474054788
1.10072688610363523
-1.06659788322989346
1.06929525066211517
-1.14439916385358176
-0.54999533350990881
1.48682133813060546
-0.49904576734570671
1.47716185995622773
-0.43020123920669201
1.45912900580587146
-0.35262997137543628
1.43706157129699630
-0.28380880432101763
1.42414228871353177
-0.23282673155973213
1.42527427252806382
-0.17666155169203410
1.40592309760737155
-0.14269326696598722
1.41200698791262624
-0.12791189418060395
1.45089022479599472
-0.09956639751836027
1.51032750135686356
-0.05501462032276290
1.58724475675744103
0.00785274920949931
1.66861997892507286
0.08268036267089986
1.75255787861652723
0.16878451775747863
1.83137356763586934
0.26271237685522553
1.90630446799967324
0.36206000334470773
1.97382603060730721
0.46311938836491262
2.03298290845764207
0.56163984854919524
2.08369231062135629
0.65368010341108351
2.12228430433702231
0.73504039140676392
2.13478680594647363
0.79908472744281756
2.14846782618077459
0.82348287662738451
2.11272661591829447
0.82087151748832810
2.03767999393934929
0.83202288014130177
1.93878579938039342
0.84984204850142675
1.81159922251065408
0.88122595187859387
1.66370782947543061
0.93601143915420448
1.50271120302365291
1.01469765455958871
1.33399279610434451
1.11624829902979483
1.16105635681393538
1.23123090455245809
0.98543961985629502
1.35425411145062191
0.80579156942570507
1.47368189611807132
0.61983079919288064
1.57571018509982141
0.42614017044151914
1.64338175494326766
0.22464929423746682
1.66964558206757774
0.02149187063413661
1.65110553440778673
-0.17224324199481292
1.59741622152119778
-0.35389811321158593
1.51975948652830750
-0.52159021374090553
1.42477583206697900
-0.67340929908570513
1.31744188534859608
-0.80706773221178396
1.20290940950019776
-0.91855880436219162
1.09388206967182788
-1.01208580779785828
1.02077597746371085
-1.10392500028485263
0.99166278969863320
-1.18478975412295928
-0.64306559498007687
1.56145281684943216
-0.59288331614573708
1.55424705311070399
-0.52324872061687799
1.53708408063058810
-0.45349185159334227
1.53144399459109160
-0.38815442057090876
1.53271631893859839
-0.33281575292265952
1.54359325775014855
-0.27622554721749337
1.54069773405201915
-0.23700371679597576
1.56435788976101797
-0.20996763277557631
1.61165071226958623
-0.17254030304015480
1.67026726063353692
-0.12219551355717694
1.73805723590820072
-0.05766445018930082
1.80881713451180803
0.01806402563912426
1.88610138869740607
0.10488614101023531
1.95817967382874691
0.19950173543354419
2.02612089841886123
0.29931613903076104
2.08769433078132050
0.40102851939310152
2.14195025716258725
0.50098933017049541
2.18812940226809571
0.59593013238018444
2.22293201011382102
0.68269901124922217
2.23117282201764144
0.75750330102595498
2.24048502816150252
0.81214648815690338
2.20710572154944451
0.84509128059701788
2.13107911786780457
0.87227474166588725
2.02336539730312870
0.90847423118611037
1.89625359456666365
0.95429095342414461
1.75115445735683695
1.01816087192975457
1.59360209614569270
1.10175356235349309
1.42558982741037799
1.20171048699859662
1.24944648121613100
1.31182417869628543
1.06682979262769217
1.42692916930919411
0.87874125494422528
1.53157996007996067
0.68186642169572920
1.60987834486081405
0.47558549201824563
1.65240270407854606
0.26185874729513126
1.65414535940622542
0.04907558934950026
1.61277630341931411
-0.15414337425012156
1.54460167183291275
-0.34550657591843953
1.45772438503548063
-0.52393104150040881
1.35843437341105155
-0.68532157037582553
1.24984524400918073
-0.82845626703529951
1.13794467016591816
-0.95190362615417201
1.02873112441964687
-1.05194555117491895
0.95307064246135897
-1.14586137253579845
0.92670340165358311
-1.22865031634383515
-0.72526376392276870
1.62946807348847433
-0.67348554635018398
1.61901908743722633
-0.60505007796005306
1.60453867753545509
-0.53752437712987955
1.60795161214802307
-0.47308599475004881
1.61963673217919513
-0.41581767460363456
1.63979608350150374
-0.35733821070786836
1.65136733499434563
-0.31648967073284179
1.69077342132326414
-0.27936181763436291
1.74204890016282565
-0.23452155652616971
1.80055056520918244
-0.17874203451065465
1.86303585075051870
-0.11159312332556318
1.93001361851516440
-0.03416067453109200
1.99935070271898452
0.05349086444094284
2.06575123343414191
0.14881666779428246
2.12831764316906380
0.24931287522222506
2.18544132627758891
0.35206480431953435
2.23623225078409460
0.45414926340365097
2.27971774283733852
0.55319488004319961
2.31289336532295531
0.64738329211919421
2.32590831060188519
0.73368301839721939
2.32618076644740723
0.80807943054382370
2.28753799930809176
0.86590888778954023
2.20869525792293642
0.91394072660358683
2.09956850145420360
0.96417587594464782
1.97035874622000318
1.02370393393699710
1.82607536348549382
1.09647021595094607
1.66951397026413018
1.18289888505348761
1.50127764595611013
1.28200165204187599
1.32207275161914906
1.38882786526700275
1.13304486790678549
1.49454948906082574
0.93460032953168071
1.58451723537882549
0.72830327916756732
1.64332086704079039
0.51077945117054990
1.66066986512506509
0.28947445393532700
1.63685233656148266
0.06683747843965711
1.58069954916632427
-0.14570421692431554
1.50294649399396252
-0.34760642364733302
1.41023056109360478
-0.53379001866654008
1.30600520308685919
-0.70281320333034247
1.19622445075114459
-0.85362613203135596
1.08913160515591922
-0.98638325399142113
0.99368687618507257
-1.10182609010387544
0.92195336251442495
-1.20105958368969290
0.89503793449186275
-1.28525520581402275
-0.78467507036142203
1.68127404238864253
-0.73438768260105580
1.67407355411731573
-0.66716038540841838
1.66098997384834646
-0.60003946557815746
1.66748380959533726
-0.53565630293839284
1.68481548249823154
-0.47603346495974214
1.70949716557522624
-0.41630646764744728
1.73139748945490024
-0.37461658917140223
1.78114006318602436
-0.33084587834858231
1.83550801083254522
-0.28020279904639617
1.89373910661359246
-0.22025421247396659
1.95610624683006518
-0.15022382851401722
2.02012538435179589
-0.07057249981342940
2.08458536508294312
0.01821595720349072
2.14696915501088759
0.11434097830483445
2.20591194582791816
0.21559591944353310
2.26013456151909464
0.31950889268542704
2.30884734913051748
0.42376802796965607
2.35097459443576629
0.52672415785806648
2.38351633001817831
0.62733116092923635
2.39941439492750686
0.72348324289243160
2.39439829188400610
0.80888460786896532
2.34729551933040792
0.88085751143563340
2.26385325029120166
0.94557080124451653
2.15456119192614404
1.00911784388714199
2.02508053421399037
1.07852263454955088
1.88024294770824629
1.15793826133874012
1.72284716466437215
1.24813190798935181
1.55244791602534904
1.34652957640222160
1.36972084104299063
1.44884001618636482
1.17169771351295982
1.54631545288319061
0.96662947235967589
1.62515808742009238
0.74776097339060210
1.67045506524961551
0.52168656543128178
1.67163104188993050
0.28667709310080280
1.63156768778797967
0.05579191822853050
1.56707349580429423
-0.16452630667656484
1.48385124736062513
-0.36928774243756368
1.38568632990908935
-0.55809032160866678
1.27613184937156277
-0.72883712850113636
1.16495768152496515
-0.88279512803939209
1.06257472187357416
-1.02131000105229863
0.97765127551938424
-1.14421652964608889
0.91948491627860984
-1.25187757453633131
0.90156928516784252
-1.33783259686263789
