0.55833305065702987
0.51344356595739171
0.50673603016887392
0.59540658011297454
0.50916099197125209
0.53863616669292969
0.61606618340011388
0.52086071563207548
0.63887934579934891
0.53599916365664080
0.59027874683728032
0.60107342285572130
0.54033907534287584
0.50701874945852876
0.55517073704198938
0.55811272726665806
0.62939711878409599
0.57305048003024661
0.51847356109312703
0.60677892638400388
0.51383608377959711
0.63465287689721794
0.56669848784134280
0.54810721443263077
0.50142001253381652
0.56537150284310000
0.58472854831572618
0.48525105589128509
0.54607501495671706
0.59545428764609942
0.59906627199945317
0.53947849373186207
0.57794196989977431
0.60456764700090215
0.47584924142761637
0.53361462102627621
0.57243383604687303
0.50938757715339134
0.49638020297608787
0.55035438222626809
0.52611874834685857
0.51239739741522150
0.62445539444154696
0.50487827764140547
0.55800173714831169
0.56913586502201241
0.61686265028247345
0.60406846184383389
0.48867713352103420
0.64002597572928654
0.47389454275252274
0.57258282549204276
0.64554766829911459
0.61624510992622528
0.66326361942152956
0.56749994197800602
0.51959893555450842
0.53260295480034170
0.65091120227548027
0.54256896390003762
0.60070756479057874
0.55350082631795439
0.59897840356197540
0.50884833787943362
0.56273160290096214
0.48309774121235782
0.52034626633144998
0.55367027667078206
0.58870826624543005
0.56968358650146000
0.45347080797852568
0.65733835803991270
0.55888914282485902
0.67224273835731752
0.52172024786609650
0.64598745486005560
0.64936134795827727
0.59875349633467356
0.49295547132518674
0.63084185448031749
0.53776593585406696
0.54066919227675381
0.49285954567209234
0.59803006011976434
0.57089051787163381
0.66214138730811767
0.62963312383161119
0.67505127533758402
0.56441121139219208
0.68669374689079532
0.51930340148769338
0.66274859843206957
0.47727512400950356
0.62215259869956019
0.50682140924967256
0.59502254274539168
0.60767381104253682
0.60196225765668343
0.49234555370619831
0.65831080207309356
0.53256892545009860
0.55515149715800527
0.53372136752412025
0.57754609066088580
0.53268668824234200
0.61304138338307157
0.61351209949159302
0.68218137095138698
0.50957631603495246
0.68746152620066248
0.46507847756896087
0.64300139371657472
0.65552864179756687
0.62687159723793973
0.49536975628081104
0.56540589748001868
0.61387382588097605
0.60857365482869297
0.57776357833039682
0.71704040081334230
0.54177310476543228
0.66798820212302790
0.46273517859335500
0.57122635718782022
0.55399673437030783
0.61567854109677989
0.50386051398825837
0.52196629490844415
0.46605683364422079
0.60379352340092474
0.59498512547162019
0.67407060623254744
0.56759662267852085
0.51234685158184501
0.62319565679897460
0.62636601682370185
0.54991059666858277
0.63758647358330856
0.56674007578964614
0.63062422102769988
0.52823324842521757
0.64069540536813863
0.66321078370640507
0.60199756732436427
0.56380253477231346
0.59134900390676792
0.57409639206305119
0.58565131337869336
0.53851686042798796
0.67381202106291660
0.46151944997335481
0.55279760095196628
0.52972184145594237
0.69640690094853186
0.59007724361789682
0.69070253230137646
0.65279866348432514
0.56950279176421614
0.60188159850593514
0.64549404774088681
0.47726420516071877
0.60433661319860643
0.58274780871718490
0.63803104417053824
0.65192884480809710
0.65491260913477911
0.49381172331395529
0.67451980613752649
0.64987465625597129
0.64475510750161902
0.55076701806272299
0.69631003004410130
0.57726037734215307
0.56357300927637766
0.60482427897138480
0.61805897779194829
0.61395605047345858
0.63891308769845867
0.54959686817584563
0.53822491544667128
0.50997651398703248
0.67403594976519043
0.57816020309820493
0.64708651511802051
0.59874367966622299
0.58903500155301125
0.61893747873911931
0.54614250491239236
0.53663288434648471
0.51922688038651621
0.63410269113644435
0.52785127037877588
0.59581210040318755
0.60761858116766521
0.48610679758004333
0.51685351504938548
0.58209917877953854
0.50900762069408667
0.61319616647492980
0.65741454847257952
