1.35955808945420542
0.60726953590807076
1.32207834627962795
0.53383929612194070
1.21775602416052764
0.42278816064688052
1.45584960839373312
0.24478054851240411
-1.04398269786528175
0.99951611939207075
3.07915552167140882
2.03460392481622998
2.94024868606912859
1.86790400987393546
2.77054662529588658
1.99109078950335094
-1.26384132431231166
1.14765445811798039
-1.35871413293871690
0.80841895682845744
0.43692089314806148
-0.15940797143031479
1.90263641384214144
0.07667690887952298
1.04515117092294840
1.02387656206001565
-1.20855382684602652
1.46967154886222628
-1.05752230057344709
1.36424619169062411
-1.19652645162168003
1.28599860625446594
2.25797520013102115
0.45710380272943912
2.14666195692998985
0.38732770444146453
2.17827557430678498
-0.16110306992108175
-0.26069211871417242
-0.50411929380949350
-0.24537660817875873
-0.37084644539270967
-0.03389905004478964
-0.21335744979185606
1.43849032462518234
0.88244327345007001
-1.43181176019819523
-0.23943214042469693
-1.17391088128993903
-0.15479926106687369
1.58676421391070854
0.19557625043855981
1.51483887343660628
0.09439993593358631
-1.02670827517378482
-0.73681064238143990
-1.09880138032297880
-0.61855350484258531
3.01761144597061914
1.55684840984225104
2.93922566027145127
1.74587937610978039
0.74484187413250258
-0.22585852094079478
0.04217002914298736
0.49372424031849976
-1.54718046178955260
0.40293523081516308
-1.42720344985592140
0.47943014685647223
1.62661854606669953
-0.25270517530435682
1.62777315166965031
-0.02621236244418718
-0.04318079008477310
0.98091879920281611
-0.01982725963705160
0.83267027854872933
-0.80740235895794121
2.02249794918067183
-0.26659957251980027
0.37010114604387045
-0.22412043023793077
0.23718832947974899
1.03933955993658023
0.29933383523755325
1.10402252741088347
0.76302839513734566
3.67597102631387473
1.45414302555789710
2.66555406960686359
2.55475020006397147
1.65391822021558377
-0.55016925936016636
-1.35957095160354435
0.92455620581047548
2.07531533559854164
-0.29413425371987917
2.01068962620888536
-0.15537053811861889
1.80464815315886340
-0.13312806693866666
-0.93176056424831843
1.65758359506097697
-0.07482215177604751
1.21611138836031296
1.52937672795360657
1.27833775830569674
1.47555864818141469
1.00381237626982256
-1.29836061185168683
1.38487055962439620
0.02654525330243117
0.29038339537344982
-0.76615979242390686
2.50252300736176547
-0.73845634991107834
2.41351102294263065
0.19734417194173154
0.09335589084247811
0.26747528105482110
0.16470782792814959
0.49547370712400374
0.07534605324397894
0.73267923926479295
-0.00740704404071690
0.84999740817394565
0.11076709871807930
1.20853572391663122
0.00428229821421236
0.95374602946754372
-0.08643884732664456
-1.10735195980559964
0.79494922958381831
-0.95641199609304217
0.77735050295201846
-0.67871940095772199
0.41793508714178795
-1.05630531677998940
-0.27422157530267743
-1.01465837107328993
-0.13651542065100999
-0.68197187011774441
0.03758873973832868
-0.25087453203054416
-0.87815563668864494
-0.24052608525399408
-0.74045700811691373
-0.21790074141913204
-0.47563787959115023
-0.57032760237695368
0.15060471671960254
-0.49876143512051985
0.14089749980294841
-1.25661652256366918
0.72869698792991355
-1.18797387710504432
0.95422543850710817
-0.76024992584594941
2.17148055541187457
-0.48663667344100670
-0.67036250787050145
-0.72897724717275558
-0.75317445555836116
3.50985145800294029
1.45299081471153646
3.35204078990635557
1.47399381311967614
3.17595986812709707
1.53448020099845572
1.10893450293142148
0.81421358868885485
2.77526462136003538
2.07450954077024008
2.75058379836080924
2.26862692376099906
2.76019327753759081
2.39856296086355947
2.75025065940744851
2.59091834694951206
-1.74501398800888952
0.28682631600741337
-0.49602611586440365
-0.10727142215308196
-0.40211325864744796
0.08084013363460879
2.12213304742932296
-0.29071541316043542
1.84543257593964127
-0.10370360288442318
1.71153379742247758
0.01615006341416046
2.54428879075525405
0.62910334666239631
2.43402088851225873
0.60071936959316696
1.00728210359876624
1.29988904790672510
2.01604832142784218
0.15959936261224383
