-0.80557513547926718
0.87614776231444147
-0.70520707638771707
0.85868807732483532
-0.56743909895746991
0.82887584228197031
-0.39868779404846894
0.79380946378557815
-0.20399639409300013
0.75880275975439815
0.00953048241239134
0.73042029275631415
0.23362509535158085
0.70736979812676837
0.46214617861396262
0.68886679856025124
0.68029060301028832
0.68077710569084537
0.87552209601385822
0.69002256353879987
1.04238867552467807
0.72371963621876301
1.18137424047118644
0.77885619295656339
1.29018777149737351
0.84179585282824743
1.34335079022764847
0.91272578302922081
1.27431665815681638
0.94443321476231201
1.15543417840295826
0.92839360208774602
1.01460331412149385
0.88359078682012537
0.86092110730096960
0.81644408888142250
0.70331065932225978
0.72420437196946530
0.55489465106226699
0.60423149488103434
0.40552399828639962
0.46685222731832537
0.25595495865885931
0.32158045318667855
0.10877657858105477
0.17533043387953892
-0.02837372160587966
0.03022030081018660
-0.15617488868654450
-0.11046045709292591
-0.26900933891786616
-0.24508553817381534
-0.36993978910632241
-0.36638687571224982
-0.47135357745728185
-0.45616154046646951
-0.57727835958904561
-0.49606865072138334
-0.67318056058055553
-0.46941936212156160
-0.73919872382241958
-0.38580061346975508
-0.78083676588050943
-0.26918357327818676
-0.80254736348574340
-0.13345594554101473
-0.80197601580178712
0.01252187948978813
-0.81435521491191165
0.17185014979594060
-0.83854903028381467
0.34007298258330354
-0.87352230794507280
0.51183821469928981
-0.90927108978107274
0.68116314398853095
-0.93906871973178119
0.84286790734451389
-0.95083783448606485
0.99105980643436409
-0.94805635601098937
1.12263520331293210
-0.93744466699922224
1.23541358688194580
-0.92435650389948132
1.32692290355993392
-0.91454539890815334
1.39258886706352070
-0.82686386709592874
0.80607667662126159
-0.72375433711179105
0.79035357753346813
-0.58399782316789561
0.76246213076944214
-0.41474787099590982
0.72861635865423779
-0.21963116248980150
0.69640776971079721
-0.00663131472899932
0.67031358477070679
0.21887971905949169
0.65178447672548523
0.44749524730310980
0.63857789082825278
0.66666632886980892
0.63481950834960288
0.86505315390577520
0.64711444853736888
1.03667976713752763
0.68232185161785652
1.17593042540959836
0.74383422496024154
1.27988937638033473
0.81784589764448612
1.32751484608099002
0.90252639415541380
1.27555386129281256
0.96548870790218611
1.16037303188075547
0.96862592599151442
1.02243308330355243
0.93304206764317876
0.87610464324644932
0.86683228701549708
0.72696986714716916
0.77598373601712289
0.57754704791318501
0.66025413038090242
0.42642920265538675
0.52631445817344091
0.27742807833027705
0.38219436281254821
0.13360945070704339
0.23296390718735729
-0.00167957830217435
0.08478434092176614
-0.12533033089424578
-0.06025479897396449
-0.23351878064167528
-0.19683429121245297
-0.33313032718356606
-0.31594893458436613
-0.43465611603422061
-0.40208326931073496
-0.53906839556006092
-0.43920062366731838
-0.63452527880798215
-0.41268520086500526
-0.69758296180687762
-0.32918420860309777
-0.73913026526353898
-0.21177424148612964
-0.75976009962188129
-0.07605535936541381
-0.76043543847171258
0.07072247515366130
-0.77005787441099749
0.22873877385413485
-0.78780199101739068
0.39410360174898851
-0.81460903314655031
0.56138497064301118
-0.84242260746807540
0.72515835956625230
-0.86634825557266426
0.87957321791590759
-0.87293356989059046
1.01939186020586292
-0.86264990194046764
1.14037373232844641
-0.84546369168087199
1.24148195930776661
-0.82681950567104923
1.32108191579588685
-0.81177581616306338
1.37606914374440148
-0.85939475999077231
0.70781180046176562
-0.75596778575553825
0.69423844842541849
-0.61499111351967917
0.66866763244614513
-0.44398658470279967
0.63879835831304788
-0.24983648836306618
0.61032660622254975
-0.03703556738781420
0.58992347381127630
0.18643273614661013
0.57546067616934271
0.41388303122600156
0.57023408867535186
0.63666954674076870
0.57527069423712229
0.83963300332221258
0.59329408572646214
1.01600740867556061
0.63351202680081575
1.15728544117151388
0.70193199301905917
1.25494119702493223
0.79450261209148176
1.29615031190520891
0.89913577409712164
1.25931468597771001
0.99089899423968553
1.15249809789006252
1.01537448166244748
1.01993609633474080
0.99524832249571804
0.87770116765646744
0.93813452324725066
0.73410255951395154
0.85144941378089867
0.58977050882978088
0.73936111969287654
0.44507502245789998
0.60604944402780703
0.30084436780239221
0.46195354229421698
0.16289069781432247
0.30967793712782821
0.03400326315875429
0.15740247372343547
-0.08415761413224224
0.01071193771264488
-0.19035897694093895
-0.12548883389967444
-0.29323870217685427
-0.24038611893236006
-0.39960505461799739
-0.31998927962792467
-0.50708715691273820
-0.35465612139423036
-0.60140727456641530
-0.32679772935247325
-0.65952646365031375
-0.24149583141577602
-0.69887115561510027
-0.12405351868426003
-0.72484696957689532
0.01387203777715154
-0.72988568869197790
0.16127629742598115
-0.73491718098819181
0.31741971746547476
-0.73840035330348763
0.47808821822872494
-0.75062358859675149
0.63807559670243252
-0.76416553964180400
0.79179155134366319
-0.77571267958134626
0.93492787060222793
-0.77074437173532306
1.06091206135817617
-0.74898694596044524
1.16579866330306658
-0.72179630871033784
1.24897221274590664
-0.69484306874685953
1.30978373711701912
-0.67243513635011920
1.34731551080077860
-0.88960488168207674
0.59033273210496584
-0.78798143266798570
0.57878114277915693
-0.64868090479860130
0.55681075171321015
-0.47819473976244520
0.52974197445940763
-0.28765111499193063
0.50702033969180083
-0.07936247831963333
0.49383520358715027
0.14188562100757179
0.48960882526917832
0.36886224559498915
0.49314219317247221
0.59085369721568082
0.50719693924671660
0.79632578610447990
0.53692535009892872
0.97284470923318767
0.59082843113869243
1.11350436712460477
0.67175453396945606
1.20806245574352156
0.77859051848846250
1.24635265555765939
0.89712420967817874
1.22403030899409604
1.00681105700313367
1.13590532689089274
1.06491051609632614
1.01183939965729697
1.06542796845906018
0.87503146038114499
1.02013087379837919
0.73476420848976587
0.94170350381913914
0.59521225827906299
0.83395786076132461
0.45704714967780796
0.70388936249574763
0.32338348087394236
0.55713223272237022
0.19522766458867510
0.40297737426933561
0.07248546935776247
0.24751775189200184
-0.04296130160631293
0.10011388172938319
-0.15377973810870169
-0.03244618615601846
-0.26483503366659533
-0.14108295570925317
-0.37763530057923167
-0.21617078838804576
-0.48734641587336408
-0.24926101622046595
-0.58088422622691216
-0.22109869837344587
-0.63142599443047542
-0.13592184244377389
-0.65925421974962739
-0.01951784901898011
-0.68005719114560015
0.11748311520579623
-0.68938814079659827
0.26577137220041813
-0.69579917946451231
0.42085885949855983
-0.68961900613126825
0.57667383771205216
-0.68206503594012391
0.72706951046629797
-0.67672885217117196
0.86845924785885620
-0.67014040507763717
0.99562847668434440
-0.64757317397998271
1.10308823268848277
-0.61080401370107318
1.18670217706172276
-0.57126099311653156
1.24656347175596682
-0.53594962937844393
1.28441741533448650
-0.50682770902431484
1.29980497665237071
-0.91266211853526635
0.45768716351027461
-0.81363213789171085
0.44823818495909429
-0.67710514590421889
0.42907926926550916
-0.50955510926416159
0.40700627150709628
-0.32422652728530349
0.39187182610473598
-0.12303047028152289
0.38726512916518097
0.09104553313078059
0.39379062811200438
0.31260933380187517
0.41115461596439801
0.52817545689498901
0.44069154851413711
0.72922616551825803
0.48783897752048982
0.90142106614235584
0.55742066671884438
1.03763113885569935
0.65344229320069680
1.13012198508554529
0.77361782737456686
1.17643977576266923
0.90231851205080871
1.16815336864728403
1.02583777689035882
1.10111012138857567
1.11287682072385996
0.98800771016067945
1.13754899704904910
0.85788676897926308
1.10846880692053351
0.72526017285084654
1.03845952860518431
0.59605377952497862
0.93539566529196028
0.47095393573467259
0.80726876985268903
0.34361567140455046
0.66259693618193616
0.22342239306282793
0.50735830671295690
0.10538093284651003
0.35125145533659452
-0.01451068354146026
0.20534783769156828
-0.13443538888484161
0.07772063200582602
-0.25613680348503165
-0.02468356871598010
-0.37415539159813394
-0.09726616041485099
-0.48655309597900553
-0.12995202266003933
-0.57640433221754273
-0.10377638720948565
-0.61711660350703401
-0.01924428818237889
-0.63415958463055444
0.09628623893443769
-0.64000235571639696
0.23207304081696842
-0.64196501896970037
0.37774324527986264
-0.64618194902002735
0.52916944227044649
-0.63076764533846685
0.67753758920407015
-0.60607652520980437
0.81686615101148374
-0.57890639830483792
0.94242235487275405
-0.54629402340907340
1.04903094356873861
-0.49935516746436787
1.13259529333555253
-0.44489474302174747
1.19063831689444544
-0.39367942822020457
1.22429546574054782
-0.35179462350322682
1.23727804426590349
-0.32430093882459188
1.23330475792463345
-0.92759584602608824
0.31199211947595568
-0.83006552253851618
0.30535003215775208
-0.69610453329141431
0.29035923785640166
-0.53427775740317596
0.27675608148207581
-0.35633657819879727
0.26859194320016805
-0.16238465107975594
0.27343933339830845
0.04444213386366097
0.29194735840628555
0.25540180282194319
0.32337983965125078
0.45731572260471726
0.37057029753753967
0.64531021695012081
0.43765119733947605
0.80985815811509454
0.52615902725612185
0.93972076222748691
0.63981797564651521
1.03276955262482195
0.77031578640106524
1.08284376598448873
0.90735115972320179
1.08642749539646788
1.04169311993966041
1.04064575954681748
1.15141665536210724
0.94772205738136461
1.20900750567521365
0.82653587773548476
1.19917357510996947
0.70281613513417840
1.13981490567772736
0.58462284285864063
1.04183540740899017
0.46934794961195331
0.91670961165144516
0.35297821128956969
0.77260536046374051
0.23820764154443855
0.62002205801142174
0.11935999853694632
0.46679529452515911
-0.00554179192561033
0.32429374000461758
-0.13568867017554218
0.19991341659085737
-0.26763344328618771
0.10134895666136222
-0.39086589140605565
0.02929087064918880
-0.50467747665303497
-0.00389238147571111
-0.58910715008531644
0.01824332058830514
-0.61996336077782277
0.10200867516691646
-0.62629341269498684
0.21600750115087944
-0.62378083920971994
0.34951109273955533
-0.61852602832726522
0.49102265289211916
-0.60328782885945353
0.63447265968097877
-0.56601451734140074
0.77196685036719781
-0.52018596600408817
0.89652531692226711
-0.46320291396129981
1.00090256411990275
-0.39728422671357450
1.08209065985159647
-0.32208697983348628
1.14080121285584979
-0.25143048208937069
1.17286804081410900
-0.19825968065528649
1.17924979307854705
-0.15710309858008806
1.16808205944042354
-0.13379189275898543
1.14625223392132547
-0.93296532279055711
0.15671605886407661
-0.83953253199433620
0.15264332227927346
-0.71018027703990483
0.14252703734850544
-0.55623228024684446
0.13724225860560491
-0.38845108994061311
0.13825387527680316
-0.20735590994102479
0.15337039022316754
-0.01369413470158167
0.18306171073148111
0.18552211344595057
0.23056901134312399
0.37333560209066285
0.29508211753734881
0.54802777116056900
0.38196671848944502
0.70232808114918865
0.49092036169056746
0.82439683539111841
0.61986546004044774
0.91492349857893973
0.76166016942009762
0.96677771401336943
0.91035536552018792
0.97794961937445835
1.05412093609829172
0.94758139513842266
1.17906244695617168
0.87721767773198023
1.26483928795540379
0.77184748342126475
1.28330449046555950
0.65766368633055750
1.24058721029052244
0.55226783712511396
1.14990455943431558
0.45074125517874658
1.02947912334956149
0.34606824377658607
0.88978167571109423
0.23534569898552274
0.73904892014499413
0.11384500216674957
0.58942520133997101
-0.01476465628366300
0.44922942523861981
-0.14982986991670824
0.32614705227088192
-0.28848900227702157
0.22909856960840738
-0.41579749256430060
0.15648277550546497
-0.53199066274792417
0.12155807486492913
-0.61583218450585719
0.13790411829228244
-0.63984983226124781
0.21893290032692536
-0.64055209980243311
0.33055211272663110
-0.62747672022747647
0.45918547387627234
-0.60622610727570514
0.59396314868672373
-0.56196922899700552
0.72607446151866095
-0.49224072946662367
0.84751288403633618
-0.41159309542660116
0.95099590095475439
-0.31836606017733143
1.03240972558305222
-0.22311045517133538
1.09175031858988736
-0.12377593619067657
1.12652627097304214
-0.04515260859226190
1.12918577741655324
0.00289714286114212
1.10731725595329134
0.03833855851685512
1.07317678204748557
0.05580566886397200
1.03928389389344988
-0.92534166161028253
-0.00433619017041863
-0.83754258415914407
-0.00683570015676131
-0.71621011992785211
-0.01170013323150353
-0.57291016040863640
-0.00991075728122377
-0.41609461354942079
0.00194531017911252
-0.24736401210845260
0.02853592746792218
-0.06859714512603472
0.07152130003417247
0.11457470748651284
0.13176741990271287
0.28874537495786073
0.21308280182767009
0.44706845501884662
0.31687949032817248
0.58629951402808544
0.44449527120444465
0.69997228881590456
0.58852743798482166
0.78219490760310550
0.74365015426835968
0.83165713159940824
0.90253089527223651
0.84567732486212333
1.05673509426029177
0.82703237455145484
1.19469926673225735
0.77340724953932294
1.30329939930616634
0.68713451399619507
1.35604467771623804
0.58601942482219449
1.33467373143066648
0.49262966313399337
1.25406494360031306
0.39948144703952010
1.14017859422492429
0.30041720233007652
1.00685132856106252
0.19232012843625446
0.86063260652028517
0.07422592081897955
0.71499611667052221
-0.05284058176463207
0.57674891591181632
-0.18537420971075411
0.45453569253778803
-0.31888426225102168
0.35444141225079517
-0.44572587987327550
0.28097219777257076
-0.56194612384399489
0.24242794888276697
-0.65089003652696309
0.25127859264972557
-0.66706175466363260
0.32697566286873619
-0.65739992704571870
0.43299566029623987
-0.62746977383273694
0.55220542102694836
-0.56989316898765419
0.67176555297356388
-0.48450362314756795
0.78403867843904329
-0.38183932975014717
0.88545232640777483
-0.26903452119471088
0.97183595706095582
-0.15382126796608606
1.03342327965852476
-0.04331101337241485
1.06716896699045249
0.05709439762392101
1.07165804644866114
0.13668377969925066
1.04762735077643443
0.18822328413916356
1.00444106074911810
0.22289089626679034
0.95390092802229964
0.23903465304772833
0.91071804616911289
-0.90390284623465289
-0.16947719280620510
-0.82244052852112393
-0.16995389409857445
-0.71076657734314741
-0.16924618896988344
-0.57949856427278768
-0.16077086781364217
-0.43460325550259304
-0.13943800030172565
-0.28112374827983733
-0.10217087991490377
-0.12012452626474396
-0.04709748683906206
0.04565136470772498
0.02827162822461395
0.20424327991819091
0.12531884444590338
0.34513097926876940
0.24660517664907042
0.46688514764231531
0.38946966504812780
0.56707856275024404
0.54685559154034802
0.64047061310384679
0.71574983095963685
0.68411665026285906
0.88601207718453223
0.69898635698527545
1.05035529888921131
0.68700790729441552
1.19994000713670435
0.64615377050555189
1.32510831949345453
0.57882279478479737
1.40877251204732401
0.49038175083305874
1.41747341722983422
0.40678016958246921
1.35129517638622176
0.32249810224756165
1.24556632014850344
0.22978367572009617
1.11841840756816868
0.12679519815874196
0.97797186043791373
0.01287300415142547
0.83620637795675334
-0.10750066227687896
0.70176217872997015
-0.23169463833865295
0.58095717877246222
-0.35554574925078719
0.47874628367937833
-0.47473287645442441
0.40061865733601898
-0.58551835774527583
0.35697061433484317
-0.67391794828966434
0.35259519037766385
-0.67820922222437496
0.41645724592668371
-0.63716775231031875
0.50679081967798512
-0.56241104734054015
0.60335336743680557
-0.47112103284333590
0.70326352068239939
-0.36275758196740354
0.80130487626127844
-0.24043603613432343
0.88811324845736961
-0.11108668988648961
0.95616468713623182
0.01321727470070719
0.99489235220113947
0.13037812560712636
1.00151753706155078
0.22995047266266008
0.97992171724537547
0.30764299799237721
0.93270767214565531
0.36014375569497797
0.87259174420974539
0.39569803962828320
0.81050599129005241
0.41090138157057216
0.75957050038193885
-0.87172980734836836
-0.33530448841882493
-0.79578270958710595
-0.33333224320533694
-0.69190190436109478
-0.32820490418759490
-0.57042673752548090
-0.31292729415946852
-0.43925552529062034
-0.28362686384556585
-0.30268516046965899
-0.23636337997996962
-0.15975649044146958
-0.16974071409528105
-0.01499281435687620
-0.07910077946628953
0.12186670617247114
0.03326808362207145
0.24425297036843938
0.16928650995506078
0.34893443790629902
0.32486969731265497
0.43296943221882866
0.49557221073415819
0.49534858678807958
0.67666009855211329
0.53371460366216261
0.85907152804199305
0.54869401681646091
1.03398343830626338
0.54150183109787786
1.19445671213283067
0.51137240193202205
1.33471527450205429
0.46063757978384123
1.44154798358213876
0.38606299740676947
1.48561459677381102
0.30711944585650097
1.43977588076586760
0.23154925734438481
1.34369396887453174
0.14686248300930341
1.22405983065133439
0.05321397755374249
1.09105114225738231
-0.05401610538182636
0.95280040720414738
-0.16412858699376345
0.82108455636800837
-0.27546546009490797
0.70151686658298351
-0.38446809454004799
0.59720592064180822
-0.48746128755327522
0.51372274800269080
-0.57952296760693467
0.45988305147435260
-0.64003680980929445
0.43277470464937229
-0.61040261962819109
0.46532722586842057
-0.54214386473822074
0.52681839080500048
-0.44746234768374521
0.60450718131555292
-0.34005726622101284
0.69314810545884775
-0.22060178960950047
0.77793467520326742
-0.09022073738413516
0.84917485112654201
0.04469230906044677
0.89783666870520273
0.17180683528502566
0.91069420249713429
0.28906718059670206
0.89412802294692251
0.38743511956484533
0.85180803696671947
0.46259236444113894
0.78728394953919867
0.51419400768862844
0.71472471122060510
0.54599827763504749
0.64243222088448770
0.55999566698289760
0.58566137854314548
-0.83101892157929413
-0.49860238138088098
-0.75936470735956796
-0.49410209530132193
-0.66132144727904596
-0.48546597038112627
-0.54879525105437199
-0.46459103129855295
-0.42899331967741822
-0.42823925281199765
-0.30774309249079573
-0.37231753935764700
-0.18608287100959051
-0.29245951124761116
-0.06397491228015834
-0.18747941429249432
0.05046853927370504
-0.06215732329328846
0.14847200286507034
0.08583428863834629
0.23192710376988390
0.25427687702369012
0.30001365834887678
0.43734184522690428
0.35174482611723551
0.62856148633684095
0.38586858647061290
0.82127624061590954
0.40224021204599603
1.00591566298384261
0.39956442416630489
1.17795593435452672
0.37763117980619676
1.33054378814684449
0.33873059069302791
1.45543237955244620
0.28051322767541709
1.53210865148556907
0.20468728467890249
1.51768258762388641
0.13572289238248914
1.43318731746051053
0.06111145241084872
1.32139577642301420
-0.02222516408827666
1.19404228381648725
-0.11738347917690881
1.06151761838663927
-0.21340625783669120
0.93293276504629719
-0.30618482729822755
0.81243734764357678
-0.39295859856535764
0.70448503027397846
-0.47036346474801455
0.61273365742879493
-0.52636759801201405
0.53913984502993739
-0.55075838872577276
0.47606052696189000
-0.50294681906087524
0.46327661442011903
-0.42204596698199459
0.50003758421192224
-0.31871832242626047
0.56211990268392875
-0.20325629459835204
0.63774999687919764
-0.07856176196090306
0.70937637114338692
0.05394098666459463
0.76508985188885470
0.18798415053567863
0.79519725249685025
0.31254552607337810
0.78707151514702089
0.42678229379104937
0.75054690166087923
0.52166409953333159
0.69129386837583506
0.59175051379962462
0.61370544845711894
0.63860763795568021
0.52983176519617192
0.66705074877111792
0.45262322597110027
0.67878934052661133
0.39183034012346635
-0.78639450964050672
-0.65493621973359428
-0.71714459117531204
-0.64809502224085591
-0.62376009898866946
-0.63623088135692085
-0.51801418206774685
-0.61018401448454751
-0.40791899667122983
-0.56769330608992352
-0.30021976791184202
-0.50372585395895697
-0.19857295201436651
-0.41362282733309863
-0.10300631144968209
-0.29797461877719944
-0.01483503393493726
-0.16001646170905828
0.06205068015305727
-0.00112242235749590
0.12413668237247405
0.17793139534793753
0.17508830535914685
0.37128701014643767
0.21772673036335474
0.56979043390322281
0.24743371389182547
0.77064116835857543
0.26411304649731271
0.96572943131688582
0.26518282252269942
1.14924859480206698
0.24992195134787618
1.31448648789029021
0.22002383795885339
1.45503930586128738
0.17530609085627097
1.55858209161135530
0.10857256672238792
1.58518531470263468
0.04405517492369524
1.51636563343333153
-0.01960437181775274
1.41147069934327662
-0.09011006507325450
1.29094697391612478
-0.16499226252034022
1.16150538943474446
-0.23778740476472074
1.03260957967641653
-0.30259239997974768
0.90821589996548924
-0.35509846466296524
0.78885651318061578
-0.39523938054921604
0.67441628477985005
-0.42179916166895026
0.57298337146927836
-0.42470536868605713
0.48534191905927776
-0.37663843417796350
0.43629025587048276
-0.29195868638999467
0.44184402852229959
-0.18537728818481261
0.48535718806673878
-0.06639020468289640
0.54794785651180156
0.05944557056147345
0.60631870056085113
0.18833662289316891
0.64760059213790500
0.31664697091759908
0.65827294954395443
0.43250732873877973
0.63082006227356746
0.53773282759650054
0.57775452313824316
0.62370454560921429
0.50356235448489572
0.68506168268220924
0.41675534425077165
0.72514920563488083
0.32749407598711910
0.74900456987194031
0.24707750219079144
0.75940131897909036
0.18447901372758571
-0.74024976931391817
-0.80140113826967641
-0.67157249905912419
-0.79086287108433440
-0.58183387151425614
-0.77541719225076122
-0.48143535553180411
-0.74719742031732228
-0.37820463476060989
-0.70019532801271978
-0.28147088362173389
-0.62998146998594551
-0.19811478802038801
-0.53247105412141427
-0.12829537940716074
-0.40802373580336898
-0.06709557172368047
-0.26035915091096784
-0.01228996561392550
-0.09299630165947942
0.03172530084306543
0.09480095566211030
0.06751314052905333
0.29567617008725405
0.09824485328610476
0.50326178450508463
0.12310984694952089
0.71072713710522750
0.13843857552661812
0.91389641243723685
0.14340544351663045
1.10791422989583999
0.13402729753781878
1.28511378368918527
0.11073352233830210
1.44003710329080881
0.07925531410224097
1.56171802774944624
0.03040432698613822
1.63260210161494523
-0.03040549236194113
1.59305787672242372
-0.07636529043225830
1.49789198693028469
-0.12304168596416859
1.38284345330336955
-0.16581859294099427
1.25295426100136220
-0.20391177970412599
1.11275619078841825
-0.23434649987244993
0.96758310700129080
-0.25831157850577385
0.82489012750840784
-0.27793393937826794
0.69228283345586117
-0.28661423074391862
0.57430797626803143
-0.27763289098917127
0.47132035891794039
-0.23303692578409591
0.39576699828468520
-0.15274663292680152
0.36802437481012684
-0.04865450258453994
0.38530826346412084
0.07007825964213076
0.43231579881514415
0.19244610617344715
0.47809180926048306
0.31390142345047156
0.50391127266269875
0.43177673969987979
0.49828471976051275
0.53506141510692640
0.45464822052506648
0.62363293514382612
0.38607164157411267
0.69233642529870298
0.30063385654809954
0.74111796120593998
0.20718421155711611
0.77284475118502116
0.11396494111639162
0.79246324010993352
0.03155810680112447
0.80028395164901234
-0.03222582643405405
-0.69899083043246257
-0.93252187983804957
-0.62857791269077723
-0.91961622645433916
-0.53865238008559979
-0.90162456921688450
-0.44045816094707968
-0.87126111383999183
-0.34280682739296098
-0.82270857967186317
-0.25471654412224337
-0.74859397950051931
-0.18452721760070095
-0.64562678541212093
-0.13562225253130500
-0.51541962412695586
-0.09856047863084716
-0.36121230485521516
-0.06506747618029911
-0.18711151408957183
-0.03686544714890205
0.00569712278837483
-0.01541586922723744
0.21276899856559850
0.00561794163386820
0.42517173527083252
0.02327130893172513
0.63947311830677112
0.03507903469646249
0.85128095203916432
0.04005420646955497
1.05425237431065133
0.03767697228306518
1.24251103068721647
0.02401989746962046
1.40963055268897675
0.00243780500863057
1.54925390514782868
-0.02267493540356610
1.64842704299081899
-0.05373754273705796
1.65746262111033027
-0.06601391821209787
1.56966290603252756
-0.07846702242235588
1.44911473439354954
-0.09078090762259539
1.30581770215867232
-0.10423295601446252
1.14640172317737576
-0.11898759745032829
0.98559932960420393
-0.12802267617788049
0.82945623562401161
-0.13331387541534986
0.68420687458575191
-0.13140978667864633
0.55432092619941309
-0.11481394990217980
0.43936393779486249
-0.07355499353004860
0.34487067012194167
-0.00191449727068043
0.28669774580711804
0.09413127172955074
0.27247937062907729
0.20562277702540135
0.29969063986290401
0.31856210416378200
0.33034023752945901
0.42824879672471616
0.34414574012681654
0.53190225406137204
0.32509395355839982
0.61752450011426785
0.26791532212367830
0.68456026842103701
0.18671100374448157
0.73569287145836892
0.09273095468619265
0.76917041146551768
-0.00694562559304932
0.79093615579075749
-0.10374691330345656
0.80506736463340656
-0.18706698965670662
0.80713107081826574
-0.25353738463756825
-0.66406715973865171
-1.04242140419429119
-0.59355360747912300
-1.02833262808932080
-0.50428592427061258
-1.01049724691311504
-0.40460636705103181
-0.98131050906543194
-0.30712868442821012
-0.93249518610281557
-0.22444268495731345
-0.85645176522701139
-0.16112783684067886
-0.75039701238971190
-0.12376661579584339
-0.61713482586960666
-0.10339601173846394
-0.45970294916645327
-0.08656278416910976
-0.28135391986062636
-0.07293459903859625
-0.08577200391438838
-0.06155713512363108
0.12295416083686229
-0.04740458911346829
0.33834369050618684
-0.03325647874064440
0.55731497745607961
-0.02365827241566596
0.77447465145476158
-0.01641755675832324
0.98215122971873337
-0.01029980801257716
1.17687167543091942
-0.01101440593171639
1.35074975208517301
-0.01010903032443125
1.49807846033202186
-0.00167247278298384
1.61169561909391157
0.01463277084094773
1.66518600755625279
0.02309031545790985
1.58255652240578448
0.02629394232097371
1.46068137676087417
0.02762339598812398
1.31364183023517889
0.02749556644502699
1.14926045220942741
0.02461376933783976
0.98142141301851904
0.02540928668753535
0.81681892230408248
0.02984031784351377
0.66059112973682688
0.04031752879905080
0.52223110656364036
0.06058347760683852
0.39553845486906047
0.10071707987309293
0.28778366557948276
0.15992348062189446
0.20435367889209011
0.23849363533520762
0.15728658712248728
0.33399211870146417
0.15577579883565879
0.43331229155183215
0.17265542442882259
0.52854954687695266
0.17365253436220529
0.61333885421216650
0.14374312097251524
0.67896746216138126
0.07619004010192391
0.72382942214164592
-0.01466711933901269
0.75558678463926998
-0.11650245073591406
0.77242234394129639
-0.22083916760768069
0.78369342195314495
-0.31951044063479589
0.78895858289651677
-0.40232366648931611
0.78745300654611194
-0.46660406308218116
-0.59545404624767984
-1.09303333702828498
-0.52329019013424616
-1.07731027989323613
-0.44311573394178072
-1.06906604122662041
-0.36427920021720966
-1.05986417684273659
-0.28091794058186137
-1.02361845804268858
-0.19862667611073276
-0.95016352362578793
-0.13600354847193263
-0.84364630849863642
-0.09987463354683353
-0.70958614672653852
-0.08308742196027874
-0.55070128924080486
-0.07212586600541739
-0.37075783620609343
-0.06033264195880233
-0.17382942653893699
-0.04878325190103654
0.03363808783309531
-0.03416260283663242
0.25040569660539891
-0.01764646008064139
0.47204792709474669
-0.00261983443576922
0.69185117479085168
0.01021548947134947
0.90408727900165964
0.01973882103190751
1.10370594797685584
0.02956856329620942
1.28557144776564214
0.04657991520671827
1.44314217339586093
0.07248776568944874
1.57046943586966514
0.11010073214933194
1.63953993742615278
0.13894508281883300
1.56912617644270980
0.15571269223371320
1.45059419341536167
0.16868922820853413
1.30263857203063105
0.17814871772900498
1.13624942722366384
0.18586943445184451
0.96511034476806812
0.19536136699509488
0.79477487177677331
0.20608203496477270
0.63021073461831434
0.22259158919553731
0.48158968123326551
0.24556174839108705
0.34726566601959563
0.28056460014759321
0.22636897313203702
0.32690941504004578
0.12367124693967226
0.38564141090124043
0.05042440504793207
0.45722913431070883
0.01425750498066197
0.53777073258883235
0.00812780803373373
0.61504609297088741
-0.00338667248366896
0.67927097661280500
-0.04189873053397770
0.72047160785554543
-0.11733391085508323
0.74264444659970708
-0.21432874060776397
0.75582922977484723
-0.31997537053007508
0.75307376035534379
-0.42437376197845827
0.75351065108416460
-0.52016514600778418
0.75039530108033348
-0.60078322394461803
0.74390861558017973
-0.66292037800582937
-0.55796967265244057
-1.06308988083358202
-0.48376411319021118
-1.04662481744842206
-0.39669871239258797
-1.04621570287532828
-0.31180931186231176
-1.05982984622845500
-0.24128271450984309
-1.07042268813621688
-0.17784774079886551
-1.01995155170550644
-0.11292923823277072
-0.91945586908015597
-0.06898713315870156
-0.78538868301669762
-0.04198991202969225
-0.62563741899741421
-0.02346434288897449
-0.44437422848959851
-0.00309887752998984
-0.24696499667277716
0.01880324215453819
-0.03723964618153623
0.04112216303170704
0.18215801624633082
0.06264845266851191
0.40781155786894585
0.08336868969344803
0.63189973269093291
0.09984100885064530
0.84951204202453623
0.10806180659937133
1.05333855767377904
0.12250775239393538
1.24218057414850658
0.14706947059134620
1.40726714441616374
0.18231196726290630
1.54076453406835401
0.23231616300987123
1.61963485241714378
0.27503533427890614
1.55876767626570456
0.30252596546481636
1.44276383017122201
0.32472148436395520
1.29515279630421487
0.34314417496848176
1.12909892179999582
0.35889704016801111
0.95148821545280582
0.37467875708298654
0.77383863703846012
0.39024150932565993
0.60204544727441689
0.41062039426846686
0.44384590683899555
0.43414740138349084
0.29861262181610193
0.46284151564959858
0.16664971986399332
0.49677400963991741
0.04976919150764720
0.53713836033480744
-0.04648726830170770
0.58388593931550348
-0.11466264937298205
0.63576005113019973
-0.15610868436751191
0.69087896015419825
-0.18543014851061021
0.72974825539264621
-0.23051055938333578
0.74470356041429675
-0.30911365167259680
0.74010194249520012
-0.40661313391083481
0.73108671698790895
-0.50836794665468610
0.71602702317499245
-0.60628948690490569
0.70362576056900705
-0.69663066047783651
0.69104652351733031
-0.77430548682605926
0.67820463037384326
-0.83397110259867080
-0.57137579798548099
-0.98892059516383291
-0.49356055778276486
-0.97253459215908944
-0.39923541427634612
-0.97695105933396187
-0.30366676395595138
-1.00041006142229283
-0.21760875534676724
-1.03203424157170032
-0.14537070128080404
-1.04073963080959353
-0.07987863271451356
-0.96009372845619889
-0.02181132816674018
-0.83121420456574402
0.02047440578199383
-0.67270331585257825
0.05141608393421619
-0.49166544452054733
0.08108028697247421
-0.29396598318666450
0.11418786198949783
-0.08416919635496954
0.14687358441171824
0.13616314205664512
0.17674604330171270
0.36453215992016580
0.20335319241588320
0.59413154821814529
0.22502854594669153
0.81832481280999481
0.23838902470750650
1.03041638025132576
0.25156304885743652
1.22288229065762422
0.27663144814574425
1.39167567247773771
0.31682653023889618
1.52718936746665834
0.37570408251848297
1.60749615175525840
0.42786380923756484
1.55262873402630452
0.46314269509008443
1.43670704176654374
0.49124388402983210
1.28974257921732982
0.51652236080865976
1.12256872259527229
0.53810748639233563
0.94224979530878417
0.55857574271381161
0.75802767256254566
0.57887604079048449
0.57864897654087144
0.59940140374550543
0.41012410667508209
0.62155967870666784
0.25537560296789003
0.64318358293229849
0.11231145683078010
0.66700041544799116
-0.01843001863632729
0.69145364779713914
-0.13519355480076783
0.71415284160498760
-0.23100773901120381
0.73646968802572588
-0.30324629937282738
0.76012994018661406
-0.36083597605243040
0.76718124504617047
-0.41759850331391618
0.75225055820190545
-0.49324326182195832
0.72528088945325941
-0.58069589452117643
0.69399388093391456
-0.66996324984315236
0.66096138106962399
-0.75692695933107013
0.63114110057638340
-0.84041969283136775
0.60386461113818557
-0.91144494625114403
0.58282697929826033
-0.96642323628608184
-0.60698610510812179
-0.90480830165595583
-0.52582588971477473
-0.89010803919460280
-0.42478168928868676
-0.89884767900375340
-0.32040194441097042
-0.92730980104083294
-0.21975770784363782
-0.96589393251870148
-0.12809098645040493
-0.99268168622530151
-0.04200363545766043
-0.94810805278661925
0.03368087812713207
-0.83601207727751570
0.09297732013064620
-0.68559574268991186
0.13939179595260701
-0.51039760661349098
0.18049782928153205
-0.31664647343513863
0.22523502516617763
-0.10782182903383092
0.26936142011146874
0.11159118178136383
0.30924049577277213
0.34089151459391748
0.34221268796951687
0.57218895091437860
0.36785762507120362
0.79944982996483593
0.38491475364826067
1.01528475461599887
0.39970544917044942
1.21245048692120760
0.42379854370636544
1.38399273692359470
0.46630848062267294
1.52060717762157793
0.53224964850348422
1.60021096834054188
0.59235217534859064
1.55036881268749016
0.63270735504350650
1.43539064563404639
0.66573359334410165
1.28677195223903107
0.69515727259486226
1.11749484392601262
0.71971519896940517
0.93447742195950678
0.74372054124084419
0.74628898618787998
0.76495455424439929
0.56074833725287332
0.78529871580850141
0.38324974271821183
0.80338617220717357
0.21733383653599911
0.81975667124098273
0.06308129603853813
0.83455287436676551
-0.08223488165921830
0.84601070016880864
-0.21559111250013208
0.84606145375866493
-0.33211033984285671
0.83966653768516564
-0.42939075286624712
0.82642691533078683
-0.50877725598974155
0.79683031757570211
-0.57852755553280000
0.75133398783247485
-0.64686695423576246
0.69636491934962086
-0.71948440145369108
0.63814079092736586
-0.79332078112881554
0.58312075949265263
-0.86585719093976043
0.53042869633209389
-0.93317513422374021
0.48698536638796236
-0.99462643102122816
0.45824569045521335
-1.04550321657182188
-0.65619179108957937
-0.81916030534882889
-0.57213558710397305
-0.80820468441384585
-0.46460687660397254
-0.81947000211693077
-0.35028175954880714
-0.85256635797681202
-0.23658077183442427
-0.89430249425614472
-0.12726724567448774
-0.92572738245895281
-0.01917516894755399
-0.90233471610376570
0.08187421819727178
-0.81035544093538514
0.16528658846529259
-0.67254349352900611
0.23090169177295680
-0.50427799250295435
0.28700312892703417
-0.31687407413431223
0.34421112603492127
-0.11311754249538702
0.40092711490947741
0.10257532206975850
0.45217378938108610
0.32798952989065699
0.49220061321755171
0.55773088003194671
0.52197886242175451
0.78636652000125151
0.54012915209136414
1.00488382088688755
0.55740163895791217
1.20503714688996943
0.58202355518950433
1.37847784273516205
0.62548295801813725
1.51520968074592566
0.69689817090906814
1.59271916627227883
0.76281161585748725
1.54830948829821868
0.80849429048054644
1.43529965512728119
0.84487486978199766
1.28605992560556293
0.87640917393639151
1.11425024247614357
0.90240590266504661
0.92790013624003753
0.92577199959041900
0.73618456999045478
0.94526419419680663
0.54557153039220618
0.96250691249357834
0.36267246931298491
0.97546652308667203
0.18767095098287698
0.98485280039767187
0.02125619505193575
0.98953117864400775
-0.13847502850259841
0.98455080229082370
-0.28521148503519927
0.96398839569311168
-0.41640643832841379
0.93015800630786993
-0.53056680758191799
0.88153656574884764
-0.62588529003123194
0.81696687174681504
-0.70109069709233940
0.73571506346167437
-0.75793957459302763
0.64813976641686011
-0.81242547604781390
0.56283210263065520
-0.86948503420185352
0.48452165864293428
-0.92490956278336611
0.41458069669016251
-0.97957076796327325
0.35778825432599054
-1.03148811975605303
0.32126184578519101
-1.07682824549523515
-0.71491150715087526
-0.73744812292044459
-0.62708764126615568
-0.72995003022447835
-0.51436749590500097
-0.74694163715389117
-0.39164740618724536
-0.78384122475582452
-0.26649148216234142
-0.82854480657703444
-0.13712205817886938
-0.85856147474439570
-0.00323239522798041
-0.84239401100943589
0.12151702283947000
-0.76728087366482867
0.23009720099864794
-0.64351115664386904
0.31967262854431305
-0.48490622939875405
0.39599855866575573
-0.30406329438068913
0.46683835080084568
-0.10719549735085455
0.53664625421517298
0.10270930382347332
0.59868647464748215
0.32263945416754658
0.64819922258344198
0.54939925966678171
0.68143368597377973
0.77638384108934166
0.70328140097108216
0.99529552797856180
0.72387687159126590
1.19664291411107415
0.74969606257113941
1.37276648635047493
0.79313249164565336
1.50981930612472648
0.86769471576057811
1.58599932838422353
0.93915288335472857
1.54721187229170831
0.98805022638815854
1.43500571124458842
1.02407447020096232
1.28660203897307168
1.05601543204123982
1.11453859881700557
1.08144785341442939
0.92695654094538971
1.10232455946383023
0.73280699627512502
1.11736022284231229
0.53838596990784071
1.12842997390100308
0.34972421300689926
1.13602193130350826
0.16803690867858270
1.13737811484819096
-0.00678337830011774
1.13130865566801631
-0.17514786092668672
1.11056341547213844
-0.33188012362399505
1.06926647794254515
-0.47456057857505646
1.00619028064842775
-0.59950546441101005
0.92187369007967657
-0.70258758482652295
0.81817338132626316
-0.77426889685126044
0.70052071710583408
-0.81376339247742646
0.58579112992576110
-0.84938617638984015
0.47982547029629841
-0.89110446401663435
0.38354583297642775
-0.93368445559011148
0.29861495426821327
-0.97636478931112458
0.22989304543169797
-1.01932227568336864
0.18636472543958738
-1.06086219100890622
-0.78038520625933760
-0.66772206904660014
-0.68971351719745799
-0.66648737051556384
-0.57287838586877271
-0.69126269186588318
-0.43944551566796075
-0.72646460987760586
-0.29580051844824512
-0.76128888032717990
-0.14626301812021109
-0.78464081427039223
0.00556255623950468
-0.77649338761485254
0.15427445992509423
-0.71426513373016642
0.28717585003604257
-0.60497990604376961
0.40292160781479613
-0.45677625545261602
0.50161954615558813
-0.28507034787116686
0.58965110128856846
-0.09467085835943648
0.67283632726174714
0.10711350183726266
0.74609228860499077
0.32003220916448089
0.80365452081294053
0.54105539648250389
0.84456039458794996
0.76342741178529205
0.87371961779451068
0.98079210963900110
0.90026774306774460
1.18381733708417558
0.92782723001563794
1.36125859062259069
0.97090707019719713
1.50032537796592580
1.04326904905963413
1.58081410951684487
1.11505951617314114
1.54944017806307044
1.16288093700559148
1.43857863037327949
1.19963096542771153
1.29144072999649007
1.23036958472176239
1.12111427225263416
1.25281422770746986
0.93395149218246398
1.26967507211395958
0.73920807560583413
1.27805362698502556
0.54363686454381466
1.28220427344312382
0.35094589274563004
1.28231940184997462
0.16439286495975944
1.27565425303790003
-0.01469741545808842
1.26044740277954426
-0.18591537640395944
1.22549904863319958
-0.34553535661317419
1.16428754564313919
-0.48822230574028258
1.07411623494666597
-0.60565748739015679
0.95279724468154614
-0.68790932702142060
0.80841313263323067
-0.73649668686125769
0.66680831674089613
-0.77555896264137847
0.53363706231904717
-0.81187254875309334
0.41034629848339516
-0.84741233069493882
0.29784068922890250
-0.88283172770911256
0.19911922482872119
-0.92043112615586908
0.11987511484712025
-0.96171241616963932
0.07027511232339291
-1.00427994861045677
-0.84513075383668690
-0.60813257248960240
-0.75112588819758541
-0.60969394084253259
-0.62490632563667092
-0.62962962791166810
-0.47781783471360684
-0.65928283938484877
-0.31942712148541430
-0.69067371835496216
-0.15304752747414044
-0.71035733735053741
0.01737060093373987
-0.70424821873202070
0.18341283409839970
-0.65640971114556346
0.33822545049303099
-0.56410754409898101
0.47834228894106612
-0.42912650784028744
0.60039694139239053
-0.26563824298639632
0.70775912545279829
-0.08346520460602955
0.80473292721686562
0.10967188455973544
0.88737308148945893
0.31382781672086046
0.95520800263787509
0.52730011543520605
1.00678798619582954
0.74492139554123016
1.04773484650488102
0.95964288628683780
1.08105581962197039
1.16172107763858024
1.11094736175459086
1.33910525327384633
1.15265408595458574
1.48220046032100972
1.21745152200507345
1.57027305668446693
1.28692791499816050
1.55218396667644765
1.33023181965656079
1.44477672682575498
1.36514398506544432
1.29999336673584964
1.39346448041501181
1.13424059444798320
1.41368299581031542
0.95136718514315588
1.42410078549771457
0.75925931280060976
1.42553002767966452
0.56365684684082318
1.42035041898841752
0.37082840730981637
1.41191261087778375
0.18420260925285814
1.39753730726535652
0.00570784709867692
1.37218483743995789
-0.16319029237350147
1.32236471416017620
-0.31741142953536933
1.23769580672174517
-0.44725244889364157
1.11513787965365463
-0.54400328458671687
0.96094361098160519
-0.60437470756658196
0.80214843200330666
-0.64388318391412391
0.64897936078707363
-0.68103235082908886
0.50350636095250190
-0.71556515013592348
0.36704456039074412
-0.75040839856809083
0.24187168934282516
-0.78682884206226367
0.13090645673146631
-0.82480428609268253
0.04083579596070044
-0.86651893351568920
-0.01709491590746236
-0.90946937143220197
-0.89717745044704666
-0.53872978068409505
-0.79957754912808665
-0.54218221477559325
-0.66645371325761082
-0.56207127973646431
-0.51057573647982257
-0.59106409103985513
-0.34029461250198079
-0.62065190537947468
-0.16069228229059548
-0.64156041931261210
0.02434530076669741
-0.64011786244557745
0.20687019932894604
-0.60553697321031308
0.38208610218555555
-0.52823007877298556
0.54373284645998199
-0.40579140181927387
0.69040639395500869
-0.25223957780540113
0.81654741675524789
-0.07917726088069324
0.92546642604588347
0.10489244536625557
1.01935837616656322
0.30069154220660882
1.09914705935954071
0.50652722129575822
1.16535339942459482
0.71757422567057605
1.21785766052939048
0.92762449072794417
1.25998218923936478
1.12731827944836294
1.29314170127002837
1.30588384154716297
1.33179128965161686
1.45459081058627526
1.38547856011469794
1.55189346270318262
1.44915363935038699
1.55321711218054248
1.48538060932513649
1.45477542576830920
1.51719792976131851
1.31546130181202292
1.54016500336558981
1.15493354830691519
1.55569218456600389
0.97790106691205447
1.56050643253980859
0.79095041767294072
1.55329105864372519
0.59980957440862259
1.53705371000264557
0.41043516431862126
1.51653482541182472
0.22814849024166423
1.49327304527619931
0.05317918094497088
1.45882075074975170
-0.10933287543113490
1.39461900986107934
-0.25447025088336001
1.29159007592068797
-0.37134893212092601
1.15408956600500545
-0.45404045858357600
0.99120943481131130
-0.50312541206268568
0.81923524299652928
-0.53157497729653969
0.65425274531867084
-0.56348505894687984
0.49876589309377040
-0.59622268310675686
0.35315965677539435
-0.63181582518843016
0.21820485433263817
-0.66893052874541714
0.09701659739044845
-0.70688625776768732
-0.00190725925351508
-0.74767552320327013
-0.06674953657687226
-0.79095814655991237
-0.93494838690273152
-0.45851197343281419
-0.83625739999620197
-0.46650411318577856
-0.70016722338907977
-0.49140349989551824
-0.53836011733696476
-0.52394530376687998
-0.36056455239170981
-0.55667362137928589
-0.17170259495160961
-0.58047929429018075
0.02463799502236443
-0.58573483071091614
0.22165129508145082
-0.56198361625006832
0.41357145218294472
-0.49912126502517318
0.59628910808081814
-0.39157020844126977
0.76459972541366805
-0.25002429490422601
0.90766463233464345
-0.08613960686248164
1.03035442818076373
0.09167927000449654
1.13740632268025377
0.28099379253588475
1.23044954327742784
0.47978787894684966
1.31120200850590973
0.68443442948484357
1.37720653824723427
0.88862830869145903
1.42800680162800608
1.08420647159740624
1.46582529450862831
1.26275701383236050
1.49970884241225355
1.41556776632462444
1.54096044368823892
1.52329563005938406
1.59599838768662838
1.55094418676019541
1.62395396861527552
1.46347975434191535
1.64856528859041096
1.33395306536328317
1.66465084146507603
1.18062793214485184
1.67338725241373121
1.01278311834537860
1.66860821795039960
0.83541911882432596
1.64988151082292278
0.65312951263055352
1.61727077038442624
0.47215992350822417
1.58067451353541077
0.29880541884830103
1.54734481486292230
0.13210161541344601
1.51255201576082920
-0.02517572861034554
1.44843452595243605
-0.16518760852003744
1.34361371210501068
-0.27597737779342024
1.20283606965151368
-0.35094371955695280
1.03738466872454183
-0.39129181695958531
0.86205955330649853
-0.41316611541986359
0.68928909800569516
-0.44106461833812605
0.52616949136981506
-0.47303958377553801
0.37250555993361562
-0.50834684808615460
0.22976304957006768
-0.54522257336428070
0.10083716132678615
-0.58193875119880800
-0.00611880593171994
-0.62126954216284669
-0.07647505467982993
-0.66379863463037581
-0.95555660816242016
-0.36721505267493049
-0.85691040179862554
-0.38127999314023991
-0.72113185643740263
-0.41381383538229588
-0.56017867468293014
-0.45420197144083341
-0.37924505258211372
-0.49415640461579935
-0.18555110985632534
-0.52355977221158945
0.01816314867577340
-0.53347716129810263
0.22614093248508665
-0.51503461757915947
0.43369203811448631
-0.46258722357527049
0.63245196472120357
-0.37425225633788978
0.81814153049245597
-0.25069179865276814
0.97817186707796133
-0.09633814264794763
1.11593640030892782
0.07585022213243812
1.23791660744730758
0.26025596906949944
1.34540495644631397
0.45378973306275905
1.43935722092839113
0.65282340238099656
1.51650036138316979
0.85058248009864035
1.57730900608967528
1.03995429326888700
1.62037267106595784
1.21506621091409084
1.64878348049146628
1.36861901968162947
1.67810191598197367
1.48595932473296011
1.72035798826775399
1.54138677405227664
1.73988398008010181
1.47140129117758334
1.75195621093481058
1.35473731534885800
1.75631424275224601
1.21395301474986361
1.75027684812000150
1.05897965113734216
1.72954529780203048
0.89481808707463384
1.69391213975552879
0.72630543155577110
1.64917188123285263
0.55573200927002275
1.60781608794888897
0.38886653902098733
1.57642465066304682
0.22782806608871586
1.55345116691592855
0.07459769813122853
1.50016292931443629
-0.06399080777450085
1.39889996086570512
-0.17117828788617423
1.25890603664778400
-0.23994905664376467
1.09520417301458650
-0.27523882465429422
0.92119559605293855
-0.29430835603614763
0.74592835951573400
-0.31939658418780670
0.57826833552534607
-0.35028820564486518
0.41925479688303580
-0.38548034155904815
0.27058873599062089
-0.42257525056570122
0.13603561318208629
-0.45968316286947059
0.02391896822652167
-0.49843685280872535
-0.05038581222546278
-0.53952904172133087
-0.95766958956751824
-0.26640278555355240
-0.86064620473281805
-0.28619756751936498
-0.72785421963615637
-0.32613122408442291
-0.56962872079288884
-0.37559436149185771
-0.39306555311120089
-0.42416164387817157
-0.20321912938112355
-0.46020165077965269
0.00110758647305137
-0.47196548683965706
0.21392233393254176
-0.45606171987800881
0.42949641962761265
-0.41120404970884056
0.64226412048842385
-0.33527135916382450
0.84587365435907336
-0.23045188020872212
1.02485881626124464
-0.09238549609835091
1.18050805474471177
0.06947639051146801
1.31741326154738636
0.24615033002451514
1.43825709742994445
0.43372016653586182
1.54427569310304147
0.62548629763010843
1.63430017712551390
0.81552085830697663
1.70229141459736444
0.99823898165549063
1.74759231708692475
1.16797262986104000
1.77134885713995249
1.31942186031978204
1.78782206996162096
1.44029556042310691
1.81362074326774758
1.51758718890811428
1.82475614468121061
1.47816973529605256
1.81035527479718095
1.38181806978868793
1.77988287310388538
1.26093831166937753
1.74640649565104766
1.12113213812783985
1.71477401361864579
0.96830872507327836
1.68021149685603088
0.80806488187359871
1.64478776507837354
0.64493786139374465
1.61802164388557568
0.48534833585610815
1.60076892072542409
0.32982033864394256
1.59188391270267382
0.17952473162742866
1.55558334958535571
0.04093671274840718
1.46113273164637913
-0.06486176445990123
1.32503878812174225
-0.12977776339569205
1.16576386506874763
-0.16216905832439540
0.99574560902868725
-0.18025937900306996
0.82286438511576887
-0.20251701912078582
0.65163680906419752
-0.23345336779372142
0.48858725548358767
-0.27002349600762937
0.33676129603138333
-0.30927021843650582
0.19871016176184797
-0.34763210076286893
0.08515465418366414
-0.38786006809923285
0.00934134152652412
-0.42904423606464165
-0.94058247569205000
-0.15392802532156985
-0.84617518132849578
-0.17956440481465955
-0.71881564203444748
-0.22792868588493634
-0.56905768940707235
-0.28453661399230890
-0.40041184996441698
-0.33935005637383975
-0.21340547771639529
-0.37683282421466119
-0.01050023093140073
-0.39071568734999468
0.20132760227844823
-0.37994998997356938
0.41769371844809472
-0.34135262787074860
0.63457481537577876
-0.27544230039465578
0.84758116440784259
-0.18068350443713280
1.04234201879915700
-0.05992845042154619
1.21484964136666584
0.08582840974989139
1.36866241421021084
0.24736297757481121
1.50438179495551982
0.42228441714880799
1.62281433250023732
0.60351361854647423
1.71975297202360400
0.78487652701665744
1.79135014600590536
0.95900328794164824
1.83722702994790965
1.12123348340462803
1.85357191642877872
1.26497964965487419
1.85684662609274787
1.38288074211075251
1.85255466171061256
1.46405408500749790
1.80599323740304518
1.46769839801176638
1.75767634937692718
1.40170386843919736
1.71543359634169934
1.29783904389480309
1.68198145657119191
1.17264987928267739
1.65645582501029831
1.03416717722613183
1.63947540634235778
0.88508888219169590
1.62737696427679790
0.73191509219597062
1.62511608589902923
0.57844458663902154
1.63239227789522623
0.42820511311793474
1.63668695330557057
0.28234335313419312
1.61445484299417208
0.14478552818724047
1.53064288378020619
0.03643009907043580
1.39999158103131593
-0.02683061439594859
1.24713574997257992
-0.05948173015628121
1.08356744255002901
-0.07841236089758888
0.91392446167744501
-0.09966715374741009
0.74394163943519154
-0.13081736272111841
0.58044618972886253
-0.17249220740104715
0.42940611844869331
-0.21751246808157401
0.29304018039210772
-0.26197251942781030
0.18150575664371524
-0.30793733379608418
0.11058089541317770
-0.35707505336231715
-0.90391716393003008
-0.03143705246711517
-0.81359648454806355
-0.06155708489790410
-0.69472888865458016
-0.11562520257815317
-0.55399248700090942
-0.17801538660302185
-0.39533066023012620
-0.23610679224683614
-0.21523453738958737
-0.27660345430749300
-0.01915724726053794
-0.29524377312298544
0.18549333177338520
-0.28841631186627043
0.39484303800269754
-0.25994282516504258
0.60620830037883089
-0.20723346333935608
0.81270657618716557
-0.12631700668764087
1.00361546652738420
-0.01805245997455101
1.17552401531395412
0.11583777444377180
1.33153229657732242
0.26549209581685657
1.47374358192041655
0.42529762402237870
1.60318393579727370
0.59020470869236330
1.71596950460942899
0.75619732253902172
1.80159461791764053
0.91821539727311752
1.85540280177948369
1.07265746539500095
1.87264592058541313
1.21248159870872318
1.84874585418691773
1.32762861735184479
1.79752613849721632
1.41283525932313969
1.71600013232810045
1.43700471655911532
1.65289024088918501
1.40223589371423674
1.61449989069855881
1.31691394207208945
1.58249650537501418
1.20722253663470958
1.56668226670881117
1.08141052236159108
1.57525593695179822
0.94634755345011445
1.60087998088664452
0.80606058522299051
1.63116444966565322
0.66258113377036476
1.66239377917058873
0.51696541161110110
1.68468681482768123
0.37495037355174005
1.67598891436525022
0.23895378656907759
1.60721001244561124
0.12678979774624605
1.48682219590826881
0.06007103127965359
1.34356098809383728
0.02146489933232734
1.18765799303777952
-0.00332584177279532
1.02505984379230997
-0.02810753027089364
0.86054084829750510
-0.06380877561232860
0.69945082773240475
-0.11365267239289960
0.55132418696738972
-0.17339222070997951
0.42142787547154104
-0.23402902663030473
0.31580405950927970
-0.29285691414561721
0.24831743919858090
-0.34953519661489618
-0.85387740019004799
0.09704860806389905
-0.76566420020408010
0.06520237172787804
-0.65184052459384045
0.00971502881276654
-0.52238510016282169
-0.05610893584014609
-0.37566508777118640
-0.11721632751219035
-0.20772081313409588
-0.16173817909852647
-0.02277050530631490
-0.18677302291747042
0.17039191986586361
-0.18834680122201919
0.36840149137992956
-0.16802372284249995
0.56723839440220658
-0.12480604999936544
0.76197666450760548
-0.05331681212966351
0.94289002879941464
0.04496881688338780
1.10663950925890986
0.16756341397674840
1.25663824276092329
0.30590009805287888
1.39425501657216633
0.45433681221178801
1.51940292419203105
0.60976626322562011
1.63099740652542891
0.76757914500138724
1.71868800987725012
0.92148994065324652
1.77530475807045440
1.06618375906051410
1.79155486524434782
1.19682797798148566
1.76623862653414365
1.30913992552080916
1.70262279377296522
1.38953954402665114
1.61210287923584783
1.41509985010243811
1.53286028323496204
1.39203544378652522
1.49376419904976054
1.32146526383896146
1.46417747666817455
1.22205377575905838
1.45501631751460114
1.10587421859543178
1.48078399044230147
0.98018560443161062
1.53622916561256595
0.85237500570080038
1.60437755269874294
0.72307161583083890
1.67424190164856568
0.58985971348881316
1.72451102851813420
0.45268438952503437
1.73638706475991778
0.31646100177437458
1.68670839686013907
0.19888873645358832
1.58414986781234224
0.11784536843379187
1.45258446365028338
0.06760172259196937
1.30596539604430006
0.03073767336018550
1.15083124989661267
-0.00507139882106724
0.99248038837980168
-0.04987291126369678
0.83743568300509030
-0.10608605221689298
0.69141166735736803
-0.17518340457660028
0.56379284312541289
-0.24864315439078363
0.46204956761860350
-0.31905543625362792
0.39769803120517172
-0.38410430106644250
-0.79035648237510969
0.23116235285451764
-0.70260647026998557
0.19666093297019527
-0.59289818424267826
0.14224681434998374
-0.47319359465267496
0.07729845987614821
-0.34143864195857737
0.01431796697576680
-0.18988567766608436
-0.03449562564288505
-0.02027857354383933
-0.06535730599796713
0.15978822853452407
-0.07577595451847947
0.34338217784778446
-0.06272302225572086
0.52683845679204233
-0.02533145749843483
0.70529267291257480
0.04070929835287981
0.87257345972886236
0.13340078154145824
1.02469706140538874
0.24661422395953048
1.16448739484342978
0.37376384320867828
1.29424793737527932
0.51033839921078539
1.41320440913183076
0.65551746322519056
1.51997701783734174
0.80358482464829495
1.60714030408842579
0.95139079844315622
1.66546218452693062
1.09023317012829901
1.68478344589211382
1.21577790238668793
1.65832137509461019
1.31972721071890664
1.58753373464555736
1.38639769765743415
1.49098818952107570
1.39627166635574795
1.40581748096964931
1.37619941846408911
1.36425066031608022
1.31600310232787709
1.33726636012350220
1.22137882625885341
1.33149017278907400
1.10850608342131185
1.36963838906114632
0.98823209007074808
1.44317035962925622
0.86806740893693957
1.53143452713238770
0.74878986437889716
1.62571220757888524
0.63045441501166399
1.72078526766314743
0.50736739391991748
1.77733174060602606
0.37196762714802428
1.76100469193559328
0.24429246749820160
1.68435052842467514
0.14370082935612249
1.57045361811535500
0.06876209494140356
1.43129731860727638
0.01708718238670590
1.28237408221841243
-0.03036233720113305
1.12961898010293260
-0.08323354574942891
0.97825822984775757
-0.14382118233095834
0.83683370752206765
-0.21493407996143191
0.71057144505123382
-0.29415455881673064
0.61066016920568111
-0.37078736560402403
0.54958866248014315
-0.43978330544403738
-0.71439559967284605
0.36984988831314775
-0.62573582086355095
0.33344317036109161
-0.52063384528017409
0.28029654164301754
-0.40779024403689629
0.21730472744701898
-0.28911608450814197
0.15356792811325851
-0.15622985179680629
0.10071382356514416
-0.00522777773538138
0.06358428685805061
0.15665511555639272
0.04737958120134244
0.32174046441520299
0.05625661526740283
0.48649926042219366
0.09113714455454931
0.64501683464960891
0.15586569976859041
0.79520639781325619
0.24302992310256069
0.93304622719669805
0.34992423075957002
1.06130441780314499
0.46949452543365117
1.18244696138888283
0.59846759483313772
1.29640530804401077
0.73575398264041958
1.40050580271545222
0.87668616278132927
1.48651707301544844
1.01742761152105521
1.54761332238582949
1.14909623081109746
1.56980402252588669
1.26663296151829918
1.53911904523089205
1.35572424509888134
1.46100421945866388
1.39737632043484150
1.36451095098998132
1.39172997514772323
1.27969583311682489
1.36549311946365681
1.23688029224572138
1.30570418473399386
1.20947791611609778
1.21019589100146807
1.20967161526118239
1.09418538289877509
1.25887971177189018
0.97389367463956911
1.34320492144180625
0.85475274920879585
1.44300232329316058
0.74038295655262509
1.55319327842283172
0.62995742462471938
1.67004388729487041
0.51714429248379368
1.77237384657399333
0.39524185372392090
1.81647040505624902
0.26068365874376254
1.77614388998107064
0.13432349544363173
1.67809993472030672
0.04009739370447848
1.55130731023456048
-0.03051973474255756
1.40852794596839259
-0.08931563051862638
1.26132628460271290
-0.14812492935722330
1.11621627355654107
-0.21347392024148218
0.97975363056049014
-0.28539786299495506
0.85791652263176321
-0.36422010797026688
0.75936048310000248
-0.44430716680366888
0.70036840523402932
-0.51527121634444373
-0.62867356141724351
0.51442234355892980
-0.54205021942453846
0.47775851830122118
-0.43802907611453412
0.42372791302783153
-0.32924374864874029
0.36131372258262306
-0.21837097371583555
0.29708455400027833
-0.10400501130644975
0.24089960589885245
0.02187711577825354
0.20087166272471210
0.16003045932660301
0.18155519953423188
0.30340216612694104
0.18831834828560456
0.44465609500920311
0.22481939887852509
0.58040965898030838
0.29013149459763238
0.71225591864646243
0.37694795044100377
0.83625283342861167
0.47863897171204089
0.95293106550881213
0.59397610344724894
1.06639766125437041
0.71892900526154724
1.17562305789605603
0.85059294275274466
1.27808035626293170
0.98307370935245919
1.36400839254474748
1.11475718357023212
1.42724336377864125
1.23904176802551325
1.45431800737348071
1.34476253544971502
1.41493054506081228
1.41025239133770075
1.33458536165904862
1.42329145652911482
1.24194229776168741
1.40587937086798287
1.16019275968775482
1.36546488471141392
1.11262544658168872
1.29573098955173704
1.08931007681130421
1.19415485796192855
1.09473935417092427
1.07142337984760672
1.15120641702666671
0.94634056810445966
1.24353312335250354
0.82527034640158281
1.35495221810162159
0.70887439758443727
1.47773921464080482
0.59736228920933798
1.60766986311067339
0.48671586222762742
1.73315594592382682
0.36822252720403442
1.82338112812680997
0.23830733794221207
1.83817162386954802
0.10365574953766196
1.77056990121437696
-0.00979295818604898
1.65759754154793315
-0.09616753103624248
1.52505109050249588
-0.16722185458402863
1.38524582358127946
-0.23399377326830206
1.24692061558302147
-0.30416601948712030
1.11632495370825358
-0.37897868693304204
0.99964928067330672
-0.45667676999613815
0.90632087705740239
-0.53557255995445974
0.85049385760164331
-0.60589131698566745
-0.54079705550468138
0.66000117530960689
-0.45577022902860459
0.62426153169958942
-0.35215721078845225
0.57063726589112740
-0.24480807139222521
0.50831381590908109
-0.13790420408334178
0.44422968955423203
-0.03431914731584144
0.38446320987563865
0.06372367252654550
0.34095596528112515
0.16700534522699223
0.32413836917031785
0.28177771838115179
0.33341222104977170
0.39619298085052190
0.37518745961488698
0.50949843410833928
0.44411048910349527
0.62382429024821262
0.53133070580735642
0.73554367804690579
0.63154778431020775
0.84333905828248412
0.74373330410841121
0.95050596707470392
0.86526001001672803
1.05761267212643340
0.99082522779962912
1.15923256733351243
1.11677444262017289
1.24712660697771915
1.24041333439668811
1.31334659078348959
1.35496710471127324
1.34755418529757454
1.45046277475847152
1.30109159925644580
1.49086933889437567
1.22004942745921396
1.47614498573741093
1.12948134735568062
1.44368052767276112
1.05425732484302426
1.39229526946594784
1.00804981254383930
1.30655053399470789
0.98266189073978782
1.18714021975379902
0.99253913652134995
1.05205925432990433
1.05097793179053767
0.91662887408250970
1.14968937431985019
0.79045433358417383
1.27283570266888546
0.66863613768937935
1.40828300194606126
0.55417782889753930
1.55129692200028346
0.44142816090600162
1.69156943954451755
0.32345216508806224
1.80641115347743497
0.19561018458555546
1.86429484947468649
0.05929098945477800
1.83789934623865103
-0.06944957713740381
1.74635708975691162
-0.17087835195605822
1.62524742059713967
-0.25304057313472017
1.49543169802410780
-0.32930950528135361
1.36526743759731728
-0.40521614480281265
1.24087610463730402
-0.48224165915256273
1.13038564846967549
-0.56113513442331009
1.04154385154700857
-0.63862433716731015
0.98943781207509629
-0.70823285836935679
-0.45897470476107288
0.80577565713748756
-0.37557121980713104
0.76941663317967635
-0.27266644455486211
0.71857664761225370
-0.16760526486342750
0.65755437982883957
-0.06579545265538989
0.59569369908177361
0.02716748226371263
0.53616214477505419
0.10528656177073044
0.48825992725418443
0.16980461623722248
0.47062125456399445
0.25017141699077061
0.49137834112205758
0.33906733464663386
0.54001568449759507
0.43273078898062184
0.61317013606001114
0.53359674930968692
0.70159970886874046
0.63355909935514865
0.80190787174343614
0.73502921417304035
0.91207830722806815
0.83772399952243537
1.03004185541656601
0.94333865184128074
1.14968760678110837
1.04523913369438914
1.26822620731430957
1.13485586438268626
1.38215422005877331
1.20565706702411490
1.48837313823247919
1.24708653441008810
1.57328020709719318
1.19734554796946524
1.58607529862755259
1.11593599895363504
1.54619009963790432
1.02959468893968897
1.49983543513046147
0.96175102141383229
1.43655909045773433
0.91514793490275204
1.33165826889496164
0.89101258655936222
1.19824488947203744
0.90346494260763688
1.04880368938040647
0.96644462860461333
0.90072173598348382
1.07246191966885585
0.76265358947120832
1.20391178693999801
0.63216572995381681
1.35179119497131506
0.51162341196353600
1.50470466655697677
0.39285513616003670
1.65560105949563852
0.27373795918098404
1.78619693975895344
0.14636788669398509
1.86940463563841885
0.00796422578471863
1.88148707753977318
-0.13120178971816762
1.81617563952539496
-0.24778207830278132
1.71013905850842352
-0.34243451671768044
1.58806467593658684
-0.42646900494566525
1.46511352560007357
-0.50619473673910442
1.34725928309074416
-0.58597100649736078
1.24236639414615935
-0.66596632483395846
1.15855239382584552
-0.74304820063374677
1.10896247128173231
-0.81127990139980866
-0.39989922916963455
0.95149241237002746
-0.31931284688981892
0.91700878577991951
-0.22142245615099898
0.86806079806509029
-0.11845456963447483
0.81092788814734673
-0.02072623372282125
0.75228964325395742
0.05917617752779555
0.69737878888245286
0.11728310789314714
0.65077156812309911
0.15086916675036627
0.62970464784698665
0.20328010154428575
0.65879962936123293
0.27291194807285596
0.71266736005219089
0.35081297001533096
0.78931004593024434
0.44016345263373718
0.88248291724090455
0.53328002592072976
0.98390238681912578
0.63066067509776169
1.09331849490831212
0.73165055797353007
1.20618944490876290
0.83397146175151882
1.31933972135400746
0.93451488205485944
1.42946661972937261
1.02740736297640689
1.53410266120225214
1.10349848179946841
1.62733549143039191
1.15230649358157589
1.70034882065341630
1.10983289652253769
1.69178561654352078
1.03638589580993545
1.64490958038739810
0.95969326017231316
1.59326734885406296
0.89778217809567040
1.51503004566339317
0.85099861948982791
1.39517067518991067
0.82360095743859063
1.24575801495080918
0.83365925848492739
1.08098498743432825
0.89651443030661415
0.91577522252178190
1.00639501299515599
0.76184793711798138
1.14899405801938825
0.61765247486740860
1.30773330854718006
0.48361094037718233
1.47279281370029858
0.35613702361607763
1.63069090889068846
0.22969609094746238
1.76908451175095283
0.09729231808794168
1.86898885570505824
-0.04377891852651196
1.90458990873976663
-0.18921951595963549
1.86568072107907224
-0.32082833728168436
1.77573055899072729
-0.42772385011080077
1.66457548396172372
-0.52109795900707823
1.54541883912537514
-0.60519847371075453
1.43173273012854918
-0.68691144828586159
1.33127575562419320
-0.76834370397314145
1.25225476930872226
-0.84586306671685363
1.20646713892968838
-0.91404463331543351
-0.39320611776170894
1.09920765015570554
-0.31593997566469356
1.06569857399974888
-0.22441645090369164
1.02107645058740859
-0.12105695456001397
0.96774352210180903
-0.03086804807483540
0.91549573913027871
0.03661548428173034
0.86791681624869443
0.08419666612236822
0.82304908479649097
0.10427104639523585
0.80234543466868880
0.14107261668797294
0.83618626851210653
0.19907780521082566
0.88603629294700847
0.26688639106046103
0.96781025646903918
0.34784367561788143
1.06980649007621098
0.43742774863404721
1.17303931967884489
0.53211582437068339
1.27989161086193604
0.63024164495841106
1.38750730052840310
0.73036173912178803
1.49324948420813919
0.83052988724828802
1.59437454219537411
0.92472329556439004
1.68711937090054209
1.00475665945585724
1.76646909228045046
1.06172763510069079
1.82686454822029343
1.03564524145439774
1.80228070656048023
0.97560424894572528
1.75538394216243354
0.91232648620087820
1.70171523641802103
0.86323114805746393
1.61507724247720397
0.82692077778749473
1.48762054242393016
0.80539686829898982
1.33142864997053301
0.82170239675366041
1.15950711171021181
0.88664874081004408
0.98700321703270311
0.99386842912697748
0.82155393142514022
1.13351154142728894
0.66388398504394019
1.28923448008427655
0.51352664868218012
1.44915792246707409
0.36290882665197582
1.60917792296460349
0.21470492587954607
1.75257690399764599
0.06641296471587864
1.85849960369241396
-0.08494611900212469
1.90549030166689515
-0.23834563248893487
1.88486714734737060
-0.38156401449671812
1.80919100770476327
-0.50186300173031184
1.70779669322598937
-0.60493835178546773
1.59820108314963716
-0.69791784809910029
1.48886253868904905
-0.78402923895852095
1.39316681858505942
-0.86799413148978966
1.31857931439983456
-0.94709998647968130
1.27636552219671184
-1.01526413242635560
-0.42251604359706085
1.23782214729263917
-0.35444879809370183
1.20619303990895621
-0.27263388706697450
1.16853864910396554
-0.16921100870596345
1.12107555828295835
-0.08749491765958541
1.07671819931037049
-0.02282183216477027
1.03598622029249232
0.02522412056760705
0.99532770625048561
0.04385623953189092
0.97870933588160713
0.07264719037536269
1.01710516338179335
0.12260537640635255
1.07879406977184478
0.18444669942403735
1.16710471749536104
0.26008668244679384
1.26303437981234734
0.34595257510682753
1.36423355475745889
0.43847655293017190
1.46531721762987410
0.53547639246099399
1.56775777526578475
0.63456061425391841
1.66530138235658387
0.73236836120036430
1.75383999531121981
0.82433078986451236
1.83357270348754642
0.90680955814623143
1.89928401349156117
0.97039625535754703
1.94572914762238969
0.97545101044861771
1.92042007440136975
0.93397199001330233
1.87538301526740048
0.88837634610585137
1.81734008974647487
0.85388963334755263
1.72262331290647897
0.82854528126469351
1.58955898259203110
0.81987887122051595
1.42832834230165284
0.84396090848006966
1.25369975754894369
0.91485245756951739
1.07781528571947049
1.02486058967198468
0.90575311600416442
1.16168832675605560
0.73897581276766167
1.31174896103503591
0.57478888580770415
1.46425125699620584
0.40972521057019429
1.61194591557935940
0.24354117197921893
1.73845745855366252
0.07202338745211322
1.83410831106958239
-0.09988511243660970
1.87831183572903271
-0.26708820112271858
1.86291774410264255
-0.42322298964968513
1.79638625600081103
-0.55727968765352420
1.70452353488206088
-0.67369472899966854
1.60106018243824288
-0.77659017856341050
1.49646435163987257
-0.86928159153986551
1.40396623846578672
-0.95698747278667895
1.33349899140173944
-1.03978474288193601
1.29641219851385059
-1.10963221217404540
-0.48424663098419529
1.36333784945313052
-0.40831393870691296
1.33432895230355797
-0.32872401836775361
1.30377112594577693
-0.25365005882550623
1.26749914899540883
-0.17439030736589564
1.23111257815292019
-0.11395354017349377
1.20287630229180986
-0.05199269516507320
1.16285830089130782
-0.03197793048249094
1.15844430450770597
-0.00446060716223058
1.20116853869524443
0.03997258703531680
1.26627260262242203
0.09938423529600598
1.35851646833408157
0.17480906058253806
1.45339400973748867
0.25768086115323380
1.54700966005034402
0.34926296509383448
1.64088213528991700
0.44639995553337586
1.73903167722816487
0.54378752342681125
1.82487861547182195
0.63926461126859013
1.89899004746849287
0.73035824926039905
1.96549623588014399
0.81387431762992324
2.01965850508313949
0.88421030208978657
2.05735874109149863
0.92101708704507357
2.04311491466088491
0.90510758264791391
2.00022875876144024
0.87765550822932747
1.93215696395446157
0.86137669712423059
1.82879073347602250
0.85116336909346402
1.69213349018905279
0.85710020682311527
1.53100803632468274
0.89449014662296100
1.35695361406403858
0.96989252230063094
1.17841325664779317
1.07879906526478053
1.00143015278717784
1.21052117969098938
0.82486049170372122
1.35288141212858548
0.64824679188897449
1.49573261832091386
0.47128713980920517
1.62886917340504134
0.29018234866493570
1.73714450253116603
0.10272081358091999
1.80931148333982139
-0.08556256942316899
1.83516675288131181
-0.26690028789450926
1.81262067338263888
-0.43538039466404554
1.75042786009077989
-0.58592376265246393
1.65848582330998329
-0.71431156117048078
1.54891922181111519
-0.82168260480090116
1.43912244828379010
-0.91765429578580371
1.34354719784233168
-1.00885539782773925
1.27361551845052468
-1.09609904666371527
1.24076275902164590
-1.17028182217471977
-0.55720462988120611
1.47052701477511416
-0.49216090210668673
1.44768316611976777
-0.42993002472781838
1.42921750896270483
-0.34524663471894002
1.39623279425265068
-0.27508217246166916
1.37324402246895905
-0.21736346070170742
1.35897309027115676
-0.15220686598380456
1.32753555846483406
-0.11932384898425932
1.33467919698048454
-0.09029703175194773
1.38120941685825738
-0.04567816897888811
1.44753927553858364
0.01405043073334863
1.53554357602663116
0.08956094767764460
1.62713442590991431
0.17409280826936091
1.71769082704222598
0.26500229339784842
1.80410918576943646
0.35938706144365867
1.88797373151963210
0.45611502223137285
1.96367213504707605
0.55255532930105389
2.02980080265852258
0.64548487116207109
2.08769683814895046
0.73198478346133355
2.13280635510894845
0.80854712341047597
2.15913049533487866
0.86808063569523086
2.16483770646828821
0.88282333083465625
2.11683520364345146
0.88000768983387856
2.03908584460255771
0.88395257464367971
1.93009039603703481
0.88990846814198421
1.79118282508253723
0.91258793290475648
1.63227939960120616
0.96150144575211693
1.45990498053334572
1.04210407371672154
1.28064873385466971
1.14913191161230532
1.09843226865274013
1.27433162128139488
0.91323425669444158
1.40790588025631824
0.72613632972771380
1.53896225345109627
0.53596775333305291
1.65553035069394983
0.34131656774854502
1.74209450899368612
0.14086971019295191
1.79024807581226186
-0.05990564656186578
1.79325312384311486
-0.25216515415280893
1.75472904245184269
-0.42948084060308178
1.68494907891816292
-0.58911527310921030
1.59287805404706595
-0.73044978182814346
1.48625811817733067
-0.85208201179993348
1.37039439424248122
-0.95296526485832511
1.26781169655919723
-1.04589355477862345
1.19690043933871415
-1.13563063141114151
1.16607368002090594
-1.21257420420572615
-0.64098096067503874
1.56259040122134452
-0.59065686920212279
1.55217208070303081
-0.52201966215498496
1.53388811822781856
-0.44415758761639085
1.51218040319910263
-0.37483859056025115
1.49986852674677773
-0.32190062674552372
1.50328679937917209
-0.26049907711811965
1.48950427456535861
-0.21333288310873844
1.50692848649124644
-0.17600233557485048
1.55896165827108102
-0.12652435878197110
1.62555944077022474
-0.06383055034829434
1.70529103504202073
0.01229092198819161
1.78692231727242445
0.09632009778732727
1.87016129379649820
0.18689160150028511
1.94837110760093823
0.28153757754186981
2.02317833400557756
0.37895111465241643
2.09097974321159041
0.47683988387635379
2.15053588371731541
0.57228050262058106
2.20154741950770250
0.66272398098713570
2.24025176433238249
0.74517580449521414
2.25264551493198262
0.81899521811037934
2.26502175328455602
0.86729945751413196
2.22257480256364293
0.88798607094546989
2.13507378489822841
0.91472301093998798
2.02327671555027289
0.94205758786366323
1.88545192804706185
0.98075467669478933
1.72752078480891025
1.04106770252551639
1.55709811041755830
1.12489775434891714
1.37703396634729369
1.23072136122414189
1.19081710090090609
1.34865940014842067
0.99970813242819323
1.47262498027728572
0.80297018052656055
1.59059866519823223
0.60130600092698094
1.68956373795217618
0.39384886913355588
1.75324769780562395
0.18101258122358810
1.77592231203872508
-0.03031599726222327
1.75422742588163261
-0.23008722108011301
1.69881673182900306
-0.41484448434837040
1.62036997909078284
-0.58391024760497656
1.52513134019778973
-0.73618446387739633
1.41785059475823205
-0.86978286622639478
1.30265684148177163
-0.98232867189482409
1.19308601415922744
-1.07670065117723568
1.11978346980120769
-1.16883066844546035
1.09104429140103898
-1.24910805406508074
-0.72620166948265441
1.64576509709978103
-0.67654254447714457
1.63803892498353654
-0.60720735327065734
1.62057700940166360
-0.53809875316320188
1.61428289400695668
-0.47264891437673001
1.61567242253984267
-0.41511046547817038
1.62871802111415631
-0.35219133002028008
1.63147255604694053
-0.30022151924783386
1.66438474097645117
-0.25389118155416052
1.72151957081516471
-0.19775069297295989
1.78590516444105951
-0.13157065943848475
1.85606047479689762
-0.05523769181458796
1.92717626923868002
0.02871880464408528
2.00400705984212468
0.11962772574264192
2.07564131547155162
0.21516573223807028
2.14345445598530260
0.31390873233910799
2.20515545048364370
0.41384816610326947
2.25960698341712218
0.51267271360652156
2.30589304415319596
0.60844490090814418
2.34059591267069855
0.69896349008560088
2.34836240652056549
0.78568858730786473
2.35535220198053841
0.86007247900069272
2.31525292190537479
0.91266715958940148
2.22821089799263516
0.95341352084378694
2.10947792822956748
0.99985237116528580
1.97134312057359828
1.05397278279579676
1.81470189819873373
1.12483171466155141
1.64459883868047441
1.21409631087534042
1.46222683472218029
1.31795821252400636
1.27131475308415332
1.43000120811243248
1.07303633473595483
1.54500071779300963
0.87016280361668519
1.64779580752432375
0.65952448884244030
1.72245802184758867
0.43933856989633124
1.76178424709969694
0.21693433129547479
1.76063810417330968
-0.00206096136797587
1.71774685638149305
-0.20864612449122641
1.64916765967590107
-0.40089478914611232
1.56267725251059697
-0.57864442723552767
1.46287227083167393
-0.74104848502672915
1.35379079986681305
-0.88511526313308964
1.24138377681295720
-1.00948855309239249
1.13130744902273817
-1.11105300956242803
1.05505890937324009
-1.20596620298610357
1.02892671000170632
-1.28834150491979105
-0.80192646678936419
1.71970784295940238
-0.75022885597049649
1.70919014844975803
-0.68226242016989624
1.69430941167594029
-0.61553317031188659
1.69703342639895927
-0.55099562029103366
1.70880437246120853
-0.49126079708972953
1.73104126699755456
-0.42627040130859134
1.74758717223643045
-0.37316697460487230
1.79465066999049006
-0.31943769617989493
1.85339497509809137
-0.25810136669065692
1.91653058928706543
-0.18819000693525212
1.98102965087487726
-0.11021237213534396
2.04838509094484733
-0.02545773810864998
2.11741279553556039
0.06606776554639698
2.18346163759008727
0.16269888653069553
2.24587561869901409
0.26304563153204269
2.30300907719724712
0.36544794791254870
2.35383138118585489
0.46827818942543237
2.39721895791554607
0.57047309778964839
2.42995791824740559
0.67122533326434042
2.44179360437505721
0.76976021323521415
2.43882706558298423
0.86030074017976699
2.39366416555766159
0.93430317704808552
2.30521053171500467
0.99548989042873059
2.18525151768674553
1.05613635585952936
2.04471049909911029
1.12424162053122667
1.88825575446873684
1.20420284949292600
1.71808321892856486
1.29637811999412178
1.53435759265332994
1.39919266048872859
1.33827611369395272
1.50719901670770651
1.13322209712142241
1.61200088030412014
0.92060088185609523
1.69939829997544711
0.70060121608031389
1.75591186285828571
0.47474414572107348
1.77043542286128885
0.24597956217071637
1.74573982833130215
0.02053431980563020
1.68932495105516778
-0.19264122749636309
1.61176337944291292
-0.39403540146535027
1.51860168121915740
-0.58136341385161683
1.41381696054275596
-0.75170229353433105
1.30344205526638013
-0.90382940166221937
1.19544182438981594
-1.03848139433060083
1.09913553496766148
-1.15563840420116293
1.02649790390418971
-1.25659976575561183
0.99943022407865656
-1.34107310553982750
-0.85664293993033125
1.77530075937539533
-0.80662161652740894
1.76789620023215788
-0.73990438959400340
1.75441915554560679
-0.67337442652186097
1.76045172971541741
-0.60858439678375986
1.77809912029519457
-0.54614235532576272
1.80489727797793797
-0.47989654239209800
1.83122695304921068
-0.42617917381902609
1.88765798432240439
-0.36760758946418670
1.94798960291162704
-0.30189561500201750
2.01009117224682932
-0.22893366042273416
2.07415545999036155
-0.14889721560540103
2.13849554602240621
-0.06255550246210004
2.20269417895692277
0.03000031142559152
2.26476128741802407
0.12778567157611245
2.32352243342791409
0.22967059935642986
2.37766521210481097
0.33437755127727126
2.42627163895000209
0.44083042141863693
2.46808794814370547
0.54855465337621312
2.49981607678441708
0.65729342158500426
2.51385994119826162
0.76535136907577661
2.50500498943917727
0.86424098988118969
2.45177952688897349
0.94986988284475082
2.35984551842630719
1.02700784388478272
2.24022807096711141
1.10104899802618816
2.09931731143040556
1.17909424952061048
1.94218230265983904
1.26565233613273609
1.77126843576765336
1.36112906435072500
1.58650625647607324
1.46335199177243980
1.38613998084413792
1.56687404380209006
1.17548823416148451
1.66389706640117208
0.95568934435703556
1.74149499345237513
0.72799417651496900
1.78535486093431928
0.49433947042914728
1.78626604763147245
0.25777404810856008
1.74539614117986375
0.02400669242417514
1.68001320244163699
-0.19973439532587534
1.59569866111607928
-0.40760468516362058
1.49649564511324784
-0.59962077328449881
1.38607083072424730
-0.77272890272590733
1.27405859010055611
-0.92875936489019306
1.17068189420321755
-1.06956304548427017
1.08469138298593570
-1.19479373507780817
1.02568686536093190
-1.30418636908972396
1.00785020121297264
-1.38997370790498276
