0.12665650538591433
0.70536364987981248
0.40699247767672608
0.77624246938667363
0.30980525511068380
0.64458959834741092
0.16231355240026324
0.52280302269314993
0.07452107701016475
0.38632050689046316
0.80660743897762133
0.63718247624948887
0.25310944881999436
0.23361656535306585
0.65200421904804007
0.46773448048243277
0.41573443100941604
0.30592858319026822
0.71662641096457669
0.45561765140786481
0.36987960044553547
0.44187850959124941
0.79888126554150363
0.59588006820315198
0.34168970421655975
0.58015771748660316
0.62175383259186201
0.55903248385763771
0.48853300499386648
0.63398933218880238
0.44160424675847260
0.49046798117604412
0.73805683444354209
0.65329868336644825
0.44210369800182137
0.52974409037958459
0.68486992120067658
0.62854325791374088
0.27934694457816306
0.42080045005484190
0.40644757101147139
0.65836749346765289
0.29064479126402487
0.43368364402929727
0.16149084157469906
0.42320440533449638
0.39417548320431117
0.26956148410812619
0.19391759201457759
0.38689181389330946
0.57910952012362393
0.55002125395975288
0.42458556456310453
0.35026090884815086
0.45449427710227780
0.68786856785536066
0.63418090068333488
0.51895496225036775
0.39700175598292953
0.63330188230982098
0.56932893570763587
0.54744068270742896
0.27718929510961110
0.53504733705946828
0.78268838846231292
0.51099987320323914
0.39418298981762034
0.39839561495815273
0.41855510999329465
0.39655869265777188
0.25002204251941929
0.47889654752034244
0.09696302225946962
0.63889347646474082
0.62581889452090667
0.31207855170506560
0.41353717559653208
0.61111578022895630
0.52297123113066835
0.24966139829197698
0.48967587033616161
0.64930171670772463
0.27516839146916927
0.39083073199451240
0.33606250730544585
0.63646445960653464
0.18089576514556666
0.47546773473397058
0.29046681735737978
0.85352158253351273
0.24307171146786266
0.61358688718034249
0.60367728652319541
0.75716928485971136
0.23808265627370651
0.48894432273414168
0.54586135393580637
0.56210950286256567
0.41457899212387106
0.44033339651813841
0.65799265474896163
0.52662438427337421
0.55056052796004573
0.43744994095490097
0.79876502947806283
0.50767346112261436
0.56099718129989540
0.44047941120514827
0.68607503691806626
0.55660300602670565
0.55823915645099975
0.60300440939333189
0.61353274046739625
0.63226694244679371
0.37037225721694900
0.48086592512794041
0.49357952252081394
0.73668364423459298
0.72710564713872727
0.54709225744957479
0.33283525294686289
0.56780416334669825
0.66773252409048833
0.55047729894366060
0.23259005263602894
0.41189908847201795
0.48949449309641913
0.54189490920449024
0.33576519998424281
0.45199417540345899
0.29027432800211489
0.50446508307730620
0.31836408354144746
0.28149307130309209
0.22988502991467463
0.32370948065595601
0.32110766685519621
0.30138267787045897
0.28092546774993854
0.35818322480885589
0.45084518286961173
0.60528404801508973
0.64782241449399836
0.36944836237034800
0.51220171307498730
0.57381226746378255
0.73616330316764378
0.47510640728526732
0.21590111218777908
0.52785793194463049
0.39303798382724264
0.50945755764792211
0.57991324231693486
0.48689082890876922
0.47040107350993288
0.38296464864388813
0.22184544023811437
0.30919616872921030
0.20999730012227347
0.40839216232060660
0.80603068222206187
0.34350772442335908
0.40617495175094470
0.52648735392077695
0.62776235571859540
0.31944088219774136
0.55058936296517247
0.56973069699737211
0.45512301605176686
0.45152401583823665
0.43846770403909591
0.66758497622920920
0.17650579814654493
0.38660300114214946
0.45246348301278427
0.78269137908346564
0.24977004026538258
0.83756948717962720
0.45938665006574597
0.83457670259728223
0.28146392803362691
0.53901376570376525
0.49042359498802129
0.65196919313843127
0.38096359754298359
0.48190056247124197
0.73407821212966073
0.60506651197018435
0.24420398099207175
0.34897664027029768
0.77955364230752100
0.50248471047198506
0.38815843819332885
0.41467623407507204
0.79207226082589244
0.43065425536274510
0.27187938296913461
0.60206191933870978
0.67295768463434291
0.63913472398025140
0.39131409253598270
0.51416531605176496
0.54099681783210085
0.63564359124144720
0.47361112831523744
0.59952357106495402
0.36121606016131041
0.79493935556062367
0.85737552816801810
0.56380356481847371
0.70611599957392135
0.54964318470403550
0.80074418196036423
0.51242122120544120
0.33379018920889214
0.56815007239374937
0.54318343427066895
0.49859657104501315
0.52106254638373928
0.40574074659388409
0.31252499056245431
0.36665189770139855
0.52945993575567274
0.25011104351672264
0.35022459629165303
0.35263029660458767
0.70276407905828575
0.28794831452773534
0.53693257559542662
0.34307605787290452
0.49333482245756460
0.44836867597881314
0.71334152921237914
0.40772455840768834
0.45991323094834402
0.47752015995625918
0.38726845170479374
0.49669302896929879
0.07282906640421472
0.42722864756272833
0.55844162141842213
0.41953651152856780
0.09958560342456935
0.39226627807288245
0.56810041387520993
0.16153120019600858
0.49276831739242538
0.35171513687991829
0.34414246557015360
0.31694311821594756
0.73618998762077936
0.35186364959116834
0.50514774382800320
0.54790830089881704
0.59816525486245087
0.54598866077136943
0.58234814291206161
0.83747065910806195
0.26995583306596205
0.38903573798239044
0.47905673594078446
0.72012700260479123
0.16967368491347107
0.51940683721072345
0.37233434072329952
0.90680460544932195
0.30199777682176360
0.61884202035830604
0.64117358227984567
0.93198636185570616
0.40622656765877901
0.61076257125292643
0.57874590270999104
0.62999567553469882
0.25194270168452459
0.37336464583400675
0.73370024197551120
0.48554973481064917
0.41591726285283825
0.40605207958221468
0.72887552746271234
0.30752745032497114
0.60081440068043368
0.42273174300389610
0.55216045042760697
0.52567691237622161
0.27029388389808540
0.61148716891245458
0.74306854596188310
0.67157333700376776
0.49184638901890393
0.17093856101312299
0.48498332962532970
0.49656231531747508
0.70405623392919425
0.35265203331649908
0.35401306371204999
0.62447896496557820
0.72291626534205100
0.55282514882071898
0.41020439363201699
0.58054887651191411
0.67850602098389068
0.50582660986657479
0.30871210848608233
0.81875395893852443
0.15258576765634646
0.47141721350709015
0.44711231333360146
0.37168765974954004
0.39691843584971032
0.41745793745701865
0.51311064095615944
0.24814303386118070
0.41657966765718230
0.57855775982133162
0.09518900307799916
0.46554795745663341
0.43278697901365992
0.46109231169179404
0.20951505443686202
0.48764549944722679
0.76127780148282809
0.52521650093791716
0.52693895770327603
0.52458361598123449
0.36560407123374550
0.42092214272883416
0.24889480646642992
0.32578387029989236
0.69027175365776183
0.27037390691389274
0.27847722609001718
0.49364952399119094
0.38767479588549503
0.10750445446894596
0.74979274526719020
0.68375157992708702
0.20593680918115498
0.44179730406479067
0.54204272679085108
0.42206847849106643
0.50843905710249504
0.57149557490635172
0.40125479081424198
0.32356549528160938
0.66742566006346382
0.81529532772258817
0.12566542029984246
0.41034383537584690
0.27154695314880167
0.59909246452874620
0.39041027926905714
0.79200134566831526
0.55974878452831400
1.01922071725497099
0.38964502191612987
0.56404609051889132
0.43750184356848121
0.61642077891504743
0.43583265791071296
0.41856523744996399
0.71741603090345352
0.58723765499170677
0.35548741700841691
0.40151063318024632
0.58792716873739048
0.36934556274887675
0.50740831000045672
0.34111807111495479
0.73057755910456146
0.27738583792514637
0.39235935013987078
0.60173830790426408
0.73540571227058593
0.67336312609250615
0.71622987593969289
0.49314809839713497
0.60798980903756972
0.45859711636053746
0.50686571208661801
0.38548716179109910
0.32390782183372552
0.70852024845936534
0.86734041406500206
0.50596175183986059
0.60272925897732199
0.58417290747789130
0.46274282749523621
0.59219739553588879
0.30165433072956338
0.68064813699033122
0.55695413524977866
0.50896442973209599
0.62101190477420309
0.67901935982504180
0.40913351580377966
0.58490260922702730
0.63962562796399769
0.29745539531210541
0.58747229056738570
0.31990963498689418
0.43000496519370424
0.34163283004471978
0.50638268490841920
0.60880872464427838
0.09484083721524494
0.47174022768130958
0.55994549470629673
0.71922059253657600
0.05145477596806092
0.26026589522424615
0.44537679895854143
0.44863387193574367
0.21226725923934731
0.28544751156075976
0.42321844020971744
0.33533559490963560
0.14687916660665612
0.37469103747666344
0.69076142389878203
0.30050790867134247
0.44940748469064751
0.76856994623192354
0.47391072183231997
0.34340766563449820
0.47950235277995690
0.63330775380643800
0.32443554294746868
0.48794419902149533
0.49728846778603863
0.54354363253756188
0.62812774141404693
0.72828918989221725
0.40534336674105753
0.52781127827520324
0.53533491292484614
0.65343715133517699
0.35259855826506803
0.53666839564632962
0.47259005782504443
0.93216901406458164
0.42710339063220759
0.53090021949670474
0.50285850911939534
0.78912084758640322
0.44608125268219745
0.57496431709248674
0.50257272498629635
0.44870916351624540
0.46898961608149897
0.32812667525901662
0.70056521952784367
0.49344177652626448
0.50221080012199992
0.46846170728313502
0.60935513902638117
0.41875456004589251
0.44402036291324470
0.57036679643851584
0.60512481964993814
0.33204207622519155
0.62207012340372503
0.44486924541670725
0.72112751136977038
0.46800467156285352
0.64862475700114053
0.09039442291903699
0.44916752999762360
0.56677097810494437
0.79621706098908196
0.37813991443905687
0.33869161051483532
0.62291016724425197
0.87088237030722704
0.52223870390479044
0.23395026462234403
0.63192981380545477
0.68805678258418723
0.52830954496649185
0.38125594681620423
0.71374366502525577
0.76929712029571107
0.59435483804598510
0.65125529328419096
0.53675123399259550
0.90701696628092354
0.59555580746219539
0.59732504448640311
0.29306012985817620
0.53898556754655369
0.45559271303773818
0.28303091835327487
0.43743837286313852
0.40510382279670487
0.66112933600400969
0.23756886761643886
0.69029282646520973
0.43874119520548777
0.72048545536100561
0.24477836962104993
0.32055173537725323
0.41279597726364797
0.38309160913131263
0.41279611042770481
0.26147875909672291
0.88486012221131238
0.38416061005517871
0.59118389304491303
0.44261923507859829
0.74935001475828678
0.28400997324430560
0.49842519265441243
0.53530220087909330
0.43851787014673654
0.46870503388478479
0.38132551436682016
0.72444230689119615
0.71039772601465245
0.76820035017162258
0.48613266468310873
0.63731287402806180
0.51037476695354123
0.61732963855171741
0.14525257027015970
0.28121352900329960
0.62400676503032559
0.64159493884991670
0.38131579520240316
0.51573749810750746
0.38352330038449850
0.54436866857180999
0.42801585042805157
0.37498614995807644
0.51116615771185736
0.52303502144485836
0.51558717697178602
0.34138833021306580
0.62546641122898472
0.53900803336924219
0.44388666629667445
0.35973497635528828
0.76045494061738561
0.53370242300195703
0.32812841107465207
0.61958791808983760
0.59996388371509557
0.26650871939586529
0.48562828533765212
0.60689785254975936
0.54567618047785837
0.67386267821818457
0.65503516078841506
0.18926763139079117
0.44791212980962541
0.53265638617327715
0.55591779346628356
0.51907826299372872
0.59830950190395460
0.63396764440174513
0.82872739374397975
0.48536354848700791
0.41101175329032080
0.65245329334119795
0.59104965411668975
0.54902168010598396
0.17266303055320642
0.77822368102529227
0.53680262442049087
0.60473007105317866
0.47242293233108834
0.68727335081001328
0.90429446757124332
0.47163187119638789
0.58459097759767920
0.42871522782119453
0.81403115399662596
0.44218475633948123
0.33674547428559376
0.34264004947781190
0.58395158312112583
0.52271018364238753
0.24654387311008236
0.43873446924644122
0.20502055309991274
0.51906476576787619
0.43244285707399371
0.59757735262172584
0.48384298241211410
0.58408388982663673
0.37416833658139215
0.28238906502094074
0.64827702753848515
0.45755522195604509
0.51020210083597373
0.35933127697360756
0.71999147027960209
0.46472129777082388
0.36299702779562054
0.62821921406908920
0.41858633555296620
0.52142847932802350
0.29151980606755862
0.72204777114918661
0.45731188610741613
0.52876191756032331
0.17134440154577468
0.70318647016076452
0.69623014621598445
0.76537824053768899
0.27798032741456069
0.40564497601938299
0.43368563411592126
0.49391719328024686
0.40844941569324417
0.31992123870973582
0.31013101410102006
0.83025950327880216
0.40499950275777719
0.35329479972966871
0.35538759111037599
0.76991303280437029
0.51547663440054603
0.18220075753223042
0.50023951689194424
0.44299589399309969
0.48041658677879318
0.18885986711706892
0.62666920026269657
0.67554503483839456
0.40210900951481215
0.43648233859481034
0.80277781627492939
0.53018521105747596
0.37396160448574750
0.64676851164038585
0.54887818336606442
0.29375409504088812
0.54656802172754626
0.36682175799777017
0.44484709173407544
0.56958526991083436
0.65917329631502453
0.32967407832019457
0.31951191397162237
0.81686533962204244
0.66663922423203692
0.60214212944480960
0.53985622292654156
0.81688395237129074
0.82892325368809217
0.53243002118319960
0.68519622746919184
0.66037557968113247
0.54965803701114757
0.61834300233146589
0.46962269345632990
0.71843546593313068
0.64111926367643912
0.51763661009744277
0.68059069325501009
0.46034563654082566
0.85812205844019207
0.29817824946738181
0.46420813774300640
0.45952402932791592
0.71504572177466730
0.40275118341398336
0.33194667841814141
0.43113794115628862
0.53707120812179920
0.56945409200093611
0.11924920419163254
0.24864016422922064
0.48544776292836878
0.78955738780930285
0.51671712372851786
0.27254674310008697
0.46334641179138791
0.71010141877981425
0.53494559109931183
0.17490309555858519
0.80199516729040998
0.49491244230597092
0.56741059187714904
0.60016642192177450
0.38564351248992196
0.67449544354639612
0.20648780140126177
0.69931467345379383
0.56332904239933024
0.37354024502320171
0.25661798256939727
0.73012757683600260
0.63235686610963837
0.56575796579501214
0.27467742936065298
0.50573910154255786
0.63913352086263697
0.70172216763559625
0.62382810396784716
0.55074059845453904
0.61731375447355175
0.38386766727748833
0.44024852322154850
0.47100436557798714
0.25218214621656815
0.74012829056382912
0.55962148078213136
0.20498827973112216
0.39218937772468115
0.48839515925484511
0.55949587170184056
0.20904318322744542
0.38653915504172720
0.72597608273728609
0.48804774084614638
0.40029530306943273
0.65537747780648381
0.83794543911040076
0.40931631799236706
0.44064982403001535
0.70441340073301217
0.61821000874296861
0.26847245643080792
0.32928503653322183
0.52326141184643249
0.70717974306584430
0.59296931224478977
0.52583704082434068
0.26567696399240348
0.76451751780119248
0.62473017128350283
0.51503218140794504
0.55871938330791693
0.78988354975272679
0.72887404256235278
0.73172777634105468
0.80860452388918858
0.77442604369917734
0.72339654238476980
0.70089661312030671
0.46126408514152051
0.87762553143914468
0.45806469051970350
0.60345005544852037
0.48369921066479421
0.64020413955097821
0.70734718322579915
0.20113718180963669
0.63535961682662556
0.42046982690927903
0.51033053636761450
0.41339344032015873
0.27902995376338802
0.44310459613591946
0.15396224045548745
0.40150219768861489
0.10465509650744020
0.40331741489603307
0.35046250459903822
0.68125052386455920
0.52705901651061238
0.28842428221153493
0.39614277335153431
0.57864100342626368
0.78066419524565678
0.24115106182780438
0.48963443242443844
0.59424204184740015
0.55643525451108200
0.45141802797178160
0.61363541875796190
0.71780846748674421
0.22100218884186362
0.79604854678438208
0.29734244275682131
0.64925026599828362
0.31549301431162963
0.62669994828135422
0.51380158962650824
0.50982632011358664
0.35706232080778527
0.64572882496875672
0.63172306557547442
0.72527147614540088
0.50122720315883595
0.37510558256188076
0.68239765494985860
0.63571931134909221
0.65013937363085861
0.28006775700831776
0.27557205409555369
0.73125000250440586
0.43014336383487389
0.49642207354436618
0.18570423065893532
0.69163536824931127
0.65762323819303670
0.24908954702495750
0.36027825053545687
0.57750748944479247
0.63967661452238356
0.39800732364691627
0.32255088396116721
0.88527036434762629
0.59380748018467533
0.32057177578299112
0.55369949753360459
0.79897405522088971
0.37234766671271863
0.31903522810297941
0.59995821202258504
0.56823750642703441
0.41369292025355719
0.51209112895707498
0.54647871465820774
0.62348333707781844
0.76855776236143358
0.86712005151506399
0.51033587871354213
0.78322457251535571
0.65685567301860037
0.43387120596957029
0.66324260126466705
0.88530476970515859
0.61133493303560971
0.68004869428827197
0.62042562710221127
0.99429818266295567
0.31722460492986776
0.48074180953829260
0.44117185239508366
0.66130571533017690
0.30387906888039212
0.26397710255608803
0.63416982026817303
0.47919158893967850
0.53731911395463094
0.35542588017632615
0.45830933428981907
0.61789090488755116
0.51404799343590823
0.26635173984699589
0.18433511127761548
0.40971087157807029
0.46921258517830466
0.56390420001338137
0.43851536914272587
0.39076096653497827
0.47589512971330256
0.29623236958775662
0.55245244946949446
0.29645318894247563
0.49029366497165305
0.38683214978916325
0.58223042183119822
0.32097905181105890
0.60584816859344071
0.58417049502901208
0.39234275615224690
0.75722616422902211
0.31774644312383943
0.88745401423474835
0.14593294451208982
0.79593512671607625
0.48613002406182154
0.53050470648451631
0.45740439418138840
0.74877170000037552
0.63708242347447541
0.29601313731140577
0.57904872796710538
0.50530054278266334
0.60932921461200817
0.68596958831294086
0.65903492551234666
0.42843123906334168
0.67374802205153728
0.42434841498633613
0.65118212346971038
0.30641113191065489
0.47915006978762259
0.47060093661861230
0.58927251361487387
0.33393207602587166
0.42462747937340661
0.37810763445329476
1.06694932756132088
0.20372475862460074
0.45339704095617372
0.50330898929984835
0.85877122402155115
0.49852454999483714
0.35156376279805046
0.69551223946974605
0.55959797715893445
0.37307999806298808
0.37328049957279563
0.54324775038876516
0.16930345951788006
0.20098513208367891
0.64823185221594193
0.49346977073746190
0.49813765471327770
0.75251824769050479
0.66389674595032866
0.53245707571391976
0.34269143698122934
0.47647954816297400
0.75350849202079240
0.88600647703898827
0.52159605507259243
0.74555401058619986
0.51283811871293294
0.84727234160308851
0.26630450440034414
0.62080852461259783
0.76229157443432249
0.79164691935153197
0.29101846402528464
0.54802647039045693
0.65704042185905087
0.55699687429089262
0.61161700969071342
0.51591507801314207
0.58268496972720396
0.63952531617079078
0.28530426936536002
0.58662389880463905
0.50919259784129423
0.55184521259634212
0.22047210245251991
0.44950454081755170
0.58691497820671723
0.45104651603979462
0.36828057431011019
0.49471962171566763
0.58047734940363716
0.31867683251252715
0.31536028362898294
0.37387585305165222
0.48306517730976306
0.33543690323396264
0.23084825804543363
0.58458127845093988
0.44567160381422977
0.54451701915920148
0.51907905083528350
0.86727844123182218
0.43412425750520800
0.82653760278285959
0.63871248558662863
0.64245096396245471
0.59072105584945156
0.64276255529877191
0.65575968765898318
0.53444765930783100
0.85009034702951680
0.74272869310349265
0.41473884111990755
0.78954234754027097
0.78692502150719634
0.29887812047241741
0.50291854632138011
0.67727141411715508
0.62795981193023831
0.30684150962991902
0.36574087014569318
0.56549310299198585
0.73937494590341779
0.20006210680804709
0.61118266914063935
0.19588607038702682
0.67942921574401871
0.16411682412908130
0.26678253031344912
0.17484155977110544
0.86154857170219912
0.40485234015193405
0.72942540051276061
0.50739330205698785
0.66839757634624930
0.57151738783271711
0.38272620189987072
0.45140975865553745
0.42920445594401813
0.41297750589286530
0.18692278542483182
0.31213842828984772
0.29035654013612500
0.82898752202672443
0.67346590430387288
0.26672129303486392
0.48064818783977398
0.63588254128911226
0.79177077920355698
0.57226119029358691
0.45977025416527451
0.65043300369758628
0.64169906349846406
0.83858483961576347
0.25109719121465612
0.66434314280262452
0.57592358651560549
0.75954118237472923
0.23636764187320891
0.67718396535712666
0.64692128255119985
0.58437486912683101
0.31069944269087313
0.67506507366255475
0.78824489024395106
0.51752316856159120
0.23689708438730211
0.76305819872231728
0.36265693337374533
0.71673469667543477
0.30190620543101543
0.72701115837407460
0.73508349394651840
0.50560336279357554
0.33990868470073132
0.52897131465313341
0.68722218735970264
0.49404922975780696
0.30530279925208215
0.47073920765332317
0.37151374182108687
0.41011961637455202
-0.13436503690156065
0.45844125740847164
0.37560879255235347
0.35296274965089269
0.41466391725069718
0.68670968388273479
0.43097093486400206
0.71521817772838681
0.45054491049717449
0.70381081697170356
0.31838528946528644
0.56672836092846157
0.57841173578351268
0.47178480356317032
0.74107021427683251
0.64843439629072153
0.64537074955670093
0.50248814351492643
0.95804002772176722
0.45423514178654717
0.50565126403916461
0.58544734395441145
0.76794543450891761
0.26376482450146971
0.35013959402136624
0.63920547744181877
0.68031694777999130
0.10525998131872244
0.41879054977220509
0.25929155132309523
0.81177632166158853
0.13502495723957364
0.32979473439599971
0.12297787384742978
0.73362661534210716
0.38490292013378596
0.37418524661749092
0.11673794708346230
0.86512558689835872
0.58375701992462559
0.52913289877286940
0.45072042006662077
0.61669739027356796
0.46874093081223295
0.20766420396263802
0.25892224856151452
0.50226709479559462
0.54635164775000200
0.42578381766100926
0.11882561759501020
0.43607367805623087
0.52730390106545388
0.68158096391352363
0.28926673114400309
0.40660951733600192
0.57758338896491535
0.80035083069028234
0.61296078552518407
0.24123564096304950
0.65875492652231626
0.59329888786802887
0.75929734989171627
0.18707985331630150
0.65574337373579472
0.72543818682023831
0.58366629722230079
0.24950353217107490
0.80480647503799907
0.60742676731591905
0.37090906057156958
0.40337195404613374
0.87262535243715533
0.47658676252946952
0.46783251570824336
0.23108474947053648
0.80508551622358859
0.37091249543142057
0.79359752838937481
0.38870431681563705
0.75674127812749115
0.59498637067350024
0.49575295367278871
0.28796675814502892
0.46758565055615808
0.74492348099145167
0.63408118379405909
-0.06790764128792237
0.46328479424171642
0.05180430464202213
0.41226905639313860
0.04543857095096121
0.54114568177359257
0.39574780773890739
0.29363265406852923
0.53799411885927828
0.75320605494154491
0.39599839119166913
0.45982231520282552
0.62603628977015702
0.71183729037576615
0.72942339604125539
0.62909121711972060
0.40474141200028946
0.44366594867467835
0.98433567005729727
0.45125370464634734
0.34409226108642843
0.67349033887892529
0.74922303058800443
0.30958330040850046
0.51234730383872218
0.39936418500840143
0.75281321677384161
0.17195558891655172
0.20056306780629701
0.29100029470642425
0.61640472043117533
0.19649316291138511
0.42828405893249488
0.08444721846269715
0.67595858327497227
0.34194843009912418
0.34097419740154622
0.02621211823899905
0.50597419481869521
0.54333851071276484
0.46201035925489259
0.17771154836300496
0.63929304807533460
0.63500490237738560
0.26662839941806404
0.09516597343056959
0.56551542273693989
0.55230450105139051
0.35431815489136753
0.15957213595775288
0.48190814390906073
0.47842924746435256
0.55357754655762892
0.09708056426553724
0.38114396175689086
0.49451995448410574
0.61214493942182691
0.28933261225990425
0.11536889225015801
0.63271704486980906
0.51524417022079683
0.59848566230046774
0.22729723174677607
0.64042686676835725
0.58355027429053608
0.78222394194867162
0.37130770104886468
0.66133348377061318
0.58313817364736165
0.33122436488920803
0.52950387676971533
0.74866791262899690
0.46499227074669203
0.46221737044332234
0.42659996688383145
0.78980157977592214
0.39372887970847981
0.40354005141556848
0.25345432286110159
0.97946462394537648
0.48509163021872592
0.67406967997462175
0.53490958753010398
0.46782125379989364
0.66231112040823259
0.49118278329598136
0.43997408347682249
0.46525102758910941
0.61569001711134130
0.44420863308120451
0.18755207465120372
0.44462097547605295
0.50252909501811804
0.26459652304510950
0.37572647567423745
0.73004852368902995
0.40334457135845025
0.21483486537047425
0.59573146625851015
0.65883021742695036
0.49419590052927920
0.37459128293233845
0.52764988405977498
0.85290957303837056
0.82776378733913170
0.21686006522495976
0.61732437302844545
0.59431358579439841
0.77803100044279705
0.32581125266100569
0.48755718947538218
0.44355789009367358
0.58042533235455396
0.24545174363368694
0.37838241163780706
0.34158972977516816
0.46074548284807448
0.40441730960488986
0.29500822713476527
0.12988069306595773
0.49020394817163476
0.21055552693244051
0.44848861063001744
0.16513604165206813
0.44415931454001112
0.36945444794772375
0.34023024939163693
0.39460794921864839
0.45642925429358910
0.67286037604181559
0.43244105151915857
0.18439512361723442
0.54643456348846842
0.69589368651249417
0.38296426787094323
0.30479691625025468
0.47831072199472152
0.40751058668458889
0.46105814852235255
0.29415209985144353
0.38349273151405783
0.56907393059920452
0.39421292611340852
0.39923582009121461
0.46474795170718836
0.32135492652330366
0.68903106486262300
0.19947325066281058
0.39238876842860237
0.45646961329915670
0.53510334425794182
0.74261170467732107
0.47007701189293188
0.73870025038899367
0.57452863118449560
0.82714054690000371
0.70220915743694357
0.59048311396553965
0.37775566194678145
0.46142583122518893
0.69584554746541005
0.83076604353501682
0.37112651991460960
0.44192096701719297
0.43869984442613674
0.85572492615603013
0.37565260404801665
0.51278321293136120
0.38746489286465252
0.77342718739438054
0.65991505797924277
0.16518799680265650
0.54204731302935483
0.29464295715022626
0.64120882819098224
0.72515305805962504
0.42921300833942178
0.60631660309789948
0.64873042924872082
0.20480777361421981
0.39218623808518704
0.71654193876190486
0.42745888041750563
0.32898074595099480
0.51689739647162702
0.48856206055448603
0.55277829590162808
0.48182733993874383
0.73556394653992396
0.79753481642651358
0.63249959425496993
0.38540648247497089
0.73661085402830184
0.37768468265006305
0.71452940743239468
0.43243892417683250
0.54983205252938672
0.56913316514925572
0.69968484250092633
0.22789535569001412
0.38990828694123514
0.32667280570356738
0.55559421735467251
0.17120135405344789
0.30916218352775565
0.30063952078538059
0.42950546449169424
0.40034838708806209
0.39694185534733489
0.18744189774315201
0.57473217780674335
0.43497370701461641
0.34592262346127134
0.16901588726763972
0.42168336771182913
0.51556541802934008
0.34015672137868525
0.41683597861749611
0.55896441902874117
0.80759291793555410
0.35592942074238570
0.43657072821237819
0.42708873283760362
0.41670270529895559
0.46331848715052726
0.30129047732268444
0.54244114843767444
0.56960398284419878
0.46345224859220452
0.19552110638777032
0.19002785383161913
0.70784341907653570
0.73383929765484346
0.02152213019276611
0.37314014704880216
0.34343232556080688
0.60206229421396229
0.45501702158857538
0.32987546953611985
0.57913373191194695
0.60474597255491758
1.40195830440823821
0.92975825173846449
0.61117286718080210
0.57593926491060710
0.62612177126168278
0.76976185174786671
0.65833816318877370
0.43988982483057504
0.57439538833338255
0.59250448623979513
0.65040832033362750
0.30747095857909101
0.30322261143885443
0.42520927194197922
0.62297176872677140
0.36573203986480329
0.37879901144516237
0.56835764682965051
0.51031717731647730
0.42589971705157098
0.40396279808429897
0.71750522152087082
0.46609193429353035
0.59127453189535994
0.49086082939773368
0.55169893467917164
0.62838273530626521
0.48816471782697080
0.35062792070093662
0.53865321505758257
0.63728092696581573
0.49043598072880618
0.37631334996030857
0.65130050854796917
0.64491812128601034
0.51747313561767727
0.51812751386404976
0.71558908402151289
0.56212022167571218
0.66139874005318999
0.29257862198786450
0.60668303161958359
0.59499555574259100
0.66203186023861549
0.35897980517478650
0.34598735665407576
0.39999677524086968
0.53945054240286150
0.20586565778294141
0.22741887591223076
0.33445675025474020
0.28943730694562603
0.54214575295143064
0.34587344569890016
0.36814484228912725
0.65727294849154161
0.65151012309330758
0.43058245270545847
0.24921699494043331
0.47257139881018662
0.25420591479523685
0.40018830805589467
0.27796934865635575
0.50881138570432105
0.45069648500082715
0.36213640961024468
0.38321369734030020
0.50915227969091625
0.52498269993801894
0.31911693042094769
0.30757202366076031
0.62928473682882924
0.65405517222647547
0.53792734190423952
0.28351893535781969
0.40451770038140367
0.36713387232755801
0.44882641642485210
0.19338424836537471
0.07608582389138341
0.58927524400515718
0.49394566178500343
0.37134739522132804
0.21508961499250290
0.51342301857614081
0.52966129697413167
0.76519667947755798
0.69936113482356221
0.36017073358526419
0.49147619685181942
0.75759665180570379
0.84531860197084041
0.57185664238951117
0.33331590862629346
0.59463366124760986
0.57679179633036015
0.64847644586611020
0.35552151178631297
0.48191465800051081
0.66247698450271630
0.60568711517167872
0.31028413594431897
0.30822944197118696
0.48155079006717022
0.46601936370773944
0.37758791566811239
0.34334762973894895
0.45706629260531645
0.42282976613675177
0.37174196567042894
0.46264966287776771
0.65472952815151531
0.84663918387121295
0.49736339510377314
0.27934475593117258
0.52908032447953202
0.58514693492376446
0.47953516993438128
0.31370865772265943
0.73061842491409901
0.73147063208558905
0.45575963037502143
0.51497497263948544
0.59872283211558408
0.59248515250236511
0.49135129971147429
0.47317767230018337
0.81563039537453375
0.43787698999715607
0.70427130251218784
0.30447979762401772
0.45447929744533216
0.34351805825476289
0.35301609219409491
0.22579919462126186
0.17635326633771764
0.33502077965857191
0.47380341614254362
0.19979155985093044
0.17322933940535112
0.54760414201215235
0.42128732790522722
0.66706839128891104
0.22254197339215159
0.26031030128003890
0.66721126413363996
0.47221089647326464
0.38840214989548638
0.27093915538413016
0.71521696501472654
0.40518382758668475
0.46713840708655430
0.32927536173327160
0.79213330034480234
0.38310966203542529
0.30003259055105780
0.41680402774798053
0.53430593158931905
0.42034285731122445
0.39953953475532306
0.17626338507170558
0.41858870945437526
0.41134182540365327
0.42917621919967880
0.20337409864251144
0.20514639963484943
0.42700273037106812
0.35359905863744978
0.48641585483453176
0.10632487034695426
0.57400780841819754
0.28878506690194605
0.66321073334295511
0.38115644117089914
0.54586820140374870
0.39483125482126485
0.73410312059571481
0.54282051144341714
0.59207146465476579
0.25487486451673635
0.69103039541291267
0.72498950258483830
0.65236281178319833
0.35960218939302580
0.60106835524506141
0.72623333710701765
0.59818367014852691
0.32792938196559840
0.39780808604245993
0.51602479555466729
0.33624311866539197
0.37208450505237367
0.29564245963981117
0.69316420651009958
0.54047954963621947
0.48252177557788228
0.49298399095012629
0.58321507784054705
0.62380104981746609
0.44425056291298648
0.39663425000602692
0.53462753992831835
0.75906103997097751
0.48737407800595045
0.46501632158566608
0.57442173551270881
0.57766734789891971
0.49506519435821211
0.40346884317245946
0.63925602335937148
0.58904083518597394
0.34586824347112310
0.54112547999767124
0.60826506390852320
0.43078494777409104
0.46744990893547678
0.48808180637461424
0.46695072002666893
0.32507787826087442
0.51187564130316487
0.23985266004784744
0.21239777894012590
0.31704078235173339
0.33721732812037131
0.27132786956044641
0.17545872016263708
0.32999523080102822
0.25770872394377525
0.67600554886724307
0.28108928800505650
0.58451277101563082
0.39641138815087934
0.50536861274149669
0.24460663052027232
0.35068729084736561
0.59430703903514959
0.41960596448899939
0.30626581899001415
0.43058099331211896
0.55632862557151819
0.34919881386890794
0.62404666651507601
0.39308729118407015
0.50128451421626341
0.48298072275798076
0.32408793548056963
0.53743285364803950
0.30668304257854812
0.55720892804669586
0.49327016665854290
0.21549479672462168
0.29796821809064328
0.37966190237308145
0.46098685084968394
0.39318081752772804
0.44936837236909821
0.50475923214895158
0.79816918787513191
0.69324595492246222
0.45304190621022677
0.55716430745557433
0.41241247731463770
0.79131858800834853
0.36108614127890443
0.61513409152184040
0.19910024152080219
0.70062039434721168
0.45974210472661992
0.67820810829788281
0.37247828450582088
0.66141010501705355
0.49939103965554510
0.68325350211748215
0.20087084655128484
0.56198461153978563
0.74593199469248106
0.43262415188301567
0.54479845768544910
0.33589655025960108
0.82515308790096953
0.29817160908473556
0.28930489621651456
0.42572467350740245
0.49607156704375899
0.45447306273508009
0.36615490077348634
0.29493567120779485
0.49280929220247671
0.74158076835885012
0.49804525291001078
0.57973638478655176
0.50986828490104763
0.73326748681511900
0.45464822446401953
0.20299339707478437
0.62059970178730983
0.46458765906028493
0.45000514662134339
0.43006349124419457
0.54526187253741554
0.52161731121261667
0.26931267877687359
0.64929711683976188
0.48105049861149962
0.18221454092812250
0.73295256166749601
0.26386211061409875
0.53662441811186190
0.22562483740128103
0.30848028846465514
0.34204799937917674
0.11967406870091779
0.42739354623962267
0.41436006186750118
0.17465314980485286
0.18612419783872775
0.40161801291627958
0.43086683046683893
0.66141489679673704
0.20994786525664422
0.36597770819177716
0.64806596277775541
0.50361285213036044
0.15348890753434075
0.49165655852648504
0.54113541076385441
0.39892084613317180
0.46424282833275488
0.41845309976373202
0.72610220809191661
0.37446430714521550
0.45328397567233286
0.62532038440732807
0.57373066237383585
0.50609767871519051
0.48661537664082627
0.37509658781969957
0.34271914339750786
0.51285980491460492
0.52127521415236822
0.33206405693487723
0.26246436619616281
0.42319509159907226
0.52443257545792954
0.59223030647554364
0.42095258364194144
0.24940884284062459
0.53691610396781653
0.66377840297209156
0.67062675411015538
0.17160547572728069
0.21190935035048347
0.57178651618364884
0.22577736581447749
0.60575051921399659
0.18325425450440602
0.63057691618648215
0.41436384617207511
0.67021284868880626
0.33652410284111223
0.67937858161836073
0.64487761483181549
0.73160728118667995
0.31510323978141108
0.66743597021001300
0.75298065648616197
0.34511292847211333
0.59480967278652686
0.42408391928829098
0.52402947696879321
0.42571197125324484
0.35519150368737268
0.52122141791165444
0.42176520629679687
0.61056987402149498
0.58228478610465628
0.30801856423516738
0.44792666686325555
0.68459909847583644
0.49413551751716900
0.21149968202153557
0.51147998727041244
0.29516312414054757
0.49640891769972323
0.19552970403957526
0.72710250958631106
0.52221487743386941
0.35596308910506413
0.46720144368249333
0.49104240811002364
0.27951791477252186
0.62681360230772198
0.38837626268339059
0.78950443952985816
0.30110607118414928
0.66102664772667397
0.37362264343827267
0.17010609042051561
0.54003577686242876
0.38466337502361880
0.32106007178479889
0.20098850772313614
0.33206743713095749
0.43627037176577366
0.69140148294205284
0.28125811771486070
0.41195622409205118
0.56532048804134205
0.67501506919190224
0.22198497487835944
0.38714609241779485
0.64632591086372981
0.43541614032764686
0.15579365538346968
0.54242571914489046
0.78817061232853303
0.24289681281581560
0.40346225441212158
0.59786641100702331
0.79091508666541221
0.32871051165043719
0.41557336761772140
0.72043605238257413
0.42680774890682449
0.64093175232075794
0.51843211169197367
0.46175674039401116
0.43784300159863310
0.52190813665845048
0.46155757980932832
0.71876899597724897
0.41640644434930352
0.51587136509817844
0.33841604227487188
0.89160366736477692
0.60160126753895926
0.41900555393393107
0.24839582554831729
0.63813445404923919
0.57176400901609103
0.50132409525362265
0.06319661554359879
0.53814605451642017
0.32053081645427184
0.61094145570782865
0.07286377734968258
0.44446939003575370
0.58465929922929916
0.85113017737582175
0.44710010220087437
0.65593193847586939
0.58454731982920904
0.57856941108081561
0.59576106477961888
0.55809936307851626
0.72329422666839216
0.32044240112215094
0.48159540960595604
0.65619074622117768
0.57665158371166714
0.38341364915791176
0.74459697666508362
0.56833110812940058
0.20867584895659597
0.63272861405706393
0.64400171781659088
0.29608019963145671
0.38544674218339020
0.63098076122070945
0.50744563278963828
0.08173092717949459
0.60323396096255744
0.54062240026226327
0.42580109933644000
0.24666781830440193
0.69118927258945517
0.45979253984908114
0.45932597763348493
0.52260712288273381
0.39885016445732707
0.11446905434628568
0.71577066674870526
0.29976475354389170
0.53800434795477858
0.37852161197498252
0.49684491503290368
0.43964564299628406
0.21103795295053257
0.59628655454854829
0.24737202837306588
0.40929967549409701
0.29394259262785266
0.30235869783829228
0.46461668445673088
0.74278223918141106
0.33076718724806237
0.45896637624051889
0.42050275640048046
0.47045574891885406
0.25620417982550214
0.36865984245926864
0.51729394601565726
0.43024067274364020
0.23989672057718658
0.50911730175215086
0.68326584408870517
0.37941050316626967
0.50343624865400571
0.51740494062961040
0.78714863050865669
0.47881476700285919
0.49155841108185017
0.33251627766856429
0.59530801945683209
0.70640103147811772
0.50120181448910051
0.31427533857887113
0.60189078769371951
0.50923163761379198
0.45816435723247168
0.69670491625886677
0.69541540756169695
0.44507212780217953
0.46933115938824960
0.65249136101162009
0.67890635184622872
0.59839552537103313
0.38114074189783709
0.55402549652989375
0.52373453900762212
0.65226077272013394
0.06509794295768773
0.39331184367861299
0.45095557681211917
0.92793235912920558
0.75821309143234639
0.57287633557070194
0.68518575466209497
0.56541884782149832
0.68951414951984069
0.61716988748224699
0.70628892920644970
0.35667281288045627
0.61552790363888321
0.62527706245247938
0.61199518397685249
0.26328437615601730
0.67239030813629586
0.80791267536822886
0.38771613511224073
0.48434441691756058
0.70416932763810114
0.42620484652624491
0.55032573841609078
0.36411719599728676
0.62465932505324906
0.26532601226556751
0.45804969116319705
0.55157809691443893
0.55081202456612266
0.24383298970607858
0.55411554273046448
0.57860737859568678
0.37096829171551932
0.17735384413871447
0.37915592449611624
0.18639458587205793
0.50914972891310839
0.27954430881332426
0.35751489744621079
0.29979988604053842
0.63911344664376302
0.40138450423563554
0.41126752302789360
0.54460419320026077
0.39621896428749470
0.48376218937404686
0.19216651153619185
0.63374198706406970
0.34839672232877317
0.78712346789333987
0.34897396853627988
0.33592988133057478
0.39754501754310018
0.52254635048963893
0.23702782116416832
0.25511818322628294
0.54840233162812801
0.40152313965410091
0.43734591718137672
0.38619179814264692
0.52276863015790986
0.42810855908818962
0.29594767914790521
0.47759880302953905
0.78714141054429998
0.42578120952249715
0.49450119930959835
0.43707883107365719
0.74487653883248983
0.56756979119681505
0.52854767273509173
0.42219133749405702
0.79193218245889074
0.64725581428496293
0.46003310331572977
0.62255929164582247
0.78477381933075074
0.39014606588107453
0.43187825240072431
0.72559848083357492
0.80704259099711029
0.56313710676464168
0.70693134663366664
0.63879984391879241
0.74910460792214884
0.64822595691709539
0.27912564956077751
0.34645171102099442
0.47144897584653478
1.08654417613849530
0.68723438065530917
0.57653614147265897
0.62906812422311942
0.60748133548244643
0.81612124085118198
0.49945467449532943
0.61710247756493530
0.28230173827208627
0.68890450726472163
0.73927802425176603
0.63283734045251194
0.20624317760281785
0.62259666649593803
0.70349052998457040
0.49942379575828588
0.42201016318660389
0.61601443925164778
0.66408995150912520
0.23362436162354761
0.38337544887183228
0.63751390364079075
0.30454295880524729
0.31911926255449202
0.47797304426319426
0.64798494042072075
0.17477333425525782
0.54101298768215722
0.55739008191829242
0.57559953923180696
0.35671345721444558
0.43959814361907962
0.69991032798584896
0.70405456990404702
0.52558861286088798
0.46850517204799330
0.42697433870601759
0.62995849115896607
0.53693073773620037
0.28058399887305596
0.64768467702155796
0.51086974587097511
0.44923108268277689
0.26681670385389011
0.77331266934731924
0.35639679304899380
0.28877639825050350
0.43525768173682911
0.40812227401535750
0.33561651245396118
0.66542637060507892
0.37213289516861364
0.21624435493545491
0.51423332869142768
0.70669758524338788
0.33994593919741661
0.22421590844530909
0.75547913515359688
0.51538239350175064
0.21196177030175578
0.34106745138419203
0.64253969807515443
0.39644360454757954
0.67172386207162171
0.37216143295744419
0.80562672529720059
0.43625837185842598
0.48918083652551864
0.34210397484621707
0.61726792965343391
0.43837090476872059
0.46274912943803082
0.45724336335374927
0.64133366555717530
0.52288997514407498
0.44968680716264292
0.65726394477781347
0.78112259375148907
0.34050536069182352
0.53789986535194712
0.68011959564373292
0.87384127575241344
0.69267617302001594
0.50138011997612630
0.33205826105933289
0.48836833140722141
0.76120433352806671
0.55585234998622579
0.47414358536728496
0.45438663440057669
0.68593708810305665
0.73897426195349292
0.47374834629827256
0.49173426070550386
0.28719881473130121
0.72415034591861538
0.61566308301110417
0.65506360142298892
0.23166706603513987
0.62393862714156922
0.66156839351151009
0.57341845889148158
0.35468335790599859
0.59270381129739258
0.69704167667459482
0.41489441749315609
0.46556099171156340
0.55250883194338452
0.45455433407703094
0.48785443593854994
0.35691645376488024
0.50059443121361047
0.37174163009583849
0.33455910187196558
0.50068596700893919
0.77430701073855002
0.09363192460289416
0.51423178358727295
0.59498238321586461
0.62941639182310649
0.48535416949084498
0.42214315151094706
0.60032268257635724
0.77838380294701215
0.62380545790382280
0.55619349819490171
0.70940310646668459
0.44750653816856650
0.63605523775622530
0.31074972923518929
0.65359319509974689
0.34795593753719006
0.43209078815493929
0.30028845047328617
0.77760172726813659
0.39536342096040211
0.37631672171400871
0.47166480940434807
0.29603692027026296
0.28409718822752028
0.75232389050896753
0.42853288856497962
0.18839490704186190
0.52104540215622408
0.53465438601102977
0.41793773774373411
0.18576629341779960
0.61322582740865439
0.49188480839897974
0.26613041047814895
0.21439368228898159
0.75324969146087761
0.36128049565040238
0.25998825142643156
0.27057759046270402
0.79706090157225262
0.53410745688356553
0.40893052523643197
0.32271137581198567
0.84672763642109972
0.45475910310542511
0.53048675124429234
0.56183545059230944
0.73724635732454336
0.27186294215798423
0.62726826689791104
0.78708834259026184
0.64522556165711276
0.34831583885644168
0.67214996941338423
0.41180614417672778
0.57967824295990777
0.71241861998592970
0.52280477638775391
0.45054147991084303
0.30304344756634599
0.89910247139588628
0.50067605026668038
0.49179762189939097
0.25696159271904473
0.29921835226916776
0.68233598806159712
0.68754170329130493
0.72770379312482225
0.51270658895521015
0.68230480817629702
0.65694741651447874
0.65597783599233872
0.25105776450506412
0.56314650358234708
0.81899957427063919
0.50467779890441578
0.30506063816690110
0.60790779064375200
0.80035758999563611
0.27078401763988574
0.28253336713939464
0.80865203729730262
0.36360290392258832
0.36132918675199233
0.47800031803163412
0.62044694783503729
0.32776728791684850
0.43563080923175351
0.55119097706680120
0.58278411788411622
0.51659792758329615
0.43428076595487763
0.71089851338634669
0.76815627656303909
0.46506066774078969
0.22869591507447751
0.71000729423034503
0.51965887736456384
0.58767857083188546
0.24283330232420025
0.73082226681318785
0.33024561550215770
0.52195513207551014
0.21923086934412234
0.69882930375959496
0.21606351127532916
0.53609649892671507
0.60608053082572622
0.10158904683987854
0.22671263610729775
0.42925157803366054
0.42166600542691263
0.28098560203788592
0.39967866660487927
0.69433885878345847
0.43695003355058087
0.17722442889712398
0.53120858425365691
0.48813075379776594
0.38904116165228936
0.14940222644823142
0.67339509118561813
0.33247664662749826
0.62373509737786714
0.26507464845945411
0.56756430441784034
0.31375501389244675
0.29123577991699556
0.28817085047472296
0.72007304421423179
0.37722279140719650
0.51139027517469360
0.47467165308903342
0.74244422049464120
0.30626263550025978
0.68429301192564973
0.66353851949261389
0.48766454761000777
0.32956779045766871
0.80329027187193180
0.59642836449659198
0.54390768933811340
0.73118918659554977
0.66020725638604438
0.36338996210145158
0.49730905572506967
0.62446594450323101
0.39413134250604209
0.68293135338719113
0.36061789803359856
0.57711606701374196
0.47901658750059062
0.48317053854594372
0.62725341192425210
0.34700716207080562
0.71303320303342388
0.53474955969992544
0.79517256685359894
0.28049550327157202
0.49804061615688167
0.80967968502223453
0.69726425239159717
0.19040542516342784
0.46071842006172359
0.79549212220248799
0.42932159610573439
0.29785903546510273
0.50140958789767154
0.61728997943962227
0.42040913128274182
0.43163780801998552
0.76871981834510028
0.28631849783249269
0.43552466416593344
0.52606906852146751
0.68239130318735874
0.34910579244073825
0.42680518784012067
0.65044551692204999
0.78401463602491928
0.39523794391056322
0.50767526920561945
0.55854523912331810
0.72406588170202635
0.33791156477458717
0.34295642689885741
0.62211929969684054
0.56037282097178309
0.18092273114761792
0.34663641937242895
0.65551127794692610
0.23420363568449143
0.56691658793684974
0.16903007673567874
0.61391357611783093
-0.08228213581715327
0.16084333314897428
0.47104208402820524
0.30371655238904893
0.39285612542198256
0.21014415092292715
0.43191019007254383
0.13564111938726586
0.52491971031713580
0.60274586372169092
0.37856869630446632
0.09286934969647875
0.55272394120491686
0.31869789683478755
0.54190985992315044
0.20633994449912502
0.80808920285236874
0.36364272380093665
0.39103410423182083
0.30102504062355961
0.77964509887776834
0.30141998994455382
0.41087689927220916
0.47400122948339107
0.67521139034042232
0.18428171556293937
0.71952010652714704
0.65831373585410069
0.48571417416980073
0.38359159312395713
0.76685696031298878
0.55545083777711279
0.53648361508705944
0.61420451394618403
0.68475463717540375
0.58225655124077780
0.44954975512343620
0.86428601770258795
0.54968912161486094
0.32559611145459033
0.42424713839654205
0.78778793412340153
0.44089289817366717
0.16807524995590595
0.61008303690842625
0.33752831985554060
0.51152543478009893
0.59563351956861310
0.75844423302693909
0.38017502999728114
0.79412234211281063
0.58118109471736101
0.71076399667159407
0.47720318362829595
0.51674265775939277
0.60908435794152060
0.53336675490389096
0.45267606314835440
0.36305680670264889
0.75898995780157441
0.40502889188315688
0.51353533775241145
0.48988320008526581
0.30150157591432603
0.52427049335867082
0.62118536784485834
0.66980262343714858
0.32415922461467345
0.44659941317299451
0.53224680863256424
0.87122594363420425
0.26005753809911886
0.67945631802967665
0.39897366217963165
0.69933436486995304
0.39416252673448604
0.39657071631627999
0.62957418994536396
0.55268207696610050
0.37117089634898737
0.43868019507267569
0.53339034803370799
0.45305691927722058
0.33439651779877322
0.33225689740730485
0.72630972185534903
0.24311508858652542
0.47876433938743079
0.39866892364159612
0.74609747258377601
0.42267334409035717
0.40562014678068437
0.57144332199771641
0.32111741643348618
0.71139656755497871
0.29799931892154569
0.29031383845483233
0.13466517516829085
0.47403937462314266
0.45986621551275741
0.35611654101411094
0.19555575108185602
0.50311322474407505
0.28335665399047977
0.34659576764870537
0.24502264620366221
0.86012455847391778
0.30161299600844083
0.54214403629642360
0.46191147819894296
0.64469322554729991
0.22682337583246659
0.66571275446944922
0.54782031571902290
0.44315924138681945
0.31535623225855558
0.63849719697551399
0.44209413528354924
0.44272171455518894
0.53387204943036748
0.79024986569762634
0.49406686620143270
0.48116442874601001
0.84927467766556486
0.54055498019102155
0.37218560231193742
0.53412303325128985
0.70416975749651278
0.45697250742709583
0.33610117648265758
0.61941292422709848
0.56173342280504668
0.44488985718733076
0.42154876233682648
0.76034037727974180
0.48819608171311524
0.46460640386106078
0.79764766519892194
0.94925011581061636
0.64025578701097918
0.56975730892675891
0.72501828239441712
0.66949986226642699
0.38803909297631517
0.39457645046299744
0.65152498569668815
0.59705326011971183
0.19453247064175960
0.37082874909109759
0.78228957800134391
0.60669349258689298
0.73776090584811549
0.58381556150123637
0.39001826290567299
0.41037082787695955
0.69711252045306860
0.71196463368222784
0.28426313161135536
0.47464610825288100
0.39484052643051615
0.62681430047058939
0.33560042748282826
0.34504519690883939
0.58089806926061893
0.64048301727945423
0.40890256717378748
0.38544976624686500
0.72928675642012109
0.49966413019789357
0.42635412057085809
0.40209761691266327
0.71594629736427251
0.34693737734680918
0.35545331956267823
0.27491290576340460
0.63926557750938751
0.33529480161083269
0.65483979269924830
0.47929105998295857
0.78469399003253648
0.57900617488556438
0.30521896884255673
0.34269553782473450
0.36190281516980072
0.30994073195985389
0.38150947599918722
0.30075171679505014
0.25864836740648844
0.45668098104622190
0.53689384248435679
0.31023343803389641
0.19903066758193250
0.82691198331297389
0.49654061900692303
0.30109734069346289
0.67009467944637691
0.58677633907812332
0.32477710385529357
0.60066308725850648
0.38732351388074771
0.47651485698061219
0.18166789244241399
0.65426672224745930
0.34197745373672361
0.59267596424704561
0.38786112924003191
0.69707522025573510
0.49347416152475615
0.56790765894426887
0.65452193840894968
0.60076340370791492
0.66498115195119800
0.51928559775207628
0.56146917504488569
0.55380631620918153
0.39530019810539307
0.63539153911369783
0.81723733046117519
0.34661198036446261
0.24595341035377732
0.58009279690917592
0.49800461237314675
0.46246207518859805
0.44106912276756050
0.85453797464070402
0.70212928139963360
0.50105668832800365
0.71636200107080239
0.63186060763641960
0.67646289193402609
0.24184824262519872
0.75356776482979837
0.42284933088138804
0.63271106013678491
0.53947546218658882
0.56729335432590022
0.60801726563074898
0.30847384296754055
0.59773372004707825
0.40374013353589333
0.63434322438684410
0.71920549664151379
0.75081451573698632
0.16347266594302556
0.26554163444904572
0.52642907784393778
0.56263663011300902
0.30125845123103501
0.27019969382289422
0.46199846231891117
0.85250601893501254
0.27543596341983073
0.45356469530145410
0.60535214165544360
0.63604903475949315
0.37128020579247750
0.44718262771688927
0.60633332471450607
0.46334575859275196
0.33490401952561555
0.34355836926075201
0.62928230611688607
0.28984602366310597
0.40764127305258147
0.27828548813923232
0.63300636393475795
0.20495292467375970
0.24196154215906340
0.48785852315250011
0.76199903512065070
0.15317736118960645
0.43326184743648499
0.19508387016546969
0.45224797424902935
0.25042446590846090
0.53855922274776902
0.37869366307335806
0.31930865945728715
0.55681679984883581
0.64844036853955644
0.44983799854297957
0.31755421973672115
0.62638711123621982
0.20088911488397732
0.65584768281145278
0.57197239652715193
0.57807663053489433
0.25387500379922978
0.87319711919347653
0.51393635561042772
0.45001783198853607
0.36666250042371584
0.85336661249098311
0.37826271407394130
0.37507747264988112
0.66631042580197108
0.73051267817832133
0.32166376174541739
0.61207867816985195
0.48907001569679276
0.54913293816195696
0.49164638706706743
0.52959666406134753
0.59234074647481449
0.54501290913812062
0.34717734637043285
0.58661794292566749
0.73910236599647994
0.54530288696517215
0.40358083205734085
0.74159066214330216
0.65294144430366163
0.66273842797579141
0.45457608463977256
0.80071636667790858
0.76994761521578892
0.38438849794165231
0.59686196939140446
0.49706664436739911
0.64397875551946482
0.37362394134299121
0.68925384782302390
0.68705116714560255
0.47514583209412398
0.96770777370562444
0.52000934457829973
0.66613331313979085
0.73130529638842801
0.68858649208297396
0.21927895481950177
0.59374957714724086
0.54154095051455053
0.87229187902142880
0.17645968311134991
0.62259861313077569
0.34276681176662205
0.78402392094134843
0.28972480091724739
0.30234953270591580
0.53369904695726900
0.82821913691787574
0.32474973291697207
0.50625277743586439
0.72004294701219851
0.58779830382606879
0.30346792285865254
0.36420933081459761
0.69975063902575207
0.42748176962317330
0.35061886052740265
0.25936745432668840
0.88579042471589986
0.27472775415180695
0.60581830632178690
0.44305055007937144
0.78983279085285407
0.32753549328814346
0.57139693350718301
0.39998572579346292
0.70807967784134207
0.20391099558653936
0.56436444339767433
0.54126620654546698
0.38999050484195585
0.33399650632259925
0.84636191666816485
0.56175263430199662
0.38066772606580557
0.46333361907295156
0.57442847184040080
0.71422417102508295
0.50611561178212128
0.56072342696600197
0.37970891067684442
0.73386205512382008
0.49186454392814466
0.27365315844130633
0.34933679046921950
0.83067198900761707
0.39253343213814218
0.33835992915582591
0.55712019889775588
0.79325674966172710
0.30602127417887276
0.56684703136061709
0.39225814426997735
0.71247934597372453
0.25038181751102001
0.43229257619211769
0.62905500409921400
0.60504166194794184
0.47740133258797601
0.48371053732242741
0.79876097580739469
0.71663464217781625
0.35621928319542295
0.48426708201234753
0.61508399257453905
0.73623990025685349
0.20499680180814350
0.65038289767787116
0.57097154947723328
0.64918271579757603
0.35082452017875998
0.58935856458004698
0.68577323152602010
0.41423132576400512
0.36016382930907898
0.55977664875224153
0.62626179422032946
0.59755107131844309
0.45538412746085233
0.69671168043103160
0.80218164889437016
0.62050023960808698
0.19947409879715972
0.59947166722830059
0.43486392644561950
0.63993725402216473
0.34098178831324666
0.47944865096783129
0.57254045671284581
0.63391866743103487
0.41836694668319269
0.58998512161544292
0.45280550801677305
0.59923900955550713
0.42415346070920346
0.68647297800863549
0.56704737853196574
0.67653532018926943
0.73961035964701849
0.44612584250065068
0.69894876344158297
0.49944411670190236
0.38857293610558130
0.33215679882325078
0.73151106773931274
0.42197098323323745
0.49731482477192657
0.35804696788406665
0.66026863150023707
0.35522871642246279
0.47734071601225669
0.48121674538561809
0.73288964236967813
0.39461198053710445
0.71470576439382083
0.41342379692578390
0.61548837134778733
0.35534743621283282
0.48665182790779105
0.81726402083814720
0.25445281187447344
0.46808983772633928
0.56917910134281557
0.59758863989227207
0.42964886629167903
0.36478845958110206
0.42453567577595497
0.65034671915044184
0.44143487567099454
0.52798001153275442
0.42839536096591169
0.78551550284964000
0.44361362543665267
0.45564927882666784
0.45991953863624968
0.77348218185885631
0.39853047915280404
0.46559624610309780
0.47015435334168099
0.69702476273222036
0.35244883735544347
0.25376679487431608
0.45885654771167905
0.60960448218666519
0.56441130100294945
0.40964843979661503
0.58990360040894174
0.83083199271218133
0.70315873008820684
0.44709007712260307
0.60843226843193965
0.52149727476340002
0.52417683806289950
0.40355019590858843
0.41578583259393154
0.64968320999679641
0.36900119532952513
0.40293207759696476
0.58417099961942864
0.66036429941532004
0.39255677928991362
0.50727307193649684
0.75973634558023928
0.58788819987557417
0.52512399159688827
0.67472269851152522
0.89364876832459783
0.61663276379334520
0.60064657856303649
0.70340606051115828
0.61819015276421552
0.59153980880337564
0.30625303929585002
0.57947934080361407
0.63685266477460811
0.65483630919571156
0.28860204172359283
0.22744994086716874
0.70599164137094328
0.57340334034012530
0.46894740419392283
0.59747192941667371
0.49856403947429451
0.78862130130425290
0.43126569552117178
0.59554497248226346
0.69683535505514960
0.54348154731886233
0.42859174530678618
0.42834617951690523
0.52150709278626228
0.58263820089462803
0.20055759331050216
0.36153484211428843
0.64815582268477290
0.39777021380241051
0.40676316224424336
0.47830262607571428
0.70711084775511002
0.45518981412099502
0.42260974941175034
0.64230459900721482
0.84843987017949152
0.37638759607507888
0.47058767086311848
0.67400402119426017
0.58783073292551580
0.35275145492331039
0.43897512700739999
0.88829733748267792
0.33372542536673822
0.36156601800002020
0.50338386952266456
0.89960773282696571
0.48926621321673569
0.68191592399643541
0.48405453672054755
0.38050349187327287
0.46374855989860025
0.14979572043469425
0.50370359078302385
0.82519015077223323
0.39057122046037207
0.40058064167410012
0.50827096532127225
0.76134295877719815
0.41382189952328008
0.64162562826571667
0.48835088950268102
0.76017473876036790
0.64625004827647481
0.41056144428732017
0.46943527148449260
0.79423895567979597
0.84952758867079936
0.52858076925997766
0.42836101562500217
0.80451758474939972
0.75124691748136818
0.43585269713968056
0.49190655207296363
0.53941117653044313
0.42659287101997184
0.42822817255336088
0.39259596729021345
0.57795273911811407
0.43882396418659075
0.39524317565875056
0.43265402062549235
0.81597146026230949
0.56673167523188916
0.49156827379371143
0.43704747962414442
0.49720001734271274
0.75138242231805952
0.71270309224982220
0.65637913806798232
0.49266083199834276
0.53038279890908646
0.64493574347556459
0.56253669762816783
0.55833953968188843
0.51735929902272526
0.42777167789004361
0.72562922663690443
0.51544050376655615
0.39163475826372934
0.27706380259611796
0.67104606447169557
0.73608938091313758
0.35614774911260555
0.57644604217723971
0.62055496732717041
0.48099671646479769
0.70129414423676950
0.37116115227384538
0.62999745154627773
0.56573179775947746
0.16800494017120426
0.51265470938767776
0.23133614273583569
0.57561074845918681
0.15858322517572171
0.45054837466215736
0.66900254993449371
0.51124500856113397
0.30642160513517214
0.50046146992474838
0.70547752917979334
0.57593170516248171
0.22546354344264841
0.60298419387945690
0.56559021302826851
0.55137548029261563
0.51342771718832358
0.67432658164686576
0.51642951331064213
0.44085940829845538
0.27376307006120226
0.67303051268490599
0.44680185958684382
0.30460747233461616
0.46329782297028410
0.73985832419602282
0.44532325866593436
0.40080328419191358
0.50792805358177162
0.50121965396911572
0.47738881007998002
0.26886558908006752
0.59708219289132680
0.50542707129781395
0.46005624972965908
0.26950193774943410
0.61844561353208649
0.98854807577458170
0.66903372566194608
0.63403872678019502
0.67922256053191066
0.70072669358991924
0.76492079757159226
0.55052405963154727
0.34195973315418071
0.62022520270875048
0.50341746014643640
0.54864784854505699
0.38595058386921377
0.60430923980727769
0.57183297118828269
0.34963608126790613
0.33419981449525032
0.54063685106954895
0.57509132571697807
0.24753527512800394
0.33137079081087001
0.53349756978758833
0.53059139579800441
0.30928524310541755
0.07663889141992308
0.53215996992488213
0.69178559344173662
0.55186390639420102
0.32761898517013521
0.33106911465965871
0.63819680362191877
0.54419841181866302
0.63411807541422582
0.52376050108069627
0.44020960590288966
0.62786149037508654
0.44338158719141707
0.54126328271092861
0.01961949338919478
0.35607853825750374
0.70363224212481146
0.60415463708952011
0.21495908134233882
0.46807867233375355
0.65331487421606205
0.58154446016559302
0.45532587486208353
0.42813838260631137
0.59514901729630731
0.46491913752206687
0.35067224862963142
0.51908873663272592
0.17030581611562257
0.54168013169494056
0.12715296717970459
0.29656134611971324
0.44849017519719964
0.62264230419797195
0.34546393343389531
0.40647251900529524
0.73325930398199857
0.54875214206892275
0.43407464772321180
0.52269607755036074
0.65933625237219673
0.61268881225028848
0.31761483911342248
0.56206715620384839
0.75818131578504122
0.59653916767317794
0.15338973846284598
0.72555448738083350
0.51905025641004476
0.40744714662514930
0.29147539920611099
0.72436592194475036
0.29803890818494033
0.42690696528196215
0.53440987516904115
0.63622177776412492
0.39008985784856282
0.32554518462906756
0.70881080763408844
0.52775536498070463
0.43854434373316625
0.33291209063030203
0.58193525354998288
0.59528322890325536
0.39574232425062744
0.46961254957027349
0.43877382069312626
0.67985175006950194
0.68797993840756633
0.54521647425632336
0.37165180669617848
0.58546627492982961
0.62098500665463718
0.51233170320799626
0.27673055781326217
0.52121418634052719
0.70415933457212299
0.43891393263445105
0.11418309351237643
0.42290862296419396
0.73908662945703640
0.37635096307853888
0.37531125557386813
0.37128307919554843
0.81837131862574597
0.37326815621225268
0.32038569419016683
0.37232705715542441
0.38660235551389904
0.45306344269449988
0.31317646482763950
0.36505888788474389
0.50945782151494912
0.43739162868207360
0.47851608929949896
0.16721351483262081
0.61191891100808005
0.70093455797416282
0.55181017746337235
0.44798218515813137
0.20088189089632996
0.60825992308329735
0.53936817310313112
0.51907924602124234
0.33451040038256064
0.53310692498430778
0.48426307520086331
0.57714490170990806
0.43353030535828663
0.51150168240350469
0.68644987304917948
0.55774047807159932
0.38827907841033826
0.47897582512006531
0.46711531229864778
0.65494920829565850
0.11772743504495281
0.32501359981440775
0.39367160909453575
0.43795292473241459
0.32751544281831463
0.42950517310260761
0.65639080053696564
0.62543523298882775
0.45723446835839099
0.44337561317190166
0.80210402749336140
0.60342071962983967
0.50545649113459434
0.66400412022225408
0.52472282448839402
0.64937356359275455
0.32937547593250038
0.71052879676465119
0.35605924299449154
0.75880377451129688
0.38690089838970620
0.57002369420823307
0.52387108912158153
0.56385906553606768
0.43372325914704069
0.58989958369714313
0.21182197600572661
0.53698489494240076
0.64560493926586926
0.46565401575701243
0.53681421034330767
0.44637829825734704
0.74210304129771276
0.46331182637943058
0.34753249156333799
0.44301899569727998
0.45614686676642346
0.50438016051210988
0.60736110960807566
0.60634288271166814
0.23275615528816429
0.52909997977435552
0.83673263529202746
0.59276704367278799
0.23364642358375032
0.45503408536318052
0.74339820408204904
0.46839947378479729
0.62342618536255645
0.38157720485046476
0.53443337208638697
0.40153235221391004
0.53731583620112788
0.35624158282370094
0.66529693892025454
0.41344287303755700
0.59899514651624597
0.21504478619904227
0.63569714784590325
0.26083373082866074
0.55721985927920192
0.22295451869002292
0.68934608414969900
0.60345131986230172
0.36256664175360465
0.31479308393770650
0.56135098318659005
0.61501099737333054
0.45424308540715774
0.28407011091903367
0.41187816894638551
0.72859371141778373
0.53134959085731381
0.56427030544077517
0.29164865683478647
0.60292181578565973
0.55069785751943701
0.56758043232859257
0.24194656688801341
0.61446862054994278
0.75431731461431606
0.59537898798817979
0.40252512011075325
0.58824180161359829
0.59669237277724729
0.68169872978543045
0.33449239897471034
0.44409258541485852
0.43976531729368096
0.57818259174010300
0.35806978102663301
0.27949819545350429
0.49622567415943686
0.79294679520529521
0.52653134276319791
0.33071926397278917
0.73587274938813607
0.57885249936407690
0.42161313868162087
0.60994625078908327
0.76694869574700808
0.68106751798265319
0.58430802450530750
0.63704592774355751
0.50173823135770412
0.66854599270854898
0.20657404012669112
0.58533806827768997
0.43754956241012943
0.45212745245725894
0.40268604158915611
0.36965101858076965
0.40126678998083931
0.70709563055578817
0.63179528197734647
0.47145645937994851
0.48504311120254778
0.52026736545889940
0.71818017244965127
0.37387721990568323
0.55371750590835711
0.58023599378898205
0.69413341452407473
0.32066685556323454
0.31746948379557538
0.59099943574421432
0.38418756620302219
0.43305827569770988
0.51059195235254018
0.63886193211946707
0.27847369298492042
0.55583440221951630
0.21785018818934032
0.61828923516040279
0.24861750730482163
0.40558238038042166
0.64366618563914157
0.53288137238037425
0.45864167367619613
0.29622460252702465
0.79197504894260340
0.63212276192127048
0.55854211107574858
0.48669171500140418
0.75383389632681086
0.41665818232099505
0.68901022704590575
0.24319217393325343
0.72081792980902093
0.61835124671901731
0.53423010051242004
0.37116061859913496
0.55643879283832276
0.60716897058152908
0.49174774293116730
0.50746607624755991
0.43857303921155494
0.82550253515459104
0.41146864397620930
0.40975393023561990
0.23127969505799684
0.68880778855766345
0.38713997627233487
0.60049929545738923
0.41335655696815432
0.65121367608002068
0.67587632889963278
0.63943511380042639
0.51819701189472556
0.70433176414051790
0.63111036536533427
0.60599460128009164
0.36116500886100417
0.53802588886760239
0.32649598863317408
0.79460782598092294
0.55053895661996821
0.30370967877211252
0.40591908916988384
0.70335420483647804
0.56260410636270963
0.62068135380028933
0.33602311714886890
0.42516095627718353
0.67616934211995416
0.63187411952300065
0.77976876973006515
0.57470069447631422
0.59307446070806280
0.57367462249819634
0.67720457718681104
0.50669535819287126
0.41513079670431030
0.45545105817077813
0.68399115914571407
0.63945230371640460
0.25732837404177933
0.42884088488401506
0.57352298283513492
0.82664240299231773
0.42427490510683236
0.27057056218134801
0.45838978917934248
0.56555715649783656
0.62119215943231931
0.43402920157345859
0.63738485209315421
0.37629639646056379
0.55619600236252598
0.25211709174596186
0.37890821950454090
0.73246026716378709
0.50807939723338824
0.37861090112471363
0.46822313671690347
0.72116871124136739
0.39837052276537910
0.32677271470825875
0.50952711799259620
0.63311302066269648
0.37250561812782207
0.24871485837075569
0.48651095781285936
0.67578266421777977
0.57993230990601630
0.30675037804316052
0.62603613705378769
0.76047801478378207
0.59469293935919876
0.32474939019962956
0.62393509773647626
0.46687224632120694
0.64957747709177971
0.27987642904677246
0.64171478676824378
0.67823266555271677
0.69934937144030984
0.19957085617802039
0.46029057088029679
0.73083389835518286
0.53721923385727033
0.47249133958018363
0.51877742738217159
0.64593485532541062
0.45798093244798566
0.33695409024137557
0.32405950961683794
0.48562217491293869
0.35157307877291033
0.64245537121472274
0.19148550997294556
0.69337838267270746
0.52658890409231562
0.51810622206864976
0.15263133015885266
0.61017375732581758
0.35788048170854481
0.65793185566579182
0.40078667989527900
0.69243071747707163
0.43861602220755602
0.65771109494897617
0.48729935628550369
0.63466624249142978
0.32647533224483605
0.61098181125912854
0.59855740241985900
0.41320763925247339
0.40895065881649117
0.45109626376593642
0.61710035254448015
0.55229273027456793
0.63687745033697629
0.42758718660070599
0.65530283824525959
0.62090935822094839
0.77155560216932084
0.41698594622485541
0.39856064276607406
0.32216319462664333
0.50954769512374420
0.36122383700271526
0.48831114158280298
0.32379474944122266
0.70965357315553679
0.47410760072390168
0.64404364092878486
0.56604432756619771
0.56406908812677903
0.57030247335898954
0.52108215504044930
0.42885290326838021
0.52674197968277769
0.54157428999253043
0.56258861636669710
0.26883628831477269
0.40843625427976210
0.73099197421015516
0.44335694409563525
0.21452573134049313
0.31270629387685100
0.86423575503006944
0.54513466485433648
0.43572597564946830
0.31525917852802182
0.77737988718096673
0.58499016728351849
0.48823279561015126
0.50712595940511673
0.65137393636998608
0.62377108660496661
0.51727483636761984
0.61009007288630990
0.70094660665689379
0.66893989057064318
0.34597607941900821
0.58265725899747389
0.51442183714286882
0.57962705245232038
0.27039576098528684
0.51978096275391394
0.58613463817373712
0.62669589575695583
0.37069241728740804
0.34776971462814527
0.72478372520868994
0.72654217440734836
0.22764135430845567
0.40476749877625423
0.59839993694236682
0.52975235824611111
0.24180475083650699
0.38940404233838166
0.52497906358999880
0.56163863900986855
0.43310368586509307
0.42535449134722159
0.66056812185562019
0.71439639537113686
0.57001726880115922
0.19866359918967735
0.46789103938662790
0.51685739862380553
0.46926412142820895
0.05074394012064842
0.72274575368204930
0.56854130094069122
0.44395755683935334
0.32640292439788199
0.76984752558640790
0.32380747218112094
0.67246575538480025
0.60868523240740890
0.68515306835985257
0.50816935383701189
0.65696611530814697
0.76241492020570645
0.68487640927261684
0.52266876379926774
0.37147365573522628
0.60821331017730862
0.54941509178019177
0.70482578669748319
0.49114666476891017
0.61269002340495726
0.38239242435604259
0.56644444421347728
0.25375721969766996
0.52063527059193659
0.27788823447811639
0.69014127302874873
0.42133719364186462
0.48923936373655680
0.35720276551837071
0.69599951888050882
0.57597926099471808
0.54296961952493072
0.13856310252719939
0.60224398849766470
0.72304104471988251
0.53277538024452475
0.27008952002187370
0.50430765562290869
0.87881916182346786
0.41470199326671597
0.43847530063581808
0.42246895361805303
0.59326211963357722
0.43059890503380682
0.38264762165283933
0.22900391536061843
0.52189082298630796
0.34544776971518759
0.33334469528649208
0.15533301339063660
0.65999183890334390
0.71291853303750430
0.24760599044227133
0.31046324583415624
0.45421764905994111
0.50495172318280535
0.39200249318988867
0.51922126516562050
0.86412304196020806
0.55960382291760524
0.36025794883580609
0.49510337705776852
0.55525208802903236
0.51647350485249355
0.33842583226654654
0.29227398233743052
0.60196622847165604
0.48661381056468511
0.38803058874141205
0.16305566286367956
0.72646681299364235
0.49173826937840592
0.41876271276872623
0.53599837039357090
0.62576626566778626
0.46548133565049882
0.56897918099184275
0.29387725375345186
0.43225348572018285
0.57243885359341751
0.66071916043257928
0.25864609730327559
0.42578896811870753
0.48146505847224547
0.45477445882829309
0.42742217688855788
0.47913351332485321
0.72014109737883569
0.46424472351647134
0.36525276238588839
0.72555299525342920
0.46092363318491381
0.55907028411820370
0.48598058711201264
0.76899421064094264
0.37032245289606158
0.63637461798845274
0.60943457901313980
0.67467397245705085
0.40126393602753729
0.46711206179138198
0.41876793644502253
0.79241452405282631
0.61310651947401795
0.49509485263525393
0.52358325230713976
0.58394140673342187
0.68158582588375438
0.29529687840511254
0.27551129730388690
0.28129654826492240
0.79487636691278307
0.39117948817889370
0.35747159151129249
0.27621565952389610
0.73289255939008990
0.44391762602278839
0.62277551484615756
0.33652963768292188
0.73942963647511750
0.76090965152967727
0.54777683766427876
0.36885177280304049
0.54193808308639146
0.80208130980542869
0.45283028045567464
0.27475417602391705
0.60710795662186579
0.51968934740709527
0.57051766290701944
0.39854379360877989
0.47015481853717622
0.52430810755858759
0.49113002818539109
0.36112371409906707
0.30553578166603290
0.51150561292536145
0.68920845917490980
0.27039514366436784
0.25703704868556387
0.52513304498551261
0.64375178349611040
0.32799358576239873
0.47469957198094248
0.56767016316185326
0.51599568642700078
0.31774222717761047
0.58244307490892044
0.60346361528703252
0.41383710733280821
0.18946660038613017
0.38955593215415774
0.62234928879564089
0.47003917157755509
0.48083402015811161
0.17964626051291299
0.75240897799351258
0.49673692203481173
0.46500803140192204
0.54924898592109750
0.47107358391304832
0.70369807331354683
0.40978450741002181
0.75255752699615941
0.35020374303363433
0.48267958342541234
0.60178769901631535
0.44574628470636618
0.26568562865672052
0.40730084974241909
0.54383376578929543
0.25908256454289480
0.42092877978160043
0.39054667431204776
0.51814462457900556
0.41464763276466521
0.71683214846863630
0.61214326087358373
0.51112005834897078
0.45648340443195201
0.86605593057091068
0.45076963272329712
0.38581080652026672
0.69586448967136771
0.49631520321942230
0.64824435405027114
0.41479654577393921
0.66482745476498462
0.54179335036580001
0.37894362109674740
0.24146126234990878
0.19817624632326425
0.63811058804721399
0.69537138236316531
0.34029317975650519
0.35072089304944454
0.31955076285392503
0.71763176792891337
0.31546328875379787
0.36184695707973624
0.24158926190926716
0.88158782501659039
0.39493539812649020
0.59370274704950632
0.47063113685301716
0.67102804901289614
0.49932696002293653
0.58611214804027323
0.29678126488158019
0.68639099911270351
0.68541033727487244
0.47907304513645577
0.63130251684364846
0.57929860282580958
0.82925828713673977
0.41591849231412487
0.23386570387754468
0.65848077666222760
0.60499718233439315
0.66434847677120290
0.32029004681892231
0.36455734965902586
0.47389571147928045
0.77483076988441191
0.31609273245328540
0.39110317087755020
0.42191642084078895
0.70646786336630552
0.06451666502284198
0.10048603338549844
0.48741406632871737
0.57683582934302380
0.37333608399779838
0.54985247844517438
0.60639539659665986
0.30858588660304132
0.38619014332651069
0.48970472611002036
0.43845082005325819
0.37344838675660763
0.42171075225825838
0.37974322658479198
0.74216717148587241
0.43704426403547958
0.41727897672449882
0.14822032531559487
0.74328824365733381
0.33597773757388255
0.42373055193560138
0.77509660731923591
0.47251352590279977
0.60443832520969332
0.60707240714872746
0.65736588569461962
0.36489364882540065
0.40635609738221823
0.55749485912914754
0.39382354130846359
0.28415497013821878
0.28694291687968743
0.42748002105205951
0.47517016105529786
0.51425376671535694
0.43146432537695834
0.44522555522601248
0.57212250295097378
0.72100510026672049
0.47150137218363503
0.44096946338447607
0.51154412420309159
0.71490531542282221
0.43933937445050941
0.37211583021216610
0.60476039324238828
0.57179318190636252
0.44838334306623273
0.38742454926600284
0.27896661564194403
0.46232261273519504
0.45433358018038073
0.32883517610212121
0.36454684275919658
0.32590157094938665
0.64511448064311927
0.22112347759061615
0.64721127451558924
0.24201618168583111
0.68924835899972592
0.31979376290620182
0.61615354142378054
0.41992616332294119
0.75467620834650739
0.54214963922524673
0.58641679557495141
0.55845750053723076
0.79110731880678564
0.42724277112156173
0.51731479615459786
0.67275338427303266
0.78554943962842416
0.63639089218747935
0.54247761216874957
0.55069584451725873
0.84953482156986893
0.61193550427692656
0.50928015136156746
0.27529808313726312
0.38333164374991713
0.49952900799894923
0.90982462581337964
0.37280498621864139
0.61814648950097972
0.40940982051956298
0.79771150112241840
0.20121124914265798
0.28517881558140867
0.44096703053408876
0.85034319318213192
0.28796571014878691
0.46028382066987761
0.44612678251890331
0.36685687042834225
0.58175269175406408
0.77320964229544720
0.55454767097427560
0.34269254229027435
0.45641916314432152
0.56833485989567745
0.63100819835941313
0.33051611244509072
0.62930188087433503
0.49743980845010105
0.67034949069750893
0.18874856759734815
0.61618981618947111
0.54629996168271044
0.56106303854998718
0.26497466494527577
0.58881895709674792
0.69033103451494893
0.47378569493821954
0.36254940524799906
0.82134316006354691
0.59299526916869172
0.21812563545850649
0.18629873694289284
0.44399559676464090
0.46045612043423395
0.39650270952366362
0.45509102899260434
0.51431834839049939
0.80717316207950252
0.91514333000664139
0.31419539283951575
0.34481220314821903
0.51718757808688864
0.66133162623435093
0.37123743405901544
0.14095428750799333
0.43045119596327625
0.64334991285174492
0.38379949844751482
0.28943895813953802
0.37026209144467831
0.51168627537427014
0.45542710572052486
0.28417552200424745
0.26516964909483171
0.43680963315712212
0.67485655389006571
0.25742061157758367
0.40179957844209357
0.23925730942593609
0.90119599892148772
0.27611484579495144
0.64134368703804434
0.34808078802848058
0.77928524525117393
0.48210034419709391
0.57428372405974681
0.60243801317033308
0.86874120215175721
0.49586583621531027
0.56256018791444684
0.77177640183307061
0.76978743549060946
0.30439957144674490
0.48245705368810754
0.62714626780027172
0.85193222878082286
0.58360398592191398
0.50773280102000751
0.46496056339564418
0.80119716723027623
0.51218681533348109
0.75565310090804738
0.37729240138239206
0.49293707048032487
0.44178074667659339
0.91258368731148443
0.23031275963454717
0.30226376394997201
0.35906278036702222
0.67009714064807280
0.22855566107257910
0.29064335825869769
0.38012605040310526
0.70077358120365574
0.54879758609994522
0.69485106653801787
0.44375976999392480
0.40874722577252798
0.55644183615610310
0.62168122307386864
0.54061628525896699
0.39363438307062826
0.58293346465910401
0.76687240900565390
0.63421313730551232
0.32287776597573792
0.68563172202394818
0.63766996035150636
0.68319358765314819
0.36809355239727348
0.61631287197122764
0.44705017323907925
0.51198605323852031
0.23359377337367171
0.70351132548191908
0.52223585220494761
0.52498691337563663
0.32285489438252274
0.64761874957701915
0.49830146547361787
0.35101275883554306
0.23990648336878334
0.54230184227521583
0.69036607844531150
0.75399362002571868
0.31145856845209496
0.60686495143333685
0.55110222277480081
0.91377116810649339
0.28545150620346793
0.64472072780215084
0.25963621482578869
0.35785291155191423
0.26490532075429862
0.35914764014570899
0.26411873705633515
0.31013597474655763
0.19117820800072871
