-0.70437297911408669
0.93758993771430710
-0.59910025657706345
0.91117000798202064
-0.45623571101869753
0.86926802141318571
-0.28308250712850636
0.81704159196670678
-0.08626438189067033
0.76441644988345192
0.12529868706337710
0.71165452294675069
0.34464831565277332
0.66837557893792243
0.56313193605585488
0.62860399621638596
0.77118647007795149
0.60671236635387826
0.96080413854389868
0.61065144437697061
1.12322836292374051
0.64416834724961225
1.25464054730706964
0.70965670095064215
1.32712232257189400
0.79374667349646999
1.31784665473320173
0.90021186497307004
1.21425608130131168
0.94489697860757393
1.07623576086517558
0.94956656490284863
0.91930448928365960
0.92417285738391275
0.75350865851913462
0.86232000036107204
0.59558676914433673
0.77008386260731720
0.44541359948995723
0.64062612914985895
0.31250718752857154
0.49047558519230378
0.18991037388143125
0.31989640036698680
0.08336529118558841
0.15499833189759285
-0.01287922863330445
-0.01010844776375025
-0.09712749570338183
-0.16035883427478173
-0.18178618126455584
-0.30955424411738558
-0.27054418918758449
-0.42785745828935073
-0.36942481050462384
-0.51581908240575924
-0.47405140974987231
-0.55391154487917393
-0.56888859175486772
-0.52520671811645148
-0.63297976809667822
-0.43780204959553148
-0.67316558038381313
-0.31838475687717588
-0.69360695218785040
-0.17981113107183810
-0.69243818455001105
-0.03244256411775265
-0.70476854258095822
0.12700317874302786
-0.72920318675995832
0.29469422570097564
-0.76443538103619857
0.46579192177041884
-0.80097577911687245
0.63342608950069201
-0.83177228397988490
0.79282416492366925
-0.84508765659683893
0.93784459605264381
-0.84451388402000183
1.06527251014860425
-0.83690055870870939
1.17299289716291577
-0.82721974733296477
1.25938104189606381
-0.82030959625290945
1.32112330319759241
-0.73045578189517923
0.87480256484774321
-0.62221072497629393
0.85125004970542251
-0.47585621168318754
0.81037754050510424
-0.30166356237311021
0.76160662462423345
-0.10282840336602710
0.70774208843123398
0.11012161635458219
0.66114213032757840
0.33104825159227730
0.61760440572792252
0.55207792305700065
0.58431129172645790
0.76371627141566534
0.56827281368064442
0.95559538671802013
0.57357855678249170
1.12704051285465368
0.61107384161314737
1.25779381968046211
0.67595705260654637
1.34402828416803177
0.77341848664224722
1.34730721843653489
0.87429308123613814
1.24780848736797423
0.94115877895420563
1.12186750335824215
0.95847923171160865
0.96432071278076781
0.93316086960984768
0.80446295826404157
0.88082201703449658
0.64727675605284818
0.78666617523115079
0.50118350471101791
0.66709808408527893
0.36764567081366289
0.51352895830535206
0.24977045198257347
0.35571732557738844
0.14046699841278384
0.19792808480849627
0.04510564028087067
0.03869882620965329
-0.04692806936290163
-0.11758515668080430
-0.13563680374650619
-0.25368348923942935
-0.23056110474603408
-0.37346480926495901
-0.33078091286160705
-0.45793105461946731
-0.43453337973257888
-0.49448443614678539
-0.52808278494233707
-0.46454255198475464
-0.58873786686591323
-0.37573156752114406
-0.62902910071196361
-0.25527490529906022
-0.64851351724263295
-0.11661101664950958
-0.64838394689102441
0.03247611284415894
-0.65774661913181443
0.19122858841597062
-0.67560842861116366
0.35624751308961494
-0.70275593930439306
0.52255845194784689
-0.73129852531900374
0.68427637759298843
-0.75606476118777444
0.83648082008093272
-0.76399845988625981
0.97301615819105769
-0.75612671399227771
1.08873390080294219
-0.74248931216563163
1.18313804910912856
-0.72834424703362888
1.25550510879643440
-0.71757834536037468
1.30455520948816095
-0.77053864328226562
0.78599659246566000
-0.66233783211777453
0.76655984846539826
-0.51483663569865112
0.73123468772723776
-0.33569351254711793
0.68385604485390072
-0.13662674068480535
0.63883221679122704
0.07859287912600287
0.59273719414475023
0.30204895287020828
0.55775673082344979
0.52393030814664021
0.52972823431171767
0.74036552448069870
0.51985861327070115
0.93818342538263166
0.52989607716539255
1.11360750183241963
0.57027680884931276
1.25167223331025124
0.64123599896359895
1.34777186052963138
0.74225370713544991
1.36062082599152334
0.85684064695249040
1.28873216581567585
0.93970910612746206
1.15755764832821129
0.97687236576571723
1.01516304468182739
0.96914694044284255
0.85812439164741960
0.91678101740984541
0.70946305483573380
0.83720966499107252
0.56508260509871011
0.71435482779846360
0.43847562819115721
0.57655034111493630
0.31714044034358774
0.41783937735607996
0.21126346191133391
0.26839463910164174
0.10819650311942663
0.10724614097609927
0.01174009631758566
-0.03865785168652748
-0.08648747063274446
-0.17801580003665440
-0.18654223023371672
-0.29096276041111058
-0.29341726867827261
-0.37192529789582190
-0.40037896375749937
-0.40588518844202470
-0.49218350737018823
-0.37238655891914330
-0.54821370416124882
-0.28183338154175425
-0.58587055039094849
-0.15939255755241999
-0.61098174137538530
-0.01841249535292809
-0.61508507730258333
0.13233035355876691
-0.61970610717625596
0.29009487783022780
-0.62321267813234482
0.45065656395491688
-0.63563170655272749
0.60984774380018636
-0.64964140084113098
0.76180004510087262
-0.66180228183375756
0.90263148218860023
-0.65795415238299093
1.02490111291294550
-0.63854311457633306
1.12316743741052405
-0.61537059163193530
1.19720184727121026
-0.59416133851151465
1.24768687619277796
-0.57802180927764157
1.27612959573892670
-0.81027328789084430
0.67781030429208178
-0.70338570986897908
0.66142686114717186
-0.55587907686284888
0.62991634239658856
-0.37849218532259554
0.59230923016276193
-0.17858867325235242
0.54948051121256036
0.03453070923124686
0.51641196999859118
0.25884558127059154
0.48729921970820395
0.48473729001785321
0.47214465664345578
0.70045362028011038
0.46676507163988457
0.90294668028151459
0.48696754296303563
1.07533999968313032
0.53413139550338995
1.21611567731319603
0.61674409796190566
1.30738160096930134
0.72356957511960529
1.34479367064234578
0.84907371471835336
1.30468744878471177
0.95751227563058949
1.20342037587143325
1.02380895746084155
1.05403485604457048
1.02801139238036465
0.90964338853271676
0.99221350539399511
0.75900804881926864
0.90984454783422175
0.62825958766687118
0.80297573513134757
0.50109373762856324
0.66298083736168523
0.38922159387412986
0.52130570871252568
0.27624266866822333
0.35882078157380792
0.17015468718504370
0.20518354815949494
0.06262844919495729
0.05289925463798525
-0.04519748639456028
-0.07832227233823107
-0.15637163075075591
-0.18825343643119807
-0.26982454640056469
-0.26489983273808976
-0.37882896170786978
-0.29656615763121724
-0.46926306001406315
-0.26042480397706280
-0.51724687615113774
-0.16725568129111490
-0.54372352337871899
-0.04546716506360458
-0.56374161897291653
0.09546069386424517
-0.57233407388153501
0.24791532140744327
-0.57841876106442636
0.40529917349060263
-0.57208190432777251
0.56234561062318034
-0.56452772208917101
0.71271656206417433
-0.55937561170380556
0.85267735437324188
-0.55309363063015349
0.97774353185945040
-0.53134914794831734
1.08049644304048642
-0.49659876478622933
1.15555424445971089
-0.46127309427667568
1.20294268235386048
-0.43274013751553669
1.22671510735618083
-0.41245868530885454
1.22864937449714229
-0.84216512942595823
0.55259576373348873
-0.73867602517775843
0.53961592256663171
-0.59427606584573656
0.51337123507115401
-0.41865136089370608
0.48172847043600298
-0.22076646984986745
0.44723829039120572
-0.01167404244406105
0.42560106115817326
0.20758459908910060
0.41216087498449266
0.43077082712471193
0.40946315455630033
0.64464956977518706
0.42217391501566071
0.84228153035105147
0.45534345601393367
1.01315751331988979
0.52074614478046155
1.14820713678262831
0.61623596673818481
1.24156112735395596
0.73983362672340891
1.28502258237797373
0.86662553566165224
1.27735022379720120
0.99398419686610984
1.20379613104564176
1.07767970501529242
1.08428479971771652
1.11344565577795573
0.94541955951982737
1.08454170604519518
0.80922796949840525
1.01601303935104847
0.67332121973248060
0.90836339618181472
0.55443300871845247
0.77914531379628238
0.43909295843300317
0.62303831583900082
0.32695110551942441
0.46944122987632292
0.21293447869816012
0.30828995510303142
0.09565988254937102
0.16379129466475770
-0.02455367479788819
0.03400749638196778
-0.14710817742373369
-0.07069592802447684
-0.26567624037345744
-0.14435652229841428
-0.37650162347310911
-0.17354514352594333
-0.46229531339214386
-0.13504516546917572
-0.50055443703200919
-0.04004294947232111
-0.51673587492428275
0.08103447673166828
-0.52205896812033403
0.22159811043847288
-0.52368418410065753
0.37291507227418580
-0.52785865735793036
0.52769878268657033
-0.51239367536348090
0.67870197283182832
-0.48769022399227380
0.81917662771705302
-0.46050974437557135
0.94400212053587385
-0.42790872376798189
1.04832550609364694
-0.38117741592338222
1.12562040463814106
-0.32801378787736851
1.17204841610364507
-0.28105553406205708
1.18819183242686655
-0.24675494272344922
1.18306768532605044
-0.22902917220751062
1.16351331166870087
-0.86222244267644621
0.41045696478636035
-0.76168500916209403
0.40172566313871433
-0.62170043315265455
0.38202576817112371
-0.44880077237615013
0.35831066345976081
-0.26057406481935741
0.33746824770995659
-0.05588589407621297
0.32458463291937284
0.15758643125711097
0.32636507516376079
0.37252879603958272
0.34039407969431773
0.57555262028424004
0.37164534759295059
0.76316053388761940
0.42843751607041275
0.92655927764297674
0.51018142372507169
1.05622405928099994
0.62242358429773026
1.14795881922369380
0.75017836926332426
1.19854986983677470
0.89079024958057440
1.20217567216162036
1.02309045003035126
1.15572586532290256
1.13473705690341209
1.06000668921804042
1.18950862914478894
0.93642786404076817
1.18407666346853802
0.80837228751335866
1.11928336446372456
0.68574856314829513
1.01825705890903184
0.57427359352320462
0.89059693895711389
0.46173104624759725
0.74007707749517648
0.34867721975020777
0.58267339034767274
0.23076089212046555
0.42772721589412394
0.10451013560040989
0.28085039895716674
-0.02652352863647895
0.15417101311352521
-0.15921963566773553
0.05391481585583106
-0.28214704352359365
-0.01740454843172815
-0.39366534928070035
-0.04486777474275799
-0.47297682460197971
-0.00445094045955981
-0.50196554416379235
0.09221842650900927
-0.50792926418373652
0.21304543228543465
-0.50545700198210253
0.35324852392737344
-0.50065072835203139
0.50218662726708141
-0.48589330516638557
0.64988669471690319
-0.44910806334021142
0.79072121319096578
-0.40363097289465505
0.91740206160434545
-0.34677151497482800
1.02228456911575227
-0.28059158564065845
1.10086288012262257
-0.20399302714889814
1.14864099226246186
-0.13345484610600944
1.16431752986643833
-0.08404904484542446
1.14868636698563753
-0.04934005848757202
1.11921753845981664
-0.03376651376145360
1.08346527808845861
-0.86676352107227661
0.25471729720832781
-0.77189287233120252
0.24951303229097221
-0.63780949781282115
0.23590210844461101
-0.47577922783228366
0.22349003583913787
-0.29693092569403873
0.21274119819697326
-0.10783034965954033
0.21624762305040476
0.09390117805364617
0.23063731301691487
0.29878740947722954
0.26497585494324449
0.48954684056228248
0.31755885362414399
0.66558877322969801
0.39373628818215284
0.82038210545173218
0.49605383110059897
0.94215303062842459
0.61700417019048925
1.03203417658755647
0.75817744652439600
1.08242012956055489
0.89993133657898228
1.09448226623082534
1.04558465105442511
1.06345145161159937
1.16689709669567709
0.99397815700944414
1.25707171781875582
0.88767000091802417
1.27223758675986454
0.77322636052873550
1.22876382226612502
0.66865015212601198
1.13030398409725841
0.56575802441119838
1.00254887329757136
0.45973015785986154
0.85693462461431014
0.34767406029408060
0.70170189680486483
0.22454159084259934
0.54751203174872864
0.09447589817257832
0.40359672079241532
-0.04235937406271829
0.27649358864508417
-0.18194542968204169
0.17754653615089633
-0.30749658948511066
0.10905465669759842
-0.42092414614327106
0.08121831789801473
-0.49826369911489582
0.12441273664896819
-0.52147789676565881
0.22100887718431916
-0.52275416321137835
0.34246538453911629
-0.51077376502282179
0.47915344485006445
-0.49107179754902819
0.62144763466148045
-0.44842776383440996
0.75967106909120752
-0.38046745611635174
0.88659299985736584
-0.30094607253555972
0.99310780767778029
-0.20766568058755183
1.07410778959451214
-0.10951798286293758
1.12481345910113628
-0.00698179480244238
1.14504829470033775
0.07302518277460567
1.12869516540885950
0.11902022032061110
1.08527090856952158
0.15057097063167443
1.03580109207097926
0.16276020127196006
0.98964364558069495
-0.85386259119176400
0.09001871677679846
-0.76498033839897672
0.08662292095357110
-0.64156884056892860
0.07982568424856785
-0.49051738452290028
0.07493225010754583
-0.32769389750961764
0.08009280606454042
-0.15039672343606375
0.09580291024967151
0.03484767791977501
0.12874260758686676
0.22391783240375160
0.17703333275336547
0.40099928011278391
0.25020596819835644
0.56122240200595874
0.34653280840422079
0.70113585445246074
0.46398845296195990
0.81532872565183057
0.60486648503333551
0.89944749915875677
0.74996719516291721
0.94850206969136452
0.90611503261228410
0.96225851383844530
1.05425786298721191
0.94371810145949386
1.19016937946862811
0.89005028691426602
1.29372067558757253
0.80423312789883961
1.34715994516511728
0.70298183073433751
1.31770575837250914
0.60864965918269942
1.23089335629261787
0.51413192427539656
1.11083782380478069
0.41276078946955019
0.96960197297680095
0.30279029969500149
0.81804220168466302
0.18205910333290468
0.66609738099079585
0.05335147329684806
0.52442425623956401
-0.08103220755414256
0.39856880545216744
-0.21429102462002769
0.29916300701876536
-0.34001010837090861
0.22816979781886262
-0.45168454513272627
0.20213395584845983
-0.53308514865890355
0.24243350495452048
-0.54937397196884685
0.33921970762501003
-0.54203657905874603
0.45933221176602829
-0.51608320549766995
0.59090200105366153
-0.46284593714006322
0.71993189322807460
-0.38223487510580001
0.84353999100661825
-0.28255942231540743
0.94963373861269407
-0.16849574913265550
1.03425390137804962
-0.05067926330737001
1.09145806267178291
0.06547975742646471
1.11382586777844894
0.17123554130424054
1.10207300506969053
0.25433210510899640
1.05768862910052275
0.30590184952539645
0.99378762186393710
0.33822524472209459
0.92827003875164593
0.35124674755829705
0.87399223076660959
-0.82423135741370679
-0.08188364505927315
-0.74292252506271284
-0.08223287194861247
-0.62922907920650273
-0.08343273743899222
-0.49456048685045428
-0.07837271560804945
-0.34476930047166937
-0.06248928337616373
-0.18736325559680891
-0.03047818849574565
-0.02018555769101775
0.01551211266159005
0.15012819475804498
0.08361618213101349
0.31250987188871338
0.17310106386767476
0.45639709798957978
0.28632361282134994
0.57981157799517957
0.42202064743292839
0.67802319115394460
0.57080016875583661
0.75232214180800283
0.73283756862059124
0.79792267595977162
0.89041206390871463
0.81358056986292970
1.05118689970979284
0.80019460024348399
1.18901359930289985
0.76140640462226117
1.31485733840395258
0.69438024060430636
1.39359307220687723
0.60587070495715190
1.39507173532530571
0.52126475961615271
1.32130952119531053
0.43486603512482747
1.20836336141570277
0.33995704681516048
1.07512627149274254
0.23385934915362622
0.92745027484384313
0.11722308503896688
0.78035609691600449
-0.00613142829222867
0.64066354870191244
-0.13202629948258215
0.51709681769875115
-0.25664579925448261
0.41409487854137417
-0.37275470478098938
0.34268277624365595
-0.48051392027044049
0.30834711191852504
-0.55911957550002989
0.34736953427256356
-0.56362887660024930
0.43883869756649735
-0.53088688026130026
0.55390768496974274
-0.46587963963318868
0.66700731648796419
-0.38216970733061667
0.78008698319452485
-0.27533301696064977
0.88091086643608019
-0.15270451626538073
0.96753534722620027
-0.02039751610570627
1.03214646067653448
0.10997534198654804
1.06309077690618370
0.23322695207903946
1.06013258905471108
0.34086747848065613
1.02091063064301557
0.42376253684542226
0.95434399573145290
0.47826172500564518
0.87524026155973567
0.51300910662345012
0.79603371346562901
0.52585749486088407
0.73299877259961310
-0.78371178088749227
-0.25614262061063653
-0.70833635185022781
-0.25351432863422585
-0.60427621470532211
-0.24862886171899848
-0.48102021981793897
-0.23540089819295559
-0.34798677732342831
-0.20827112851772528
-0.20813340543354261
-0.16551511123715718
-0.06440939085666975
-0.10104383134802807
0.08569227988451630
-0.01764961969078732
0.22509660131297032
0.08986280937184631
0.35132638391559329
0.21640148609185350
0.45413449446304405
0.36198371456243905
0.53952268676879878
0.52651607173187132
0.59967948381126934
0.69126262165941699
0.63873677482902580
0.86568691102575501
0.65148922295071376
1.02336643671595762
0.64585189127380238
1.17988956636553488
0.61772386093455212
1.30976792264910125
0.57041187662975035
1.41646809579066035
0.49560794266862762
1.45238714497478183
0.41839709600874614
1.39978555148520112
0.34075569705233466
1.29802390093404840
0.25236782754729492
1.17053947465647368
0.15417432208513104
1.02932966994769570
0.04406295850777195
0.88654625656455599
-0.06871998268961652
0.75112774354850642
-0.18343310491357681
0.62737461115257875
-0.29230216013904620
0.52465396613094983
-0.39589169656983686
0.44358749602760639
-0.48342789353695542
0.40628676050499990
-0.53672981364539030
0.42225174667020804
-0.50688967588399969
0.49915654139609145
-0.44242177201770350
0.58567507801790941
-0.36425121347404693
0.68682169805603099
-0.26331506350466655
0.78260847393077460
-0.14609623408568587
0.86983309342508741
-0.01290264609671736
0.93872489925504798
0.12645719182166590
0.98340113711458588
0.26069760153492388
0.98887378986631047
0.38566064292657648
0.96254003843141189
0.49311355897068271
0.90489861104065283
0.57560437574497025
0.82138502833814098
0.63136680690584046
0.72886656473601552
0.66386859269642107
0.63866230509797217
0.67641269170708007
0.56842462565900298
-0.73588158471027376
-0.42823269988464685
-0.66508160451931686
-0.42250132991416334
-0.56764176968667490
-0.41321133513897518
-0.45499857938454907
-0.39248483363926245
-0.33479200759126843
-0.35660234496781629
-0.21266997024665696
-0.30188210871899740
-0.08845115844758697
-0.22712284081835732
0.03311459635549712
-0.12157387173915409
0.15137166378824327
-0.00157452986452549
0.24983007434717042
0.13832555485927359
0.33227745458398211
0.29397062161145776
0.39489806039950459
0.46194076154018587
0.44690415382345478
0.64328476124792744
0.47547932913544433
0.81241247572795483
0.49205476023154449
0.98632045800537094
0.48552085166728570
1.14312946782519553
0.47290037054749623
1.29450067280109149
0.43758679674717998
1.41193311745208261
0.38385453750017212
1.48991883220331855
0.30937047831792697
1.46631063634501646
0.23972700242484007
1.37701565475195498
0.16175637663953527
1.25910838182184892
0.07264749667872727
1.12341133776362012
-0.02762317419373881
0.98446583142032706
-0.12912654458786474
0.85001041876042072
-0.22387531934970012
0.72816151253671590
-0.31420496189380148
0.61825432051563911
-0.38983943009240696
0.53476727115848310
-0.44689882553585214
0.47013684754977514
-0.45361715534680508
0.44225060548339584
-0.39903765374779032
0.48477710141083080
-0.32697449862626932
0.56122810247154153
-0.23887792670636904
0.64688717909254423
-0.13672501961369449
0.73478399653111448
-0.01291389959678085
0.80756630073052960
0.12208943719121722
0.86174694337721103
0.26129929152102516
0.88806298443576737
0.39353594118677998
0.87341871474230648
0.51549724561158738
0.82883671474957044
0.62103618514949588
0.75481578390284643
0.69949007515888595
0.66199952439828658
0.75300210518495225
0.55717864243074389
0.78399377848548635
0.46193848651179853
0.79497352903361196
0.38461630967136334
-0.68543706336920851
-0.59322402913317163
-0.61686553798087884
-0.58531608248183520
-0.52456196912279296
-0.57178930133670203
-0.41878660769640086
-0.54565449419695145
-0.30927375120090161
-0.50220370161148453
-0.20084725509511198
-0.43937273691859385
-0.09796024966141258
-0.35145135862291932
-0.00135501066998426
-0.23813556584833453
0.08505756042039708
-0.10342650965013848
0.15873387278903764
0.04599442090532438
0.21468026600003781
0.21529114471744823
0.26688820455761419
0.38829803713870947
0.29918052738496237
0.57448932468356029
0.32503707801775089
0.74862389578795607
0.32937120345029858
0.92972913613736818
0.33465948359438275
1.10164083398623203
0.32332025033783623
1.25733411292612018
0.30617687120023557
1.39604633022562075
0.26380936538746658
1.49368928312759319
0.20207527860077062
1.52088251906425742
0.14019294810264080
1.44798725123485372
0.07287460643638920
1.33802061864377286
-0.00370293171609048
1.21048754018467886
-0.08830847533812070
1.07164551879688341
-0.16819628856574656
0.93792898233810429
-0.24079213722158946
0.80870098831587356
-0.29592201729936846
0.69108738789340096
-0.33856618210455136
0.57996069582538079
-0.35261906058359277
0.48982471466757044
-0.34289966469235394
0.42350535821080171
-0.27881849686183735
0.43909122592461775
-0.19837628807117219
0.49427248516155586
-0.11279419366365244
0.57461792225003328
-0.00476577721582991
0.64752955218826846
0.11445914313676046
0.71088745065119108
0.24815746985633394
0.74970853378040914
0.38011081783065542
0.75817632908958599
0.50402502428772322
0.72505573068783724
0.61891231881161624
0.66355856532421731
0.71329274379553387
0.58026787860360396
0.78556525811348688
0.47631018103830125
0.83302352294525583
0.36977617567944165
0.86151031980703152
0.26550122824873768
0.87296337700913518
0.18926846137493913
-0.63621201145844941
-0.74508225445817811
-0.56755279512516665
-0.73441551951084638
-0.47853100443416580
-0.71762629840462799
-0.37880249244709518
-0.68816095980933967
-0.27612706583447355
-0.64019028750480134
-0.17907623699099612
-0.57054627812480774
-0.09442615851195502
-0.47546796570854366
-0.02423484403304234
-0.35285755650545603
0.03603365167187576
-0.20974649975560722
0.08121811253062511
-0.04878523697478784
0.12164200736807991
0.12183990249146674
0.14682106256586458
0.30504454146686283
0.16645258159753892
0.48800896132983440
0.18026948198014664
0.67851671909517564
0.19250583972601609
0.86363732970024598
0.18799670112682584
1.04538635219153431
0.18929259837452492
1.21495278051995315
0.17382170493142499
1.36203870240352143
0.14985953346873407
1.48408711110362712
0.10392234121340112
1.55409102505649988
0.04703372595781971
1.50528522693760580
-0.00355986895846081
1.40599414245722132
-0.06182687201874483
1.28273443869910775
-0.11742996893328887
1.14639313423748379
-0.16480683130414542
1.00285970444019235
-0.19411388405686736
0.85808314203719960
-0.22048099690638090
0.71427920727039140
-0.23369042851211949
0.58584490273466894
-0.23638946987777701
0.47353428587969043
-0.21117173371914977
0.39349540457567656
-0.14791402793790942
0.37266083461692667
-0.06789273507900725
0.41062387794974198
0.02237876645906241
0.47134865893471473
0.12122014657312641
0.53625032963002939
0.24000916270842781
0.58586916481025819
0.36270586830717283
0.61158116041969723
0.48591365664308872
0.60349556817170380
0.59743966781727798
0.55510425852512923
0.69177852505208015
0.48166321566379511
0.77323216547852947
0.38544836390175391
0.82902182227305765
0.28209262019099512
0.86981349857011236
0.16627280894777033
0.89194369944428231
0.06578442130896503
0.90141572898810052
-0.02336831490844729
-0.59418333428278336
-0.87761810282622021
-0.52371318512743459
-0.86475230927889624
-0.43415812216946759
-0.84600797030192698
-0.33618431043114533
-0.81524807948261502
-0.23896719488271911
-0.76581642190890198
-0.15055146019189897
-0.69242044242424383
-0.07914045507194759
-0.59221186257974545
-0.02875298648335610
-0.46622714104797142
0.00563426454232946
-0.31601315733594704
0.02904741727308711
-0.15232884173020261
0.04128964634445233
0.02344951221458599
0.05517358038565871
0.20428781867025006
0.05714911222870898
0.39921662139582270
0.06837473310991124
0.58815958397549983
0.06730300910527555
0.78650849212845630
0.06995833405192062
0.97698886487192782
0.06292022796408578
1.16194678862741174
0.06022590157156266
1.32131653600738774
0.04236626033057538
1.45594771697949610
0.01973769336508631
1.55776072350974903
-0.02132973531689114
1.55077438407922719
-0.04691223897249134
1.46178065385833711
-0.06094587711261871
1.34050576026493484
-0.07400134190548847
1.19301889773283798
-0.08430022277161325
1.03245361791155976
-0.09671478908347665
0.87051042345878749
-0.10244126049522462
0.71417813745660519
-0.10525851993023100
0.56993136303109881
-0.09318923153893234
0.44510024650618607
-0.06531907824370453
0.34583197031068236
-0.00462969993576713
0.29926036179777687
0.07572447731116927
0.30613143318560132
0.15275511947119752
0.35895382858280728
0.25178401489115287
0.40559875242844340
0.35611650808381412
0.44197145612232719
0.46888455433933340
0.45516928166044557
0.57673908381674344
0.43451099737315585
0.67098218282775068
0.37341657057307504
0.74579010064441198
0.28714766758787552
0.80260769821321476
0.18806404032763396
0.84606088932081824
0.07791299565404816
0.86756341925510527
-0.03767908920270636
0.88443561399713988
-0.14571613423259500
0.88657075493448800
-0.23029542807542835
-0.56113948628058363
-0.98399541194990581
-0.48935016536394427
-0.97273266656472057
-0.40016831655925883
-0.95454029517134553
-0.30110962424893795
-0.92380688734453131
-0.20362575734020663
-0.87498214454769496
-0.11957744850711910
-0.80163423368744691
-0.05410229831711304
-0.70043021614091006
-0.01531279833774863
-0.57187399910029724
0.00544575183734728
-0.42315038024268664
0.00964255387408611
-0.25467011728969219
0.00795838456403036
-0.08059860642930118
-0.00027886603454806
0.10721736596476530
-0.00973777962356005
0.29353077231000130
-0.01509561995072887
0.49850865063496763
-0.01722872665162560
0.69739859414302341
-0.02554539473800652
0.90465526160084897
-0.02543450815053953
1.09558665942087052
-0.03100548504317197
1.27451371777692568
-0.03426409249372517
1.42147512632916828
-0.04293737201106383
1.53099052282414250
-0.01356969385972406
1.56800335439600858
0.00714184839443279
1.47514568029212212
0.02334985344417976
1.34715576225767042
0.03174842922782633
1.19710126215013712
0.03523245906650750
1.03211074087086163
0.03572746318600956
0.86439912060248447
0.03902593583485217
0.70045263366505450
0.04492573021790926
0.54717303539762219
0.06544428297639873
0.40793806988341091
0.09395267733051407
0.29694437172090610
0.15397040584590638
0.22308915425748457
0.21638312219109473
0.20250245961363711
0.29208141583762848
0.23016898996388163
0.37205211124867665
0.26380740713635770
0.46721084151803749
0.28567284869381160
0.56219148067481661
0.28700639658642124
0.65244549351136927
0.25541946880295013
0.72531247861986681
0.18510822642301905
0.77595903336363536
0.09132826214213326
0.81430547224890903
-0.01445781074826304
0.83544048941754689
-0.12665887306715556
0.84387689108270891
-0.24354845971305750
0.84457809922521121
-0.34196224473657588
0.83420556202124874
-0.43853913557770891
-0.49930655317546585
-1.02393204777022540
-0.42603390830671051
-1.00977819189161311
-0.34382673719560386
-1.00456616633101503
-0.26346764203764977
-0.99775489995443356
-0.17893522061762698
-0.96346041666361959
-0.09362935472513302
-0.89565483845939942
-0.02799479021303552
-0.79601712188707729
0.01065980099861442
-0.66890620843315474
0.02768290046147353
-0.51925721063804942
0.03172251127045747
-0.35711822571409707
0.01841088508786023
-0.17674370123116975
0.01061573053841074
0.00747782313351762
-0.01192305666560535
0.20340371570035096
-0.02534165157317366
0.40759367812006003
-0.04174850648391348
0.61465844601877340
-0.05115795577096346
0.81992447401572921
-0.05949185617473159
1.02487507974694858
-0.05362716329170816
1.20804417407604792
-0.03987851747320600
1.36856824151836531
-0.00568839131912331
1.48897815267094979
0.05075074722031162
1.54270103666727620
0.10474898711032439
1.46412796927425215
0.13297912769083045
1.33870526668542489
0.16025046693280195
1.18740482384720458
0.17450772604629289
1.01909706663071176
0.18677919274129287
0.84872428750925299
0.19775935940025066
0.67858838198402682
0.21328267214479024
0.51556564982640574
0.23277495014179347
0.36849863383664927
0.26977058908840995
0.24749300885058165
0.31090395046933456
0.15288095998598059
0.36103334739035126
0.09617790612107607
0.41674866952810763
0.10678818455979085
0.49079615597913617
0.11641725540207348
0.56478703829307519
0.12287224733323973
0.64256272163876071
0.11169401293084563
0.71068298899255011
0.07226048722623490
0.75656252841886495
-0.00456478544445667
0.78602477642384261
-0.10444907259911621
0.79945267074388338
-0.21007705168749305
0.79951971340628780
-0.32303629491369712
0.78825524654050805
-0.43334163124447334
0.77036546296417363
-0.53298487997996635
0.75389162844743374
-0.61268548896585506
-0.49067897284424267
-0.96581415862985509
-0.41229129404435189
-0.95229701298593539
-0.31880796666539118
-0.95703649907272426
-0.22723658529629681
-0.97697146442124028
-0.14711246174342607
-0.99869207317230058
-0.07407242992926309
-0.96321453277971925
-0.00488999660743856
-0.87187159610565923
0.04219448150093121
-0.74681958315601671
0.07053066581601615
-0.59922520366983445
0.08259593198153199
-0.43011353995824436
0.08286543211593907
-0.25560512664927731
0.07422010816580119
-0.06349494875688545
0.06029519135106803
0.14359205046902207
0.04153613874349465
0.35285154794390045
0.03085390485260937
0.56585409015171229
0.01755558442716946
0.78023868062852986
0.01763353515028084
0.98497134398322028
0.02411490446310233
1.18212495226174119
0.04883002220155310
1.34727921916562443
0.08608719094053009
1.47863733214466175
0.15662038454221774
1.53487611136789948
0.21755235154459521
1.46389976354866302
0.26560059894288940
1.33768157464110415
0.29765292935498039
1.18457336669666513
0.32656267569513675
1.01427587565438171
0.34509719123266830
0.83584095773154121
0.36827117701340478
0.65814488859964571
0.38424703521868597
0.48786017743584370
0.41165387721293495
0.33302618298225806
0.43731239916883319
0.20025690930150217
0.47591845122831639
0.09015683571485232
0.50324659331856558
0.01883879961631390
0.54511336930719223
-0.01321599850451705
0.59348994839571667
-0.02723644656235567
0.65508391897305662
-0.04332730899608402
0.70802789989139758
-0.06844857706012507
0.74983626277014581
-0.11392183221738683
0.77050095638462701
-0.19375542750849947
0.77065504757869396
-0.29257409263730411
0.75364540950220738
-0.39409628960241899
0.73686977348341032
-0.49231537779488604
0.70475426082373549
-0.59743754128336202
0.67477300353104752
-0.68632837904983901
0.64572454689304648
-0.76692109153806176
-0.51500100236568880
-0.88479921605882672
-0.43309556422277068
-0.87073211396006323
-0.33262818017386198
-0.87905946959484560
-0.23016487985172290
-0.90758679130506870
-0.13572452787527647
-0.94652195313574172
-0.05066773385552299
-0.96988904484766481
0.02667016408871460
-0.90953240675278091
0.08880605708773102
-0.79120897043552085
0.13159695577132011
-0.63949147611551926
0.15905218988927267
-0.46983605527810701
0.16872614251716381
-0.27736387124075024
0.17237877184322087
-0.08224493880848238
0.16533343956133359
0.13080930969470270
0.16012428148742128
0.34225262901246833
0.14349339804123346
0.56392809214295292
0.13748759636715296
0.77744948758703769
0.13342792185562150
0.98962866369145197
0.14495383743097892
1.18199734116033217
0.16672920505440755
1.35459510721171483
0.21088911161942600
1.48305119067803481
0.28072468637676834
1.54626257056637373
0.35395115396218330
1.47222914744422817
0.40179481919000354
1.34707373202330460
0.44946001199615093
1.18833993864523246
0.48130543881766219
1.01501364030295949
0.51381795955826293
0.82999755420248855
0.53619753949806404
0.64510115620886266
0.56201183235326124
0.46736888598960202
0.58202081459338151
0.30464560368085974
0.61053450774712703
0.16157456994569105
0.62714546767035195
0.04270566381927402
0.64714880103487860
-0.05546685255551604
0.66253759462842055
-0.11814889161059138
0.70343886713192760
-0.16620222487373645
0.73544620399800642
-0.20569143310786411
0.76162576209397359
-0.24632964496136775
0.77092890175917383
-0.29963482106458211
0.76127986415403104
-0.37553781134126535
0.73368933134388636
-0.46318246609022207
0.69799763842147633
-0.55370296110266815
0.65178731725351935
-0.63931225286478721
0.60315278822456031
-0.72990640030534981
0.55265440335043381
-0.81367247022333311
0.52206152668069050
-0.87846464980502481
-0.56073574300089013
-0.79580936912522504
-0.47490165029850251
-0.78321216073680688
-0.36770110474536921
-0.79512311516715994
-0.25472007906915234
-0.82879146705894347
-0.14561435815593926
-0.87357671409297766
-0.04411155161220219
-0.90928749654907826
0.05687324237011558
-0.88399362203433129
0.13921777317460557
-0.78357777760348579
0.20126164264576818
-0.64091652672903965
0.24274072427955964
-0.46589375959369089
0.27141319576610284
-0.27608239156801523
0.28304164747037164
-0.06365258046838665
0.29016956661365140
0.14608686725423134
0.29133240559816520
0.36472038646642851
0.28397004068041004
0.57743476725090570
0.27654619613167497
0.79907744599210162
0.27806044795898188
1.00462251389945889
0.28531003019350121
1.20157417976768000
0.30888077675286263
1.36614581862909823
0.35172410066576321
1.50061309418698485
0.42655696792014947
1.55745486400859323
0.49761966703509586
1.49223237953415477
0.55618462994003137
1.35917224230088451
0.60036248156961791
1.20020293447690429
0.64678593728482059
1.01890865572767519
0.67881550552191727
0.83077564624324374
0.71173062955421285
0.63940745391432230
0.73077455006777514
0.45533250082940602
0.75528292255011431
0.28324613148124272
0.76781592072482074
0.13393615659215899
0.78449091759412948
-0.00542887014044163
0.78969698559434132
-0.11562303022895007
0.79845524261929079
-0.21767247107710064
0.80651916643875254
-0.28584902279403029
0.81683595853845370
-0.35496761596356541
0.80584603478173000
-0.40818099631306665
0.77931261215422831
-0.46256537488989347
0.73626398306502727
-0.52994218845533836
0.68119730302218462
-0.60234091015072033
0.61726373066352092
-0.67747577844227591
0.55202348474845908
-0.75187949395561815
0.48073345649334076
-0.82673077855427224
0.42253301904922791
-0.89714909283476474
0.38256191308295001
-0.95862669596059036
-0.61884203931969062
-0.70681496660917320
-0.52969022374165731
-0.69766703874083580
-0.41496589473837742
-0.71196840157174224
-0.29212553273436137
-0.74942184493451758
-0.16879534452361264
-0.79721671599148913
-0.04843025650844875
-0.83742405906555795
0.07220010132545035
-0.82764857597964547
0.18209473450559854
-0.74794223071972799
0.26853093677987966
-0.61565171565555898
0.33346368756391337
-0.45057202947016600
0.37660678589280677
-0.25533973638873819
0.40868874375338715
-0.05148005149681709
0.42629266829641083
0.17134071069876397
0.43911398878248609
0.38467130417663620
0.43887219110236020
0.60629206033343586
0.43546572619088947
0.81754532279572645
0.43607892515174385
1.03038816024766477
0.44384780512642819
1.21845108511922651
0.46509275790366050
1.38677641953946362
0.50788872895822057
1.51507145696683510
0.58231830645061344
1.57559353067545826
0.65765314125853336
1.50542837522214201
0.71421133790271285
1.38030631587632890
0.76583025726050125
1.21308602143462640
0.80842588353607570
1.03311103104788704
0.85017490718754551
0.83517749419376197
0.87451934987872237
0.64162500430220493
0.90081981019638946
0.44873967299098050
0.91279748812772055
0.27318977567157127
0.92708650272632043
0.10553681010547009
0.93021350040649797
-0.04068133171260645
0.93236512321950171
-0.17978330009679483
0.92132155386606518
-0.29236852209611192
0.90802370800255749
-0.39273272326434089
0.87590429865717401
-0.47298492950599857
0.83848964633220646
-0.54110878343570157
0.77503581040441560
-0.59168175072446827
0.69954119612610566
-0.64550220568574834
0.61389507375631991
-0.69919434353321941
0.52447107977818130
-0.75749574080808657
0.43629217010986038
-0.81682498446875174
0.35396469677650971
-0.87800603015510292
0.28425578734814483
-0.93916830245259686
0.23949542432925072
-0.99201333789563151
-0.68398418177041431
-0.62315337497450385
-0.59146537011191269
-0.61702592054889960
-0.47134610403313376
-0.63662545288820793
-0.33937776467302183
-0.67759343295532037
-0.20407454772238184
-0.72792519879683892
-0.06435516657655230
-0.76524460958464602
0.08135304199916882
-0.75961538741039214
0.21669738429070895
-0.69725767745648348
0.33044610681830028
-0.58104510008994892
0.41806965885929659
-0.42147798968104139
0.48643819217076739
-0.23678077347477472
0.53424114126549616
-0.02872180441175738
0.57130481776054498
0.18336219382371971
0.59423522817209551
0.40721253622395848
0.60444695594718278
0.62023196462757912
0.60783743018323977
0.84129416641572841
0.60724386329731161
1.04311156771772007
0.61516083500191954
1.23634916209604317
0.63526174392841239
1.39896572090123872
0.67644772901968131
1.52818848156804177
0.75019701395601557
1.58489748099725758
0.82564023550341248
1.52362754296906555
0.88313918816829595
1.39362818446134717
0.93006501344617598
1.23399493308989849
0.97669811611056101
1.04378583637677291
1.00904682268440959
0.84929179356395712
1.03918305118557774
0.64754117681647860
1.05316239804468958
0.45313090653891264
1.06676439209003959
0.26326713781189115
1.06769686981698708
0.09117839187178745
1.06873524512056695
-0.07747638081471715
1.05703024818336022
-0.22094334755755146
1.03285999590671751
-0.35766246849212230
0.99346301598354114
-0.46363899718758683
0.93090378734190826
-0.56340191474914902
0.85514394561653040
-0.63428484838019783
0.75615340944375076
-0.67480934211792754
0.64720859026650146
-0.70836408412098439
0.53589684775712254
-0.74214255709216059
0.42799116645154933
-0.78467346106798597
0.32494440036050637
-0.83079303991684883
0.23028936507471501
-0.87968151979163978
0.15180844046159850
-0.93039402585976561
0.10104780511140850
-0.97891730446666736
-0.75425818569720104
-0.55227763003392438
-0.66052901385472762
-0.55176447739130219
-0.53661446461056794
-0.57855204216918643
-0.39305495609367669
-0.61752054828735747
-0.23822068656326215
-0.65782387588076929
-0.07756261971159457
-0.68825475164994099
0.08559359428523569
-0.68927700063215946
0.24520033382386858
-0.63848272620579738
0.38469589422290451
-0.53823570584830704
0.50160552210174625
-0.39227588721751877
0.59211801449554680
-0.21154501446645063
0.66586191057850974
-0.01515590236687331
0.71552143393989831
0.19920803107412743
0.75363403119051531
0.41168733661410900
0.77966965991204040
0.63463822682226900
0.78316918389433565
0.84143620413197973
0.79012439994860706
1.05172664752542389
0.79780163984268715
1.23706015101796996
0.81747098824097741
1.40234777246629849
0.85619593983228226
1.52860423613194496
0.92571487576673372
1.59343310496465085
0.99835982979086457
1.53424629240343280
1.05073491396568963
1.41127586924662074
1.09631537646585975
1.24634626419516881
1.13530366987615894
1.06659886733666065
1.16911908501019712
0.86445362052577457
1.18847217454459475
0.66593282497660089
1.20329085498370714
0.46164908693046591
1.20326585732320890
0.27251191001850478
1.20288203255755688
0.08606605793501086
1.19222547417018121
-0.08289429847942476
1.17202150556350726
-0.24351193054815115
1.13130170811879616
-0.37680818281570289
1.06774081180426617
-0.49616548279395273
0.97621910830768133
-0.57690195095854346
0.85449412632185662
-0.62455049911923444
0.72329252079384510
-0.65466097448339233
0.59313271073932561
-0.68325503474734040
0.46791311017032733
-0.71357743123366613
0.34704639428467632
-0.74742720631318771
0.23194196617863153
-0.78447485147896312
0.12731511192862605
-0.82627827242055918
0.04143136366437890
-0.87304940853918522
-0.01393583021377092
-0.92107594493982736
-0.82260027958674697
-0.49188754272352131
-0.72582167800440800
-0.49402105213555264
-0.59351594822175202
-0.51547446965047028
-0.43773742152184308
-0.54788175991908561
-0.26774208739743732
-0.58414328010695094
-0.08888216242092138
-0.61085624772494118
0.09387139493560728
-0.61400647812249387
0.27125055299255213
-0.57725666012672094
0.43379037466859199
-0.49479869922740904
0.57501663825653249
-0.36166132568131831
0.69346556636756618
-0.19475739020122515
0.78838390908608047
-0.00256279613609490
0.86188932628545356
0.19897789153275205
0.90760479075336598
0.41322776442832776
0.94442765033662834
0.62647679290431291
0.96579862344229872
0.83856082538081789
0.97400761047042117
1.03802834736332805
0.98737700122463778
1.22712260558846276
1.00478451079171283
1.38836116269200471
1.04049654423193094
1.51869007850828797
1.10129430248404780
1.59036399410240237
1.16926334651931474
1.54292138442486926
1.21554922046461167
1.42091186136896175
1.25531817545817859
1.26606454613030661
1.29133980094454381
1.08412613984436357
1.31537606347813152
0.89336990759248158
1.33427254493659997
0.68945840253744239
1.33439465431129189
0.49354553774439935
1.33039245474959800
0.29789216733081425
1.31850938402733364
0.11646530928061133
1.30240912896090966
-0.05721657380942542
1.27017957669307724
-0.20811355713859520
1.21507000053226299
-0.34213536647949622
1.12610167631629388
-0.43878422302461995
1.00548643257167813
-0.50426868490960597
0.86480967499181727
-0.53607192642283696
0.71917897483146920
-0.55979880352713640
0.57704621954765611
-0.58724992101229556
0.43822522793969332
-0.61696029925530305
0.30384972934386834
-0.65038483978184658
0.17647036402781052
-0.68821737401223981
0.06117112683366828
-0.72916532240512066
-0.03375448105487376
-0.77463605474241914
-0.09627032316223808
-0.82144990310437327
-0.87725605740178836
-0.42201388511478122
-0.77788159693776482
-0.42578550306390178
-0.64027734617368082
-0.44660140180857283
-0.47547830132778646
-0.47798110886949946
-0.29323200071266126
-0.51199686037349756
-0.10203312297415545
-0.53871597672936578
0.09557115631552894
-0.54554527670387876
0.28917042428534823
-0.52056789036288331
0.47293345032353612
-0.45268796465742783
0.63915372036271423
-0.33669213918705748
0.78412743368666071
-0.18133995173379172
0.90375974376097368
-0.00354315964785639
0.99075024218423158
0.19375331947468852
1.06002509354026686
0.39603687140553656
1.10398817924223702
0.60484633731263437
1.13593407653106193
0.81129850546191662
1.15837605383999187
1.01318884893945338
1.17179262270759832
1.19344069754004334
1.19096975424125917
1.36013841867609653
1.22013857919178403
1.49097774902485414
1.26973629267615196
1.57485221574675038
1.33144189566884430
1.54221967568333751
1.36965243144575455
1.43282441073054367
1.40561013853046912
1.28108820573107196
1.43244107975760571
1.11243813299886751
1.45364523745081398
0.92484995028695316
1.45876686521011067
0.73575705386707080
1.45235032946162335
0.54108639228367506
1.43297242131184666
0.35532989216804722
1.41063784739571374
0.17569564590303677
1.38307941246437216
0.01039457466774781
1.34454552972611352
-0.13804226803569694
1.27739921015329450
-0.25947698455397444
1.17602463923185008
-0.34983161771931198
1.04800827852951128
-0.40292496689901897
0.89953591989108739
-0.42873210739276568
0.74149516740169641
-0.44266277824849953
0.58781264041125780
-0.46577960724857903
0.43814439012997336
-0.49468658508525287
0.29389541181104445
-0.52944194112222731
0.15778134776065611
-0.56730070244600472
0.03232624737420377
-0.60788613494971333
-0.07162392165060259
-0.65214462442826981
-0.14058281788420113
-0.69870883270226958
-0.91545798377707988
-0.34172863731371672
-0.81546783169335124
-0.34994209759162992
-0.67642021128273666
-0.37541781876017877
-0.50852276203962510
-0.40936795342498100
-0.32085747495481903
-0.44515869564212746
-0.11915194129528130
-0.47440102356891295
0.09008553049157615
-0.48715907467672775
0.29894941079190140
-0.47239889400603108
0.50194576394281754
-0.42208415366524421
0.68986754897263569
-0.32084201824442388
0.86041298660550747
-0.18592371993421558
0.99736215492316593
-0.01528573372520514
1.10714655092153635
0.16886804296233393
1.18497328177937233
0.36627039498830988
1.25175026595006122
0.56430455782912314
1.29754784752536234
0.77362634643715478
1.32676267480369736
0.96014657623835609
1.34616285394341317
1.14698230360081599
1.36277608377138559
1.30747747548767879
1.38690289217179963
1.44618220386023633
1.42432050557874845
1.53745820273171030
1.47848488757725915
1.53804058549977918
1.50820748039704311
1.43980925417137917
1.53467427303416515
1.30387417507440850
1.55460721237356592
1.14130516328648879
1.56435558155768772
0.97072264106413886
1.56179385743630572
0.78953069917367358
1.54048388984384044
0.60907486261490107
1.50619775916874832
0.43186196527848297
1.46752806837121175
0.26404852870766093
1.43233462903396891
0.10416796389689305
1.39494716339542935
-0.03850165164603761
1.33038279013932703
-0.15856488845771144
1.23096125143151047
-0.24115905938964263
1.10148261087436516
-0.29032341858896515
0.95194293359356341
-0.30980230683808124
0.78953946586633783
-0.31995767454762997
0.62768509447309651
-0.34030819070002166
0.47039947805585264
-0.36893450202287403
0.31872289955118838
-0.40313554297127713
0.17347138452091004
-0.44138612696681334
0.03948630875099061
-0.48088938335322473
-0.07244700587761350
-0.52339596966620161
-0.14710888547470863
-0.56909958357724899
-0.93357149602144074
-0.25089612177061210
-0.83533375667983745
-0.26488201612542772
-0.69838584108387469
-0.29766708009571097
-0.53245914789370319
-0.33919087418538812
-0.34297926155780573
-0.38173355133880094
-0.13781819440029794
-0.41593580076705239
0.08308328712281954
-0.43526037386897215
0.30475400714765039
-0.42757179736554723
0.52546449585154253
-0.38868065394127022
0.73047832406367008
-0.30836296101287991
0.91719279580427859
-0.19290160919610444
1.07337683086724156
-0.04387106302096300
1.19490609391203062
0.13404801185458634
1.29486136705082777
0.31863844779063327
1.37026960798388386
0.51738355330219454
1.43292421318491714
0.70523350829406062
1.47467822312286700
0.89756152734258710
1.49937508682169507
1.07092216355543624
1.51537857905836448
1.23864481292476247
1.53359522892716105
1.37766449159762172
1.56055314357485431
1.48414850340218774
1.60372192088090459
1.52316423325696859
1.62396442916469863
1.44812085819625569
1.63704094397523869
1.32753927176336073
1.64194869693705647
1.18483743975652600
1.63668845192301537
1.02732218826409616
1.61548007570692453
0.86411385402919039
1.57965125104889670
0.69584977403794313
1.53385225199281328
0.52938102366658379
1.49101616141810123
0.36953800743650961
1.45855853254199586
0.21658780062349248
1.43509889512001765
0.07489003819951093
1.38409702391033829
-0.04196588963554671
1.28997430602207896
-0.12552736060586872
1.16424502333747149
-0.16939030567548044
1.01594208800368691
-0.18757989302885231
0.85477375029647473
-0.19657097150130276
0.68876334208192092
-0.21593105259579570
0.52566549287526365
-0.24447766807397697
0.36633977770660581
-0.27978041084160093
0.21497983027415679
-0.31826634364506851
0.07653053851650786
-0.35746493642339583
-0.04213289753023471
-0.40032197033355760
-0.12154772821941988
-0.44504827528091090
-0.92867396902092669
-0.15164001102370084
-0.83299816472821953
-0.17109133646824298
-0.70170865719866360
-0.21075301409317948
-0.54076752230206959
-0.26143472412482155
-0.36010351369417143
-0.31321665551566941
-0.15655634777354860
-0.36066907806312232
0.05550867676178758
-0.39126633805669808
0.28588659865941202
-0.39882649699485390
0.50815102905737608
-0.37413905727943614
0.73510395384439009
-0.32193495236365083
0.93777504813201218
-0.22129112192870606
1.11267695484856288
-0.08429907915790592
1.24899620316713378
0.06994058481681754
1.36415336243821428
0.25114983413082781
1.45847304882864948
0.43166455500259093
1.53765719001014856
0.62409424867933239
1.59277892831417467
0.80705393036981876
1.62360289554009474
0.99154286397121116
1.64323587347601796
1.15244532921646070
1.65613006008726660
1.29961958700515456
1.67280208494673976
1.41496193755629251
1.69892362917679085
1.48913695518773670
1.70918016209219470
1.45335635110578409
1.69415329279784599
1.35988478864139961
1.66412863323919291
1.23695496234449220
1.63084373652169923
1.09599405438127673
1.59882656687147096
0.94466275000274824
1.56345594650788389
0.78844922877336265
1.52718475916588492
0.63160490212513365
1.49979824793814243
0.47871863393161179
1.48242205908056612
0.33355546985861934
1.47482026576509639
0.19717256418162860
1.44320761074192516
0.07764514961597685
1.35866405285834557
-0.00588122363749642
1.23636935932429393
-0.05145478785287065
1.09216230226173483
-0.06958600897963392
0.93278982894595142
-0.08006956605340580
0.76730830327998767
-0.09818898253687851
0.59915952187053956
-0.12748680369511495
0.43575531882251239
-0.16419295779126258
0.28091904078794200
-0.20497442466187552
0.13821758842444509
-0.24593479183051511
0.01776968191871196
-0.29052074976880177
-0.06292749000092718
-0.33536936255666427
-0.89849117214623275
-0.04330599838864307
-0.80574072780228601
-0.06830424386899879
-0.68023576447860856
-0.11621489342932170
-0.53002699502757022
-0.17409123409005495
-0.35557554651824830
-0.23724370816993282
-0.16939574131668192
-0.29341182768369706
0.03864284335726022
-0.33992734475243158
0.24678296454762400
-0.36529179046767435
0.47661929692008281
-0.35877727082151162
0.68851689214642287
-0.31831931101643723
0.90081796504799194
-0.24040539339446584
1.07418497684799652
-0.12798844353205321
1.24114289168001446
0.01894263936995877
1.36889380497255697
0.17994529637824963
1.49465363725397959
0.36054863121661546
1.59218271877429585
0.54081679033512253
1.66571709412653179
0.73245605051419205
1.71131193464440634
0.90808763703610562
1.73474297217477713
1.07321848536775266
1.74588207899810599
1.21765326113613415
1.74728211872873440
1.33847296425672768
1.74240685235480797
1.42093422972088468
1.69414039489165025
1.42894002428965683
1.64273131186691934
1.37348438743379275
1.59930571360800489
1.27505597481183708
1.56515835547363591
1.15394015553884932
1.53921153485951034
1.01811859224410206
1.52159626308807794
0.87437576574805054
1.50904768076854157
0.72829446768797024
1.50687083079016371
0.58413050483761653
1.51536879602859442
0.44620988250929966
1.52308536005965767
0.31569894574262719
1.50767926236879402
0.19538318381543096
1.43599139412209054
0.10732413216648767
1.31890573471381756
0.05934527629341457
1.17832041810415422
0.03680604361202090
1.02359836294242235
0.02360750463187531
0.85967332585760015
0.00535597533511058
0.69110398169937859
-0.02504850176209361
0.52579987544584095
-0.06754979630463497
0.37077252701513419
-0.11469859615642798
0.22970364010372496
-0.16194618471068473
0.11319688395825742
-0.21122870045251640
0.03709241089161763
-0.26424374213489910
-0.84562577276466411
0.07158671881038448
-0.75562442563331156
0.04164209039150200
-0.63617539234009501
-0.01310317288141881
-0.49192804109486560
-0.08015980305484477
-0.33362201863184293
-0.14929491071108386
-0.15004579103318563
-0.21816551218440983
0.04008163345823045
-0.27180355110416088
0.24880340760272870
-0.30596541351250672
0.44701602547547670
-0.31047774978290232
0.65273014661552831
-0.27855470813439698
0.83688045587467152
-0.21634087996695356
1.01717894599173175
-0.11518117102240580
1.16861239143289075
0.01463180765499869
1.31598469171501864
0.16439878986230805
1.44410050595732531
0.32760572278940914
1.56813997402287519
0.49455531749140091
1.66470782613643742
0.66773703764171222
1.73583895036387093
0.83585993128845826
1.77125824299893986
1.00084769566483911
1.77635979656544429
1.14398761400704885
1.74945138238600895
1.26315724178721012
1.69668427699546065
1.35098321721575010
1.60974633153259727
1.38475365579279597
1.54032579266180392
1.36571690996843409
1.49863086137084123
1.29264995915655301
1.46538413670198708
1.18994608577718730
1.44888553007626419
1.06994775758185567
1.45693916987365535
0.94354850734845963
1.48259057189465571
0.81061757957265523
1.51367214721655174
0.67714225132224304
1.54744668191939971
0.54522419447142545
1.57480672096557206
0.41906767361602670
1.57573601052629253
0.30194660417729741
1.52029222212501169
0.20702968827576337
1.41214874057075468
0.15190627749149010
1.27886430558490627
0.12059443515248666
1.12927424627711859
0.09962849138052328
0.96921557181983009
0.07624855862169035
0.80391488714292425
0.04009951381987639
0.64081756663959810
-0.01084806136006658
0.48908429092707034
-0.07269133192738754
0.35435692949676439
-0.13648878933680164
0.24390877075758949
-0.19878084719809197
0.17252844830901437
-0.25862859075195538
-0.77881529592281029
0.18861342776936021
-0.68914276476975334
0.15549240626077482
-0.57347928790861058
0.09823787304035662
-0.43856646495375068
0.02613674081961588
-0.29282091086143142
-0.04910901260522580
-0.12909518230216008
-0.12456349175691678
0.04290918956393419
-0.18277701621471418
0.22704469156368018
-0.23049299247430088
0.41427231834143730
-0.23974405150066730
0.59196084936241378
-0.22251737216503564
0.77346720985162210
-0.15932655460948886
0.93744945472632490
-0.06344714688078032
1.09118178266165455
0.05728001644603051
1.22553379561496145
0.19812664167184030
1.35805858250644684
0.34478193556130338
1.47433674676176718
0.50368361642894288
1.58278634411810626
0.66152781516179981
1.66028397778649794
0.81981082672679173
1.70701670359412860
0.96968926308389858
1.71343473748690456
1.10789541666168811
1.68125630038768770
1.22677773367788046
1.61074408539990621
1.31487130693069432
1.51186737155414175
1.35208182386523501
1.42320593437048903
1.34735583913324675
1.37910231544395878
1.29227758573086504
1.34740591828722711
1.20276357645530663
1.33723295149349464
1.09394272530545433
1.36244220446694286
0.97817251644445402
1.41814422981395039
0.86078326495054713
1.48807719108837122
0.74523498890931550
1.56134210240884697
0.62551181763335295
1.61792494378813068
0.50423699261392652
1.64176372831453299
0.38763542624113756
1.60646050887109526
0.28593211425772330
1.51654303529855028
0.21488230846613476
1.39115334706125982
0.16878859455739043
1.24814394617304036
0.13405412283930709
1.09386008279131164
0.09868978260027270
0.93396888955540724
0.05304014398683268
0.77375797883579589
-0.00634616373789126
0.62382920769325667
-0.07800537323536443
0.49262654181966686
-0.15401844956932534
0.38632515083636287
-0.22806512493365400
0.31908059011114531
-0.29556725916925047
-0.69942354380927374
0.30699976307018584
-0.60986082694184029
0.27025943922918444
-0.49605222848576280
0.21034148330302047
-0.37272705882342927
0.13896110524629016
-0.23805187728041047
0.05886650095152143
-0.09548706928011491
-0.01582471284869146
0.06054393336918216
-0.08824695672839666
0.22161379181083757
-0.13112548871495153
0.38196140281449664
-0.15465936922808671
0.54798897333498975
-0.13486460264204700
0.70196772234262883
-0.07356648565922064
0.85560458101360004
0.01858515713184878
0.99422921342842130
0.13476876027319648
1.12615037191246348
0.26321589676358248
1.24725543837204977
0.40290813266104464
1.36361996372522043
0.54873594159140615
1.46801111970421205
0.69773395594793319
1.55333045766907007
0.84633068560606595
1.60547935293180433
0.98823471653209249
1.61690583091776663
1.11885267031137592
1.58192818158457271
1.22927024139407215
1.50338122116820272
1.30310535935646987
1.39629436916485039
1.32518767647362545
1.30149343944534390
1.32020021070579596
1.25131120325243805
1.28055863443254525
1.22189056442026489
1.19494034222027357
1.21464511958249854
1.08959588682301156
1.25179926390373431
0.97743709348962204
1.32482173122700830
0.86871199677130273
1.41411631810405325
0.76444916422594722
1.51144770827579067
0.66104922535721777
1.61500466359550177
0.56043927635483959
1.68584579092269937
0.44708072019814371
1.68475403200219809
0.33471392951917295
1.61771687596616642
0.24157223552802687
1.50888662961779096
0.16987428256991957
1.37219215473377432
0.11967403509559282
1.22321145232921102
0.07217156408807819
1.06807114102708978
0.01791200244441070
0.91213047684125825
-0.04561688780071210
0.76462334503167539
-0.12110895406083876
0.63490921400426770
-0.20308220269769292
0.53066888593605932
-0.28348278224217455
0.46659873396762941
-0.35552189085559327
-0.61151857966520407
0.42842811722108343
-0.52234948636357392
0.39097144317253180
-0.41324662808155566
0.33011986682517475
-0.29643707561988958
0.25712178899422877
-0.17485836799757801
0.17878995927083852
-0.04729668421785113
0.09697496200628844
0.08867063674839967
0.02902076503490645
0.22363839283514408
-0.02733428015278660
0.36558049278011095
-0.04424327574846400
0.50155663891063673
-0.02318894348209952
0.64119372309095812
0.03886187956532675
0.76998676153244217
0.12858302880506645
0.89784973749117192
0.23768989362672430
1.01641221097813328
0.36073938736780869
1.13218574421896512
0.49172030190253452
1.24436256691187497
0.63000038253029322
1.34856482190604354
0.77056470360316009
1.43512531861879955
0.91089400647007113
1.49372363892333526
1.04370791872923840
1.50999772007044175
1.16452911135700221
1.47045181754796905
1.25926927015282142
1.38449618097999760
1.30707846202856937
1.27757894889919998
1.31138083349676093
1.18139145576577120
1.29952438349415633
1.12755608538979146
1.26026254408906535
1.09669637510559825
1.17425136540509434
1.09466785485498619
1.06611773213409355
1.14230023517814927
0.95324576617364343
1.22511715511291519
0.84645009192530896
1.32474396006461914
0.74495475591773708
1.43596854804637153
0.64646927252098341
1.55738064948864730
0.55316981301549839
1.66943617170894987
0.45341697153276478
1.73409472135789922
0.34277345537309289
1.70732834580804105
0.23025240149167781
1.61560687860191066
0.14059390495405485
1.49108860363635864
0.07141032661845367
1.34806926503928515
0.01248149664557633
1.19816941255469134
-0.04799062368115274
1.04860409472571736
-0.11628464879952918
0.90593536895847004
-0.19284623395959105
0.77826900885032069
-0.27660894973563105
0.67530888833314995
-0.36090401981718578
0.61400579451527271
-0.43427255235691925
-0.51681814183863506
0.55317158554784973
-0.42974649841399115
0.51495103800878417
-0.32372131050948594
0.45442433162640655
-0.21257747292517110
0.38123417936427850
-0.10023066736350557
0.30313587444840173
0.01255644086604478
0.22564051310885358
0.12519644913475442
0.15189612693359530
0.23684520365437634
0.09873642669595543
0.34606482871367267
0.08012611701232761
0.46253694851245486
0.10829129253668097
0.57466050021189941
0.17241920138816047
0.68720343663582206
0.26152357495335493
0.79694297509637113
0.36765189754670119
0.90667486258428687
0.48561854466884591
1.01540586031875235
0.61233616990282058
1.12447075800406693
0.74415321869984608
1.22753315767133220
0.87615870322908285
1.31671556088661479
1.00629375901164364
1.38082514952666080
1.13017712857607711
1.40201319440509575
1.23864523702019969
1.35296178667769795
1.30940414910901559
1.26169806696734521
1.32998475349055756
1.15995460361046354
1.32045815188900439
1.06621813147651912
1.29354866787146361
1.00818165867020659
1.24007165314629408
0.98015266133588386
1.14837712316474527
0.98283734136308343
1.03289330644321820
1.03615760054945838
0.91838009952639477
1.12624421256261997
0.80940044481172846
1.23661180888225397
0.70545068817897050
1.35963920020223772
0.60498806434805041
1.49178364822891418
0.51069185262943917
1.62382242355557760
0.41340399429532815
1.72706709722949125
0.30710065918296348
1.75927344819945031
0.19025315112982749
1.70128130558753599
0.08617108467317805
1.59164026777389411
0.00215123888288978
1.46079048695627645
-0.06778713169989851
1.31954794351998372
-0.13550390304759530
1.17737044747215935
-0.20836329665473119
1.04132636607332163
-0.28736359169420628
0.91897701944669674
-0.37000172555576610
0.82040641560835148
-0.45409310511805423
0.76114826727549445
-0.52824732756610282
-0.42393744214744900
0.67902933475614724
-0.33848803667384320
0.63989100185902925
-0.23435682418811909
0.58210343484380511
-0.12648695996343759
0.51149221522046484
-0.01977422891786806
0.43658194278880030
0.08138818544624807
0.35987087582587479
0.17004472692942030
0.28987868770404840
0.24471865765705023
0.23637678382631513
0.32831183874373693
0.22478160374652648
0.41723328763810924
0.25875968932394838
0.50846680511097675
0.32579749334903413
0.60040508735852083
0.41543084229431748
0.69621194735136627
0.52030942203948116
0.79811564051704864
0.63459767280267221
0.90236861988188910
0.75738598596185891
1.00936777297038760
0.88284937970103672
1.11244588351381624
1.00805123324403989
1.20470614639150742
1.12995077708103664
1.27383028213931437
1.24348908161318761
1.30163370190897276
1.34134052742096221
1.24652814172352744
1.38582733126909741
1.15341592040983953
1.37833423257010868
1.05458829356040007
1.35197720799213772
0.96625872154747383
1.31315896407505894
0.90849206020280926
1.24269755691820127
0.87695660543172360
1.13381818654103017
0.88265330702328049
1.00801416617439199
0.93778897862143906
0.88192348061346404
1.03379851658618072
0.76632659282018267
1.15501014079793118
0.65723075032526845
1.28999837871334821
0.55162333205201397
1.43368160773301967
0.45385610968850132
1.57802697316434659
0.35668341798831515
1.70230397521324450
0.25191352639174952
1.77401644970177519
0.13582971419153525
1.75941796734249656
0.01887028942606538
1.67337863761451033
-0.07772201380174672
1.55517686350292550
-0.15763937287488727
1.42606536734124578
-0.23336664910136173
1.29324252170543486
-0.31123797231013944
1.16462104684531176
-0.39166243477267704
1.04934206970998245
-0.47481943050156677
0.95626916591336197
-0.55648236817804453
0.90024143295019221
-0.63036035334199725
-0.34058080991955869
0.80689706871670397
-0.25726300015059167
0.76691756534477806
-0.15445953037521820
0.71171403561853330
-0.04978589577976179
0.64593141693716094
0.05065431385792077
0.57446223908562144
0.14076055910642957
0.50294389048519084
0.21224743738134805
0.43770346402077259
0.25304073084646600
0.38687191702995322
0.29580562146408756
0.38216500874566922
0.35909591384481987
0.42341044234016867
0.43097180502350241
0.49488013230718036
0.51011987338477227
0.58559816066441783
0.59689260510359210
0.68964348879959381
0.69289775058521186
0.80151482223995529
0.79331663966841803
0.92041932849748542
0.89902540177906021
1.03996406332202884
1.00356313589185575
1.15741708505264063
1.09769742204055887
1.26982376718339363
1.17212668555486532
1.37493825093349309
1.20949782562965535
1.46104557938681512
1.15065303241529904
1.47727744610694978
1.05788160191663416
1.44305852091996045
0.96037182258947185
1.40380488540020698
0.87785808337308502
1.35315031679660569
0.81969988109913372
1.26177178091863418
0.78934358497426171
1.13772160316489068
0.79727619352552348
0.99644408733768253
0.85646765819419546
0.85689714191474975
0.95897744925435147
0.72897224943510197
1.08763937815014833
0.61013251259494039
1.23394338257792335
0.50067318599056065
1.38658398226836210
0.39810140475500377
1.53941053379863479
0.29605896041188268
1.67604342748632362
0.18944756683209357
1.77016266429111990
0.07246952335154266
1.79430291169575895
-0.05129285545827626
1.73576863085419308
-0.16091340004352253
1.63442241822539591
-0.25142983381858341
1.51510436932934778
-0.33328564097428476
1.38999413964097474
-0.41467641485134754
1.26878726613485115
-0.49730532137926958
1.16005334090836976
-0.58085666989361417
1.07247156267818466
-0.66175105217386498
1.01972502566504164
-0.73345856753826588
-0.28236822896063218
0.93749464675412053
-0.20219369256895392
0.89959533460312779
-0.10483302625657702
0.84738153422108631
-0.00252296748634883
0.78701412437492313
0.09347864200257323
0.72103912003254444
0.16980030780670965
0.65516731197205558
0.22255849570832484
0.59658788230016524
0.23909271649298297
0.55142234708636007
0.24220833462928257
0.54707169190933935
0.29003335578962308
0.59555913472001754
0.34721197935287595
0.67109448389945914
0.41784130960032212
0.76623147475018394
0.49970379871742032
0.87040447852563485
0.59116766641816409
0.98173582272704396
0.68917821091107534
1.09570582589343779
0.79401606718219386
1.20793389074544177
0.89898217097274191
1.31654016549041830
0.99662649320147978
1.41978282333158901
1.07652213002038066
1.51205037253770391
1.12278261186754635
1.58570555944789215
1.07026495444208036
1.58019402282277110
0.98611495141232541
1.53775232826795194
0.89639444593589002
1.49325752302915138
0.81686269316213467
1.42875424119231131
0.75867573097766228
1.32118401458737122
0.72567889386055906
1.17930410588259793
0.73166522365904085
1.02097858445070666
0.79024053252680360
0.86386147386524270
0.89610464943571255
0.71889240499811691
1.03468009304181385
0.58702792119363967
1.19064422917453117
0.46670136118498096
1.35449326956827698
0.35631274593749712
1.51355875031341824
0.24639005319904395
1.65613045126069469
0.13252618192891008
1.76351445979252652
0.00963165293828647
1.80939055314414832
-0.12030012500557451
1.77811542235859754
-0.24156105833141700
1.69259256140326819
-0.34347167805607048
1.58441225026038635
-0.43400616838674416
1.46621998683063937
-0.51729477363338849
1.34983508298353394
-0.60142022127393535
1.24682147675550747
-0.68536845647962441
1.16478745715998011
-0.76606864803456820
1.11641350225429736
-0.83718046960450077
-0.27785781063901532
1.07269833953612648
-0.20127911426397338
1.03627401974057198
-0.11068619275324020
0.98813272619882808
-0.00820195199375974
0.93202315632550425
0.08035732375165537
0.87489278454323249
0.14409644638784977
0.81825983992271489
0.18738853994709173
0.76500636729027471
0.19300269044355836
0.72493833207792391
0.17917711079749277
0.72423067463807367
0.21796784442153158
0.76919001307662660
0.26530097684581483
0.84942806766834333
0.32880808487885060
0.95297546412671530
0.40729681451411404
1.05858371347976510
0.49633720951515836
1.16710219742395527
0.59199259911068947
1.27550798211863925
0.69461636807457061
1.38039886392276911
0.80086325348516252
1.47975144878705200
0.90051210808267368
1.57123151843861186
0.98442642248780166
1.64983075569967563
1.03985953766755079
1.71050804082404317
1.00291715488795408
1.68850476305977448
0.93132354696382036
1.64560566028511435
0.85250833714150043
1.59962455954965788
0.78407776368744642
1.52722557113629809
0.73649113941605515
1.41133010660703806
0.70934644038633765
1.26229101927290532
0.72043991151203712
1.09828596184617622
0.78033629522526227
0.93506763300593077
0.88366528112698006
0.77860440808434861
1.01922866049782668
0.63347305226209127
1.17264309809570744
0.49368133166928507
1.33096677736694402
0.35799305910832374
1.49138325136236682
0.22567795901021398
1.63776541724961722
0.09517180898370188
1.75032762568937916
-0.03736709661402290
1.80498209113740038
-0.17650265388751241
1.79112850319195482
-0.30952395683066669
1.71990111671845458
-0.42418097263918869
1.62133419546610047
-0.52409271321278128
1.51250726123670010
-0.61624780823459868
1.40262599667604926
-0.70291883462610927
1.30552710546702055
-0.78840348598825583
1.22872296980391238
-0.87001747282340880
1.18423067835330076
-0.94091589257921127
-0.30981900275492108
1.20150427188601983
-0.24277570179590074
1.16683887303301592
-0.16252032154195037
1.12500476160686369
-0.06042223821930565
1.07438928009721169
0.02008561942468796
1.02727809309693541
0.08115025107330220
0.97936257384897307
0.12528715196962772
0.93206887492472501
0.13040131013572048
0.89871202811094686
0.11221919520115009
0.90586398706507298
0.14236638193071088
0.96216029243036827
0.18629530441818856
1.04876149631831983
0.24584914177446524
1.14549152559166756
0.32090611247095147
1.24856983763312734
0.40794181933185497
1.35094777648518960
0.50318364227236989
1.45385704932087156
0.60415526967577915
1.55095318756425438
0.70732952645170488
1.63812397358818695
0.80718357448520206
1.71657791140225124
0.89431036233676098
1.78167342618274405
0.95824571158180205
1.82797905705352259
0.94958386346723933
1.80491724564607336
0.89235809558273871
1.76457093119042807
0.82870230242687626
1.71518675709748769
0.77437478840530838
1.63512724636378604
0.73887366435933743
1.51246752229370318
0.72404302899192141
1.35894155577526798
0.74309721734503376
1.19179367213354181
0.80911723033209393
1.02465812327392580
0.91460410619695232
0.86273194587843249
1.04725707837274085
0.70880535363462305
1.19464460711421605
0.55758267411830709
1.34587843803861906
0.40873905578964431
1.49445187729598516
0.25825443728241443
1.62398605085666126
0.10226747514146317
1.72507155726890882
-0.05395643091291480
1.77536818127479457
-0.20879474949674715
1.76579693132360149
-0.35565718049502537
1.70329462454644820
-0.48421066487834824
1.61385048729892788
-0.59761506800662456
1.51136045532241869
-0.69934110262594895
1.40688518895623704
-0.79188194101066889
1.31331884228104823
-0.88083994060975079
1.24146441657372253
-0.96532237829346890
1.20290804371909665
-1.03702432963362057
-0.37674735054668784
1.31370772291030558
-0.30192470534042709
1.28235493756836516
-0.22358111329320815
1.24932214899509964
-0.14928945984171912
1.21156632823471466
-0.07126948868831284
1.17294688788659718
-0.01470748130426835
1.13838764434447648
0.04511281226220445
1.09512378473350980
0.04955717120607077
1.07312840466855364
0.03798264358023635
1.09088548288482579
0.06390777569972943
1.15044453666697244
0.10490121539083749
1.24033885241335273
0.16429673880156073
1.33565565362356709
0.23726857938514057
1.43042399584225577
0.32297156848802577
1.52545094752790700
0.41803462324349261
1.62412673463437462
0.51845477638378434
1.70926525678653385
0.61885699482248846
1.78238527584997342
0.71634465293545213
1.84798685811160568
0.80528503412017793
1.90165831401928442
0.87706959675418650
1.93922264504276520
0.90400396232789326
1.92602090078433164
0.86468177130489809
1.88904996013168169
0.81542532167164439
1.83149507047507321
0.77948516885710395
1.74361941344681348
0.76015620613517176
1.61662242536736800
0.76030503242425929
1.46299551000424533
0.79322412380256224
1.29584647450214763
0.86359830963761708
1.12649580253246828
0.96759828021388461
0.96101746934322807
1.09510183004241490
0.79872482955518209
1.23503036957519186
0.63783470146626198
1.37740009453085843
0.47515566912274576
1.51191179515070973
0.30840947197043633
1.62364577463312787
0.13624784442956794
1.70075817987716005
-0.03853779902053801
1.73195901926580920
-0.20924836397318930
1.71352393238921574
-0.37078680079055226
1.65461459744411088
-0.51650304525290180
1.56449477075591914
-0.64237087259895798
1.45595595353291940
-0.74838942313804746
1.34647570080825862
-0.84395052490815103
1.25056991759229708
-0.93556976288917437
1.17985367961885368
-1.02382554612576082
1.14600353510465913
-1.09932564710930469
-0.45752960114933516
1.40662989090929491
-0.39322997451131941
1.38263584232119308
-0.33063184976887605
1.36472456213868032
-0.24695159668952016
1.33021686765081859
-0.17763684860155432
1.30597641489673366
-0.12249220579386672
1.28812228967521492
-0.06067872319939630
1.25242215142314595
-0.04151783287346022
1.24558457628871166
-0.04003997789057405
1.27424874880400041
-0.01736412089152344
1.33267983046976846
0.02309669467562549
1.41755379597522180
0.08325775104406220
1.50893126505937358
0.15711004714960275
1.60051822079845052
0.24274755695979378
1.68781656937491209
0.33638618482323440
1.77184255550428427
0.43542618012267992
1.84711715118914221
0.53630106245813447
1.91256591054819514
0.63399896196468675
1.96992044800647625
0.72415430108309653
2.01475876991575165
0.80059255834525100
2.04108453075001606
0.85367786869967477
2.04744462675119543
0.84146350651849244
2.00604378076346768
0.81267735262847318
1.94190600693182369
0.80025366785552210
1.84685303152686719
0.79704203922928940
1.71800476413505332
0.81420811564474105
1.56660328330319998
0.85851744541541430
1.40174021699613682
0.93419971382965972
1.23218336395175854
1.03639112475474193
1.06266357987983007
1.15771722961440005
0.89318897038872669
1.28956553286357467
0.72280732107818280
1.42131738184763701
0.54904820765258155
1.54055629558303919
0.36921009092690482
1.63092506857409347
0.18118154678954465
1.68377049616808794
-0.00870541823381596
1.69056095500591375
-0.19358043334266328
1.65509601778818083
-0.36575998818427441
1.58692192006087174
-0.52283929792399420
1.49587142221948866
-0.66262534125867600
1.38950426635744928
-0.78386629783107131
1.27425271745821322
-0.88387902635221727
1.17190594011744098
-0.97648082422753568
1.10072683142452954
-1.06659795486969888
1.06929521807439443
-1.14439920375605508
-0.54999532675903207
1.48682133657953264
-0.49904574293064230
1.47716183451881444
-0.43020123346302497
1.45912900624807462
-0.35262996812055269
1.43706157561761483
-0.28380879547435733
1.42414229845041485
-0.23282669499685146
1.42527427073044866
-0.17666149583754842
1.40592309915392222
-0.14269325764976992
1.41200699688039877
-0.12791191331002555
1.45089022081296859
-0.09956641581596076
1.51032750453453657
-0.05501463507358717
1.58724476538492598
0.00785274020279141
1.66861998086965202
0.08268035556688007
1.75255788014310898
0.16878451139581799
1.83137356953818964
0.26271237099800721
1.90630447074848797
0.36205999758209417
1.97382603385419642
0.46311938360457972
2.03298291157218047
0.56163984451309246
2.08369231324105630
0.65368010088848516
2.12228430479756813
0.73504038978739816
2.13478680591467729
0.79908472548722609
2.14846782625643717
0.82348287321179314
2.11272661653585603
0.82087151336317721
2.03767999571271785
0.83202287616384396
1.93878580259077227
0.84984204585442014
1.81159922551224106
0.88122595329538345
1.66370782916312931
0.93601144850408591
1.50271118853924723
1.01469767898526464
1.33399274682263558
1.11624834181695909
1.16105624699365295
1.23123095993328113
0.98543944352146295
1.35425418987279644
0.80579136645469152
1.47368206263421131
0.61983077043991563
1.57571038056516866
0.42614024109626036
1.64338188953812092
0.22464950920040316
1.66964557249921697
0.02149187235147601
1.65110606316191855
-0.17224365814755627
1.59741659186054386
-0.35389864394792225
1.51975965116320832
-0.52159058824983506
1.42477581597043446
-0.67340957183174088
1.31744185023074412
-0.80706798878760444
1.20290933728804106
-0.91855898227480715
1.09388199579297263
-1.01208590653459329
1.02077593052789295
-1.10392505839796939
0.99166275994782360
-1.18478979041597166
-0.64306558225117094
1.56145280881824888
-0.59288330389382726
1.55424704574616590
-0.52324871372617965
1.53708408426798626
-0.45349184374935841
1.53144400014785154
-0.38815440655390593
1.53271632587954265
-0.33281572541162241
1.54359325857145935
-0.27622552363996555
1.54069775200476644
-0.23700371824454167
1.56435791002953350
-0.20996765954783833
1.61165073220923394
-0.17254032174345796
1.67026726494083566
-0.12219552754383625
1.73805724415837082
-0.05766445784562624
1.80881713740067518
0.01806401952185380
1.88610138983654685
0.10488613547104793
1.95817967529645753
0.19950173012254438
2.02612090049181504
0.29931613427388981
2.08769433283613193
0.40102851517197569
2.14195025875555922
0.50098932664888485
2.18812940309353943
0.59593012972914450
2.22293201025232090
0.68269900929785321
2.23117282209146506
0.75750329872807320
2.24048502842444419
0.81214648474811901
2.20710572226190660
0.84509127661241878
2.13107911991271770
0.87227473799640021
2.02336540020690459
0.90847422792242694
1.89625359777167213
0.95429095216326798
1.75115445921758228
1.01816087476023354
1.59360209151448440
1.10175357285710018
1.42558980576367200
1.20171050270950031
1.24944644056031540
1.31182419757932744
1.06682974010473108
1.42692918294820337
0.87874127990703788
1.53157992550452571
0.68186653829566246
1.60987822443247919
0.47558578797697121
1.65240228241684539
0.26185915589324216
1.65414452366905396
0.04907618812482339
1.61277621128592119
-0.15414332460753322
1.54460166062405913
-0.34550667560199899
1.45772438669170734
-0.52393108669465260
1.35843430133639886
-0.68532168085044254
1.24984516878433438
-0.82845637440438469
1.13794460639240280
-0.95190371302536059
1.02873107796729246
-1.05194561051156388
0.95307061099901025
-1.14586141331043923
0.92670337985716023
-1.22865034511311633
-0.72526375430353618
1.62946807019170326
-0.67348553793139321
1.61901908776932579
-0.60505007041423364
1.60453868191666271
-0.53752436770344525
1.60795161766644501
-0.47308598054041739
1.61963673773119843
-0.41581765401556392
1.63979608679577726
-0.35733819897739666
1.65136735680247471
-0.31648971272963455
1.69077349599350746
-0.27936187232507154
1.74204896144570975
-0.23452157343985355
1.80055056985098494
-0.17874204876492511
1.86303585454428378
-0.11159313137357299
1.93001361507798430
-0.03416068132832067
1.99935070185698072
0.05349085858378968
2.06575123404138239
0.14881666255919551
2.12831764438579984
0.24931287059371629
2.18544132755794251
0.35206480034336468
2.23623225155919458
0.45414926003106298
2.27971774318245091
0.55319487716482052
2.31289336539760404
0.64738328952578861
2.32590831081862204
0.73368301551977388
2.32618076695730913
0.80807942697605228
2.28753800031777743
0.86590888370936958
2.20869525992687432
0.91394072239328017
2.09956850423238350
0.96417587202529131
1.97035874950638656
1.02370393086710942
1.82607536691450445
1.09647021429942293
1.66951397325425011
1.18289887967900187
1.50127766016732478
1.28200163746767859
1.32207280114970249
1.38882779653053068
1.13304506215864564
1.49454930797092334
0.93460073183990688
1.58451674690514310
0.72830397498217647
1.64331992634393553
0.51078056821884055
1.66066739379259198
0.28947571053173771
1.63684802894835113
0.06683972158275193
1.58069861279776003
-0.14570345733477799
1.50294647344786436
-0.34760595460265969
1.41023061263226701
-0.53378983173235017
1.30600520220399874
-0.70281315995599536
1.19622441839405047
-0.85362615893165694
1.08913157179017817
-0.98638329190956986
0.99368685113272126
-1.10182612274589387
0.92195334445488064
-1.20105960938722856
0.89503792039470098
-1.28525522631383660
-0.78467506418214306
1.68127404525920365
-0.73438767607377342
1.67407355709155237
-0.66716037808231632
1.66098997814716198
-0.60003945620855659
1.66748381472202678
-0.53565629010438276
1.68481548759755317
-0.47603344937803943
1.70949717026603554
-0.41630646260187509
1.73139751286930754
-0.37461664759572760
1.78114014164783763
-0.33084593346785873
1.83550808180063063
-0.28020282475696129
1.89373911101144632
-0.22025422418388341
1.95610622990748650
-0.15022383916489732
2.02012537386693936
-0.07057250830824338
2.08458536181562604
0.01821595020960995
2.14696915456513526
0.11434097248671449
2.20591194639551924
0.21559591451996601
2.26013456221509879
0.31950888852023429
2.30884734965775840
0.42376802437850419
2.35097459469675973
0.52672415458052368
2.38351633024529352
0.62733115767054481
2.39941439530454170
0.72348323933250980
2.39439829261942805
0.80888460400246887
2.34729552056110258
0.88085750727463696
2.26385325224332501
0.94557079672886291
2.15456119468981111
1.00911783934438892
2.02508053784158149
1.07852263046476748
1.88024295225424587
1.15793825704965281
1.72284717234139917
1.24813190167327104
1.55244793070441145
1.34652955434220822
1.36972089358096594
1.44883997202031178
1.17169782054686200
1.54631536823808080
0.96662971154757338
1.62515799109848680
0.74776127959362282
1.67045499054298907
0.52168700734364137
1.67163089235816931
0.28667737127729243
1.63156853763746268
0.05579205213825765
1.56707368529635960
-0.16452610036425447
1.48385136468103762
-0.36928749099693209
1.38568639267841731
-0.55809015712731846
1.27613186709050774
-0.72883706935306480
1.16495767583922860
-0.88279512352251421
1.06257471002098014
-1.02131001470308225
0.97765126462574703
-1.14421654566188979
0.91948490640379377
-1.25187758943755623
0.90156927643724261
-1.33783261006489318
