0.11746793564462868
0.37778272466260865
-0.08054164864852197
0.83583754286283696
0.34000751127354029
0.70580616568540144
0.04483374062222752
0.82284115355363086
0.05564133953967609
0.44732187977016219
0.43066640434656356
-0.00037713065602410
0.25357936420095328
0.32985411663458303
0.31684443745844321
0.06943019976978734
0.30986940495636922
0.07951422652793524
0.37238457829262062
0.05344225053106201
0.38693972016775252
0.27285282638921093
0.58314528596339865
0.32253533628446496
0.38541005735026584
0.57642182916629747
0.46123683995700604
0.50416300922068302
0.74088070858189237
0.73749212505921524
0.31663763641522746
0.46976771302280818
0.47266694607910276
0.74836272891457178
0.37571865104399982
0.66453027277125265
0.39559605250973834
0.52521549453516614
0.49049194811067143
0.52474499267146824
0.73199999089286849
0.43399567005366746
0.97614061437023369
0.48416592020292243
0.70223209938269038
0.47334164088355285
0.87858643497707312
0.50094535517262317
0.93678528627118374
0.56317509753912354
0.56230645522752776
0.78446635998176750
0.20607155924499443
0.76523194664077077
0.33077171958041451
0.84584748374844176
0.25726913083859299
0.60319026377699358
0.19699373205591267
0.35551069661208340
0.18925962940387056
0.46894976009781225
0.11580024605757051
0.42894071192661998
0.30414883353618671
0.44693532101978445
0.36922608922428640
0.47617942287735004
0.23628954870784652
0.24703952318442707
0.40492926778590593
0.22543526052934557
0.24001132736193592
0.63609924557072373
0.75423205265033355
0.51096424586319211
0.25053836516599848
0.84291365872117219
0.90378540975902788
0.82660401357883673
0.90478422080440957
0.42805083281135975
0.93589224042691566
0.63245492098704137
0.86507832463380407
0.55222309001131198
0.82861965522963743
0.41645827559710091
0.76767059222349687
0.67188954627224184
0.82605620258621648
0.43549287052988800
0.65670072451942307
0.82595037140464911
0.66869393008279621
0.47976605505740588
0.65214430119861255
0.26323880975081876
0.64447319266776870
0.42517763340511167
0.69634788332858222
0.23503213698743969
0.72222618695041174
0.34252854255003262
0.65755896450896067
0.45493277059571857
0.89445484110146423
0.21922102635244189
0.59089265678535396
0.62525471196318949
0.71542163452501550
0.69645982110522098
0.53848204072165373
0.75122617314795292
0.81996162730762345
0.63519664004862075
0.34605641262843051
0.54125537830603176
0.51041385170814502
0.60818325710970811
0.24561396800653515
0.43804047587946937
0.26230308402354241
-0.05877250345960262
0.43481593579422312
0.08798961845684153
0.19779974750669704
0.11983123458225635
0.32712592420499814
0.14954438098732339
0.17098965973677108
0.23438252407383453
0.48078709509821749
0.28384620329309673
0.33694924664058484
0.47682827075372336
0.35791746202955260
0.37984062248667905
0.27476055784787390
0.26546846365771837
0.32048928738674493
0.43033262923467619
0.41836437172373064
0.26123145080846200
0.63147474294192385
0.16751504027020289
0.39443195099149275
0.47281945554292326
0.18706403523776988
0.58740217132656869
0.90266567852371948
0.52802506908969404
0.37987314233878461
0.53421110570719677
0.39905208041926249
0.08000202265200268
0.31727944055410473
0.36287033519238893
0.17411278172422837
0.48886275178297639
0.21950513907144309
0.39877910653378262
0.16619848617426375
0.58904502798984792
0.23887083449773100
0.35810209512694502
0.27658073560892144
0.31896559478879838
0.26993283161684140
0.50791696717468637
0.34621466371647225
0.26680721426537296
0.37413665349570957
0.35198666679977114
0.87568293204977365
0.27692587063997193
0.85330234823587126
0.53832139642342658
0.80131591466521457
0.26254437478513909
0.57673091329787773
0.16070346345342179
0.80158337948071057
0.10040500773047945
0.35123412741392146
0.38861702463083653
0.28211770603884084
0.59734259129236722
0.50959575474410779
0.63699376269730168
0.34105912969621066
0.71750059688172063
0.34941622050553439
0.62256630483246123
0.19004762491710042
0.58018470899438812
0.55726876540088188
0.57082930696407141
0.68563926664355201
0.68167976104281736
0.58679495398707637
0.49629827986196268
0.79591093320220507
0.52611217993649018
0.89862059023319740
0.49490585269108472
0.64530669000006380
0.57461941672233985
1.01604074687796730
0.29480496720713206
0.96387620051221490
0.21984644102321013
0.91590676566691742
0.35340351181510793
0.29139063564857148
0.67820630058098619
0.76603700422706444
0.59237204545265199
0.26369982529482766
0.61765728928413322
0.60990153996597096
0.76633035917261716
0.62215292618969953
0.98311289198431773
0.72116229599019532
0.93436727356330318
0.79077282960808215
0.83357417456019922
0.69147453466450459
0.92016370263436253
0.58927367089983640
0.86542587939194449
0.64102665480867271
0.68208359678605235
0.60449217386403620
0.71826094627740478
0.51736388993772164
0.63204992371641011
0.32195182736507061
0.45778902300787988
0.55553360026399579
0.46967160616033643
0.42117360505568663
0.34825060070003228
0.14362132871622518
0.46269939505910329
0.48969987037193907
0.41114661775513084
0.34292338348011786
0.46211397562747536
0.50814122752672275
0.64408450037868881
0.43971661044983479
0.33736312745046243
0.62951559885318842
0.87267933769149308
0.75074987468425114
0.67381683927114444
0.93951661093112082
0.51381419411068718
0.66504532870202926
0.62629606977486485
0.76158494611025485
0.44573771992091255
0.43145541868619358
0.60908975809634791
0.31873849786059133
0.58877298787138455
0.26633619797400587
0.40407274218947209
0.33510688026294683
0.44059598694898766
0.58383608507758344
0.49342631870305731
0.55647641967303907
0.36127018563605939
0.28224371452521951
0.46050719096627457
0.16257427574712474
0.41009651442345685
0.16325726271749963
0.45173853161269767
-0.02837961693378854
0.32932802894002672
0.02372755206313285
0.31584226641852781
0.09779376874685490
0.41772800688524725
0.22665979723080174
0.54320833341160024
0.16683098876669769
0.41377442490134875
0.75571017342770308
0.76880488883423537
0.84014052383708704
0.52746060654372751
0.77627800435447503
0.18893860567720153
0.65865967911852574
0.29726795430843150
0.94470365351495333
0.61259351538930118
0.58929635701685590
0.80842365731521426
0.85573699031832384
0.64559512322607993
-0.16765518614084243
0.05908941017721162
-0.10417223564046499
0.06870171055128815
0.01190832495195874
0.21927122899784771
0.06298984750583872
0.14370418159571136
0.60376324467054876
0.17006636030608097
0.73683977054557526
0.44535152708189313
0.64617543711948444
0.43619861352988537
0.52416424112022431
0.63354164177631511
0.71230900647374407
0.69337686311030489
0.61889989166551684
0.68773931683108513
0.75075525068823346
0.75005590753672613
0.77578161447135441
0.29715647274166435
0.91246274623778911
0.37230196754310851
0.89970157246165516
0.37516744125999679
0.77565328025220492
0.37317683078197811
0.78764470059958791
0.54945362798435271
0.72530001779816633
0.47994431042362828
0.75793005227739130
0.60728150136401660
0.45108799773204494
0.98121466509533006
0.52848050418131032
0.67019456424917412
0.49583102275668917
0.78488352574784415
0.44983451453812406
0.69421318376924102
0.31628816690532130
0.72618476784101160
0.13425585921188238
0.75778017445817358
0.04475070668166217
0.62583879118282904
0.29620846153812996
0.59325744280369563
0.41980157971195037
0.67255021106519164
0.41692762713243625
0.69108019698171419
0.58346421794452885
0.65360812446828576
0.36268677332663712
0.62420566849481562
0.68768935323870062
0.70491771270265180
0.78641877539956573
0.76216450461701846
0.82705370546280699
0.63750020550786890
1.11828262445745441
0.74288678299810107
1.09440345744722833
0.64501019911047131
1.20356624979748639
0.53189245060422041
1.00573642707064681
0.62061866987666048
1.10579138978467251
0.51964030695158736
0.81959317561925682
0.61838287195807462
0.66714228254424446
0.58350755676876076
0.81488009651149562
0.45230316138714388
0.86478603992750180
0.41982005838833769
0.80758322463255172
0.35510270946026123
0.53120647596306747
0.20222748229310364
0.79461165149975310
0.39904388888370645
0.78442819577626322
0.20178887650085703
0.42788400015136424
0.12583172244692692
0.69075552321459499
0.18570146367457430
0.54985120298341605
0.13425230959515194
0.50467925294224936
0.30501794986317637
0.34923765618618102
0.47057602190530201
0.49938604284473903
0.49835135541474440
0.55417934649973255
0.66833799847218078
0.37197127311838474
0.70695702600870569
-0.02528524046971586
0.63036258133033751
0.02848009524426824
0.50415164262988632
0.28339791486993043
0.81545119936744259
0.40424584070561914
0.63544112385782148
0.38453244707122369
0.68702304747023957
1.06381545240377995
0.33583837835501884
0.92530524335467657
0.48303694326901975
0.83707358228635276
0.44508958167688456
0.77820773254423559
0.33657852993480353
0.79527945526702970
0.36465887503676570
0.73787887294371168
0.55750330834738293
0.60212712148043368
0.46419681432455706
0.73195314634640252
0.39203834488456085
0.68718625437280445
0.58340361805905161
0.71564554468637742
0.62002547672330421
0.57542539757165911
0.57170652612429318
0.48019115398298284
0.47231419890731186
0.52083285429005077
0.42061875061397708
0.50084159791715765
0.40398963301881574
0.17824080589502211
0.60057921720418350
0.21704337307511537
0.73043295212622761
0.42387549914651163
0.80678597373892225
0.67572923094290194
0.81633048743552827
0.59119397284105335
0.84338113043254237
0.59279690560369780
0.61035809107525485
0.59000368476982801
0.15458109019938415
0.60062963460975749
0.57650290115379565
0.56189252217780572
0.26358631156401124
0.76429118061688250
0.49143362339147101
0.71969808457630990
0.26059389095674268
0.83445300390478150
0.60954901141604567
0.78623734837348724
0.56928713300369793
0.77455389170282518
0.51311958474326880
0.53375767244482097
0.57481061440761028
0.38568991631621774
0.36871585162775267
0.96599162695509089
0.62048478426832798
0.75496927063831420
0.58445240520286390
0.76655631432270155
0.48960425397342361
0.97909784070918782
0.45414504342602813
0.75913562846224802
0.38083316117961008
0.39227753818777655
0.68424792596173367
0.83550798857418573
0.22410505941363049
0.53603059982859425
0.86877945181427152
0.86923269301727712
0.27034719389383560
0.71635613671110643
0.30799562455955209
0.81113648303447450
0.38645471381540886
0.79032962379078942
0.22682935357951933
0.78760289246473725
0.34359272414446262
0.55313557790024881
0.35353782045587112
0.49907685789185968
0.47635024960574573
0.53867371586480461
0.60081698626532209
0.38292537732408943
0.67180482431371247
0.19473406138573085
0.63315241450845516
0.40342786356779481
0.30613226940043559
0.28700081914904230
0.36432483951493511
0.21798524283406318
0.25114755798129057
0.36747979308878864
0.33624996396306794
0.23301808220150716
0.35531283773205524
0.22854135117952090
0.33816012213882801
0.24958821395174643
0.52777951727985029
0.09183607868908342
0.34785994125719277
0.11701620923911039
0.25422418732337265
0.18981025436646490
0.35855823333915615
0.88438553215977678
0.44749324209306607
0.35720365401688314
0.30499466549141618
0.68416642240467729
0.32381298142148518
0.56846172577970522
0.26004005609779285
0.83000422284777708
0.14353296643580021
0.68188921048184437
0.20123616318593962
0.96151824046974221
0.25868468396573435
0.82665256827429323
0.31559789357561763
0.87632149886899791
0.30553322898125623
0.75414663017430372
0.83223062120389546
0.69448352724154083
0.37753438171265141
0.68010559857343333
0.84354263540783947
0.65944705932688685
0.74078184535475666
0.53955107007604508
0.73749255444678385
0.51841788104048026
0.35946824516591480
0.25961620641693994
0.60699724474225947
0.07371907368936949
0.55701118195880861
0.25054558128573601
0.38651081776930835
0.02585544166863041
0.50822556536885211
0.12231222151234777
0.46109513269846325
0.04879581253230179
0.78247071443816874
0.13923461129593762
0.72617759647117008
0.20196483267634399
0.68926700040058098
0.35458226132567250
0.41699783658361078
0.41971688603870938
0.87575043189239565
0.58139268218631046
0.94216863183081656
0.68691817443458736
0.99715523683525442
0.34027593494225500
0.85925208674832554
0.47640852772700576
0.94575924442373793
0.40077427525529613
0.71263582528770031
0.45990962589455808
0.75920695350912815
0.37558587035414276
0.59156167283464134
0.19615854937122734
0.74631509690808429
0.28214051339576940
0.65998991868805557
0.18173917987722221
0.80216375510332782
0.05317363685819793
0.66189992475448745
0.24658396204849331
0.45288583095406104
0.35313209877882662
0.36346802048190596
0.42929094099450787
0.42959468126035949
0.74189082546427754
0.72232488960509211
0.65075640856931616
0.53946049155709896
0.51535512238546133
0.81777767315362127
0.46301860241639242
0.41855283991460063
0.75664284358490808
0.30658275441536470
0.21221667149667303
0.74873385310652940
0.07866983656444901
0.60007261141854851
-0.00015779628725078
0.40207170343157272
0.12994553209276632
0.19785296286774279
0.10141905378199398
0.32471089523818103
0.25274002027153103
0.23982390548895779
0.24642046737749099
0.35504229595889786
0.90584085113318091
0.96449922262447685
0.91183083868590176
0.90209548600416500
0.86711175145437269
0.65780895033092268
0.50036258438020276
0.67184599005738799
0.34539387330361104
0.22579241014285445
0.24106148526489329
0.34394179426603944
0.30664291390773740
0.52030578140875894
0.36598005728900196
0.60455106863187302
0.45364218071527995
0.47001526147815992
0.41180165543194436
0.59554240772163147
0.43434167217115593
0.34784034041981027
0.53214146042443022
0.27921642465093044
0.10559478510241010
0.32579491652462583
0.20610257731173437
0.41176331985744341
0.25442249756850943
0.36803003530507183
0.50659689951689690
0.46039208078419269
0.63611532746492427
0.62486217388237819
0.62734529421359320
0.54959125100180550
0.61339241129859801
0.51862928225042337
0.56823486808901347
0.65962090446984645
0.58704171738985067
0.59610628776837160
0.33389254177222677
0.66209796229892570
0.13342430265574740
0.46266705818214493
0.15680696168086147
0.49711945808275648
0.28987997982429781
0.37888539261087395
0.23647138925130939
0.41008717348125406
0.32088857832025369
0.77176284402706818
0.86667855103980995
0.53856947247895692
0.25123523932043185
0.63764904255114430
0.20040867590657740
0.20330683872512212
0.23176003070743387
0.39107086489553211
0.36598210010446991
0.21163721084587997
0.67472021686325467
0.09610048593943867
0.53709212414036100
0.33801855365880762
0.70410582104993635
0.17339894575332726
0.83740576895746432
0.25183760928246984
0.94522713487220522
0.39587353678650583
0.81033217416830072
0.46019578676849576
0.84829415874146519
0.57714492764227132
0.85762574384001444
0.56772569852681931
0.95645185355690288
0.60238076559136711
0.99172267697965399
0.59705516768678257
0.88852607764223368
0.70092484438261937
0.91490498825033995
0.48714255863115008
0.75247945326663668
0.22505910028962667
0.70823926100777512
0.52858013448637131
0.57428683324603003
0.20379426395142461
0.71887442403510382
0.16359107103372089
0.83553318150115541
0.17060486925821661
0.94568028932079651
0.57134299874922845
0.89419253692914902
0.42508012583230820
0.74497980112310658
0.72349893532743481
0.19768820700113982
0.17892040999776138
0.30714422797714663
0.13981439648844313
0.37023626190483871
0.23775908690366848
0.47260722239438802
0.03443782640139084
0.55220540473520729
0.28627718301074245
0.76393723941293201
0.38877343820550181
0.78855441931493653
0.42168325129689460
0.62811842316409006
0.62565222435493761
0.92519215150753742
0.41276648357992907
0.39183539660383315
0.54665890278164042
0.78940798010418056
0.54530360718970550
0.37827364946091424
0.95121374960406724
0.25683906400459766
0.05687963165599091
0.55621884023843238
0.20416816557271150
0.02011753166545364
0.71379822827934314
0.09932243674001826
0.61815582689130133
0.12575982988632262
0.73909082326398057
0.35331671502884154
0.67256620403146317
0.43902200019744314
0.64560597846045575
0.38861601954929015
0.76233088931117154
0.39845308593068118
0.72568488872675474
0.35566727958551225
0.64441501289136471
0.42489977664267786
0.40789930541489045
0.58901024651977607
0.42262657477675675
0.70941789942795630
0.44393976071432362
0.57599602748435363
0.54861909944199905
0.58139958237716416
0.71785353502923055
0.67424827744858207
0.48049968617595573
0.55865030463012977
0.46836312205592062
0.41511616782501221
0.76436579648630254
0.42225507032264964
0.37481440247594505
0.56719344836990060
0.56151774130838217
0.23930767146200038
0.16120060605985792
1.09684477069008635
0.98369761415080315
0.81821059178130517
0.80190570001016093
1.02234072383736452
0.77367780641843009
0.87263363375346503
0.64384348215014542
0.95353748584476672
0.66043530912236870
0.79410523617444939
0.74266637662448542
0.55314946535141973
0.93230481784843222
0.61627677196907715
0.77502945467091466
0.40966193697357561
0.74367464044307674
0.68749923717460382
0.70786710682107723
0.46869017584345973
0.79328280695374764
0.74274503271305603
0.84577273252977359
0.21878987493275753
0.87990139743588924
0.54388968078597688
0.83882335964526122
0.36213380686009689
1.02330419314316834
0.56197955118099152
0.84349871845821522
0.24388627273699556
0.73598124373810103
0.12738766452237707
0.65342597238356392
0.07839061615057462
0.53023471065927519
0.28921933033191538
0.69623256684019819
0.39738301972628803
0.68991056697416975
0.57727342543561455
0.65513670303181015
0.22713223748143471
0.89425648403633518
0.35817822198612875
0.02630973437628259
0.27130527582693204
0.79888960791485664
0.41973994399590348
0.64837707200490258
0.47607924892594045
0.76336714260540439
0.26852089805698259
0.97702433934185751
0.59031864759984054
0.91808894028308374
0.72255766802968735
0.81996657772863091
0.71905003950233770
0.09995568938487023
0.49553396144686190
0.57587882837157356
0.18521316617753150
0.29658935906335832
0.35960801722086233
0.49017259869303959
0.41150147396102760
0.48738942121939377
0.35681994842181053
1.04816096418566795
0.48799925657062865
1.01082621011775720
1.17414818087259620
0.45349516618564217
0.76562261342727089
0.89668546076288602
0.97244355263553806
0.54037751303696346
0.85992579828484916
0.72334769106229568
0.56817569934629897
0.69031319439463001
0.71801592602514297
0.29279123523266354
0.69966507572553482
0.41832690342819978
0.58454169112719301
0.56217384861834729
0.67868517789810534
0.71387427186134811
0.45967959831641181
0.65504223712696896
0.50160890968543748
0.55646102439046774
0.45255437751082056
0.48295094630546431
0.28579828954025704
0.25940266279696045
0.11966102799950391
0.39057112505822672
0.73124887681577644
0.82169454891194316
0.56817593035051994
0.97841516213124480
0.63286300240682269
0.97325896247565069
0.54230363042330987
0.73190335847899912
0.39411099478414008
0.87090785971312279
0.28147294463642103
0.64399896434314796
0.59505776818248879
0.54024633066901429
0.49598348493079031
0.62114127314580159
0.23867307000057128
0.50858838392357164
-0.00197978620836427
0.45733797962958006
0.07106937175355983
0.60467403687979737
0.11261038935166676
0.55638345724358818
0.30140855504419090
0.86363525479828418
0.19534025343999220
0.76214038697724840
0.42536210193459278
0.79233261413588141
0.11866091801102270
0.66867420425346169
0.50096148508976623
0.77103780843324554
0.26936666036649481
0.57585466796570384
0.42696422098336112
0.62381127359585586
0.18140603237716141
0.85331884448060680
0.32930425119755691
0.84864911484623906
0.21043699579915731
0.94165981756147166
0.37447004143206841
0.81163326645523803
0.41255854446829743
0.87382971149267541
0.41826341387030952
0.87752971343890618
0.47544646550314412
0.74927413268337473
0.46235118973184697
0.87333440521362804
0.62402761225139647
0.89956782396339285
0.63849339657141491
0.71864658138451432
0.72397532760230277
1.04660763808420310
0.12819711676161533
0.78643189490315257
0.61413103019872184
0.96864009180409560
0.85831272753551191
0.66686914993440038
0.77502540366166561
0.85983156592207366
0.66789599001516131
0.81879254776326849
0.67092038889198902
0.89231654804839822
0.55656478872168480
0.88883691538303167
0.38015100288610021
0.24996908261821704
0.41823174466148477
0.74167167489798491
0.31210757445067339
0.68713354839586638
0.20860036148674743
0.61657851843736666
0.60638776862632948
0.38380274349972793
0.00789914091546715
0.39633333325427861
0.74070197153208439
0.64894347642193873
0.59481721520390707
0.99900721041206519
0.46847986384231111
1.05651560525896482
0.65850692525869048
0.87507232658335266
0.70815522086217508
0.76766129168140318
0.54774760915022502
0.47156818303080716
0.52597311932902047
0.59698587514852863
0.41633332489907293
0.55984685966593517
0.43728054466968658
0.60322103565042229
0.40816923072216049
0.70376049412041120
0.39779561026729060
0.79073799454265847
0.53204248872643012
0.69507284563237259
0.70683069620679906
0.69829512728424981
0.62511978559160020
0.44600023495866031
0.80221759702975248
0.78491124195404571
0.50378017665402808
0.21391205677484496
0.48454047670608313
0.15898432140157492
0.62730037457806520
0.09137596421159930
0.54123623589878478
0.07578327493651364
0.39638728327608308
0.03980787927664957
0.45848611292513103
0.27881027701187200
0.01812132553050681
0.24089517999142057
0.06265299989154784
0.44926522043581524
0.24610679301531646
0.26024113248723352
0.13936643673311253
0.50193310196963214
0.24720128101254313
0.78875660442288675
0.20799492732048228
0.28066823896058318
0.20851656011257227
0.56037620608608818
0.23819746912793185
0.52139861261150988
0.27906897822336346
0.75990732216547152
0.37793734008257218
0.91645379454914688
0.42400476052600911
0.94338193562950079
0.58345751385070999
0.94525246778557692
0.51596671467905908
0.91101851121940014
0.70000754018906119
0.74419888764487108
0.81228633180260201
0.51513431448051461
1.02631356709455202
0.54410682178045722
0.80435681898955413
0.46275736219073782
0.86338572340591291
0.44898708330266124
0.78434839250862354
0.35389162408482200
0.66470635000967970
0.54345633865444720
0.60089338292306849
0.46202923929454887
0.37224643265592405
0.53187142527274012
0.44109695353597628
0.63661337227855119
0.38891365775289832
0.17516988935584410
0.47813948314702076
0.45349598234203387
0.84417959158101497
0.39250641364781880
0.70445128466945683
0.56250415438713464
0.40889279243296628
0.33930260791639577
0.51489251605172170
0.36131695824262189
0.58154751590958020
0.61273992985439807
0.69072913298866379
0.73551398083729969
0.48216508588336959
0.99182907179602453
0.55091297082023050
0.90405438174763131
0.45108854979611812
0.86564640131723314
0.57121107155537998
0.78533225505260873
0.50248268370104199
0.72507052259159743
0.61932476162061834
0.93641894756912003
0.60697946943424086
0.79054215908684955
0.59970626075553812
0.94116695603193579
0.47657237008967124
0.83138668858207743
0.41880696583164984
0.76738230568219068
0.48584034030845985
0.70847579061301136
0.61135916923128120
0.54842604998519162
0.49843741173958434
0.72304796185003339
0.42922789744838458
0.42711246565360494
0.97631781350229152
0.80099640825463891
0.98442252380105388
0.69754906121033233
1.08498660843832173
0.80396559690315705
0.91207030994305704
0.69598340289743899
1.26076529496444478
0.83747105530151400
1.04694994004779596
0.77010502274493309
0.99536072720548496
0.69586042480072097
0.90296884647946118
0.70499368132664308
0.77701332849917149
0.60814256348876916
0.70715519940487115
0.65452357396973548
0.43396273876837466
0.55926398925911469
0.27437615321620173
0.43875186470811245
0.26790093481639199
0.45149093981227090
0.38453258717552613
0.36610662790976628
0.80543671938221484
0.78224775100213662
0.63626154916103805
0.80485593959906077
0.69185865228669452
0.54087712683797573
0.53768008813576573
0.70642130042638329
0.37399386861939926
0.80780719658144973
0.48018881983315859
0.84598921754869649
0.06062062254998686
0.47986363792395015
0.31795138708138942
0.87756796873487397
0.10422369876236007
0.65333407297599755
0.08844915360175704
0.51674283872766724
0.07521247988896948
0.48182725413167121
0.03751595566293777
0.49288947936267946
0.26071590953015339
0.35424850190974411
0.16682924591079359
0.49942228911474507
0.38820628054274925
0.61106488260891612
0.32057356157338279
0.54857266916887781
0.63943317295295499
0.63576561560155609
0.47507772021222666
0.57211493206875241
0.75343722176104488
0.62114819270128352
0.37352105227805216
0.45954808365692706
0.51959648574178297
0.21963225429907521
0.44133210954003466
0.03267140912021363
0.38365936752740687
0.14324767798278518
0.24461851615790764
0.11943836737850555
0.54421809233871377
0.11269919285967529
0.57576596511709255
0.27366270244193330
0.53237825470298716
0.45346440742079946
0.43069196431960721
0.54480955953199195
0.51923503650591540
0.21112118000119212
0.48810523732354510
0.36636315583919554
0.70967352592392319
0.31107449813474641
0.62795981260627642
0.45543285441610826
0.62253068630048591
0.34144211020659598
0.26618409395862319
0.25736102165026298
0.45850347419759646
0.38822659055284864
0.49979318874816048
0.32738203378006914
0.30856669763914391
0.43932238188399070
0.36242054622618841
0.45714352987462714
0.26624576312479575
0.30868416585204078
0.36855775539077940
0.46971556044609569
0.66181198556203347
0.42733182348541293
0.71844128896194615
0.63335650547809075
0.76267827223005025
0.72248281632051492
0.55207603936821892
0.81235085687818609
0.84256473026589085
0.64655021833136284
0.70655655733083400
0.74108160061785877
0.59545342478394103
0.46758793220465050
0.85140622557128232
0.31327111150900827
0.68565265439691669
0.28146383572406519
0.48552085176425808
0.24005600865415055
0.64844673463936076
0.23887312186485576
0.55642607148562062
0.60239808355683366
0.62705926985488925
0.77903790877473544
0.54575038312243485
0.96712581158406841
0.44710250211200775
0.83942044375509239
0.37812103823943144
0.30123948481863744
0.42334886674540900
0.36203342407042594
0.46213763363854449
0.56671017454158945
0.57894613548617901
0.47871436213099339
0.59564747966661269
0.47910468800757022
0.75148511290420184
0.24976814965933294
0.47812777171350629
0.31521056147515564
0.38029762876167084
0.49749250839983711
0.56086420941730164
0.13481865395061188
0.59939666572657024
0.17060332368429273
0.75264217785330001
0.35608062410948460
0.88284861563536399
0.63466632798870826
0.67174250274965708
0.38346728986460626
0.63522633857704136
0.61805841770386827
0.48654057734664813
0.48741012575269899
0.60751050770271220
0.37049197719245852
0.53572086993787171
0.36864895508786139
0.86307063374413562
0.38312605302931269
0.66578466334685527
0.29923418007420699
0.94630997860342714
0.43505524708749155
1.00979619000781429
0.52664063908715886
0.80273014977399204
0.57551443284879444
0.34027607756507539
0.99532048180632104
0.86229266766557444
0.73769265415817897
0.78398090372514107
0.77646002911396506
0.87901016550119426
0.64304393939730664
1.02967871343545658
0.15333733890753817
0.95154125589414296
0.41722622570296319
0.86096865820212742
0.31425680944570183
0.69458925491063450
0.12343138577062568
0.81394437374650852
0.33326683718042949
0.98761021666805016
0.34813400771760417
1.04876517888813492
0.41252245540762539
0.84937218309260198
0.48742424380143318
0.88544370444935772
0.39459221770759489
0.65964341569599383
0.42006573100222128
0.57919450693416097
0.28955017957128926
0.50818654525288076
0.66007731807429915
0.48017619748477708
0.77292761288675405
0.48879736105180227
0.86354190814264942
0.47406768986874787
0.67937213415623166
0.57903614130570813
0.70509138812792738
0.63571910464052406
0.52399407416472432
0.49861892266495761
0.63781091620688213
0.88843557041983945
0.38041150764313547
0.88902884410902216
0.23206441947840958
1.02791735401604689
0.49726107982706352
0.16961973461312252
0.59860321675564176
0.92169476386471516
0.44449464312943127
0.59560273888199589
0.04104497221764151
0.43716404401463027
0.17608715299623509
0.64391788031307695
0.13809852547024234
0.90754787481238541
0.26769090956728431
0.67921766479503554
0.37427242056078802
0.74625197145298994
0.42352212789330357
0.56378603707475994
0.31264312000661099
0.33926922576879298
0.35403168378607963
0.25041717235903560
0.12147968199312954
0.32403892659530736
0.19476343986012024
0.31137472126911858
0.14209868269427869
0.37163819305962836
0.02235278367659087
0.28948638957911843
0.09440781468899373
0.53504134630147582
0.22678855530593939
0.55612239194993940
-0.00443712425075771
0.62425033660676021
0.35511889431589089
0.47449885720970819
0.18515374709659790
0.50437060072607431
0.48046308736534715
0.95247507111708252
0.42169352979033464
0.26871534448324674
0.13245405323945680
0.34227809498349487
0.09936904401015056
0.16549930052368919
0.16438013855694578
0.50945303233151429
0.29570759798327506
0.28172691711699155
0.19745171219457769
0.23457994140574609
0.27935311689228798
0.31217266056762172
0.23709592788422057
0.48347368144035013
0.33725345127874717
0.20161695337048746
0.35290148662752507
0.35799766091639312
0.43676472317930420
0.29401143410284486
0.47784123171172233
0.08011925722201944
0.36643177655660508
0.24839385277634940
0.30703063626690474
0.38424525148499034
0.44056990556655251
0.68186866506931965
0.75551036134725591
0.96409359582878063
0.70665275351787649
0.82906460331491549
0.66545116965042017
0.70686726481102213
0.45614470885341518
0.53840987268239315
0.55838237235507981
0.57679619480831046
0.52947559287911028
0.69404897171826974
0.53463881105489386
0.46702351948465287
0.61385451467656282
0.55215566903242064
0.46828684671885579
0.41049948404916270
0.62191860086410056
0.52205493489351618
0.14120171184588781
0.59141973577726936
0.13684517155006776
0.45887892831273824
0.28470979664838364
0.58746466244402196
0.69280506840479439
0.69149304729603189
0.64232795937207154
0.80889515363541609
0.75529607298415791
0.28405573877804807
0.87269989101304979
0.21090861746332304
0.78451514041458881
0.13344161435638513
0.86786067440076275
0.24233292801180922
0.71953066163638069
0.14778861252794431
0.66634696598844922
0.26754209238684051
0.84024887709090890
0.18020322751253776
0.41043490485004303
0.82248907365635426
0.26212143005389171
0.69956387881878102
0.14257778442043331
0.54397896607407259
0.24889516217483393
0.50133938254575883
0.20949600017425238
0.61991919537381091
0.25161257631151790
0.26580739582354895
0.33726534627931182
0.09682490128390410
0.32025324128837945
0.09943077505729706
0.42810956821846896
0.13478256305792197
0.38263013473710078
0.12874111526908483
0.53606706513770674
0.23499359381094387
0.77816578210460952
0.29247710764756285
0.73749002806997144
0.51822653490588388
0.69290507692320069
0.65337922660642267
0.76994952777341075
0.79470282812056570
0.87640119642720982
0.89428408230199574
0.83525167182763416
0.87017655918716430
0.87143305134709037
0.83210312348291915
0.91923216007699748
0.77505756045251273
0.84579497004359805
0.64065724730867968
0.85264439519264090
0.51500732815244898
0.77676781634105596
0.89750307569713539
0.59506017480334705
0.28245922106250082
0.77872939782061246
0.26346515034929596
0.69058959405844378
0.30503364764800417
0.44928934041468538
0.41312890422545234
0.49354092356638263
0.33412878272954100
0.16341202046690431
0.19748764091223289
0.84066648872388616
0.37439841438609517
0.86386486288058173
0.17816530616834012
1.04782429631875673
0.28509446762195273
0.83309636137389720
0.34790553104713812
0.70953198733375211
0.81238083154934437
0.27416916390081603
-0.03932194066137411
0.30690795156580220
0.39369628971600473
0.62776998631163672
0.14098951114977376
0.84771997826770462
0.24281041381013113
0.78202411540313244
0.25396274219803561
0.97210058646126496
0.35631157770807925
0.84045695796046194
0.41189371514466083
0.65520619921449352
0.48581273003929692
0.75707964338253886
0.24506989969523313
0.57556842059715219
0.75622489105433222
0.50148639712924026
0.70039714959247168
0.28488321987166521
0.67366249493814445
0.37306552181535846
0.63143430897498654
0.24306623719638890
0.64201109695870973
0.37722495456987537
0.48690376214847508
0.52777137458091450
0.67989679747101406
-0.06847643969426226
0.43343003622915000
0.21763661438406395
0.57043479219392323
0.09759769751162520
0.63180725865072973
0.19826739309689767
0.58648200277056339
0.45129766946804717
0.56486620213806282
0.39822950172855531
0.42461498889518684
0.49848705712107144
0.55511152464398084
0.41683103720988851
0.47711698214724202
0.35203535565221400
0.59812996121262674
0.48877801950573230
0.40609451613284514
0.26070628289422543
0.64560371506223435
0.35476783628066916
0.62218369940706975
0.74342545289384199
0.70659992838312125
0.20486870142121083
0.68578909993384729
0.36047094357699033
0.75692820741223388
0.30586327206531733
0.66241785850784307
0.48415380215466053
0.26846778735796117
0.63854735196085355
0.50557281174236546
0.50725065022571891
0.32810882301602218
0.68919365506790520
0.31096628133255633
0.74026807360572089
0.38827869284703320
0.33824086044636209
-0.00876428908153534
0.47494209577275448
0.45549691060926029
0.25870576343651569
0.04249980151499133
0.51682888178313002
0.35398441784614976
0.97224618854038758
0.78603637143956262
0.07805403811202953
0.14029464208503470
0.87061499510459373
0.35228707540460347
0.87941714891189493
0.19903493860916432
0.74773895982614813
0.26457745157243012
0.45176465825980716
0.34158401400120847
0.31239915509368338
0.20824676289298413
0.43739946200598745
0.21117310772379325
0.43256659263908964
0.29333828465276618
0.32841271421340962
0.35504876360725013
0.43461554610804942
0.48386694779263539
0.61611895528526617
0.14800290426742468
0.58805924702406287
0.34510176149454203
0.05683843918003544
0.27406123793115983
0.22685984404048248
0.33270727362336877
0.08520309290448483
0.34895494224696882
0.19313940289820616
0.39914440742575602
0.04607134958312147
0.46083059993441722
0.13877107660372517
0.43374246385399057
0.27220299187108499
0.52767504178032143
0.53015758317013584
0.37632250534284878
0.20772057124590054
0.66119932735748943
0.09633766456151788
0.64399294442685828
0.20464677254854718
0.85769679113071229
0.48187021843140071
0.67902616963674001
0.49199661801796268
0.78253594514406910
0.56013854669404151
0.54195664826403467
0.67929276940061400
0.73200770030640361
0.11238998720337370
0.12165822913364317
0.27706138908539479
0.66043364662023274
0.12750367902059676
0.80699497176452861
0.81568518214168917
0.63115829016679814
0.81199322027534271
0.50527718207226446
0.62600908790817389
0.49225972285912906
0.43361547787129129
0.38059627102109639
0.57938205868840098
0.20447395362403742
0.24626230302748664
0.37549740707170315
0.35297033109034126
0.62565992086872069
0.31346162261535965
0.68113596854355585
0.40029174200550310
0.54693485240409978
0.76952419330901300
0.36270553440254449
0.66502554024273963
0.46715026363548284
0.71477797350927563
0.49666229822565761
0.55445276935435028
0.59644611896324917
0.29739199353297485
0.52770359851656523
0.50466145844730848
0.53767301344728358
0.21051789805672250
0.18103015043278173
0.17385617364063441
0.30181572681254476
0.21429638485433891
0.31000903293919613
0.17025420413909692
0.41705445246853212
0.44212930887569929
0.32610919389714299
0.38301557208827297
0.56570886384151065
0.50531407534617589
0.84890059877717938
0.51141820512172298
0.75757180705932869
0.69021640364661951
0.77606221789159446
0.49258998711275914
0.80835882901848644
0.15732031907322636
0.79087492459214392
0.24212656320730505
0.58173801157488048
0.26111885858626932
0.42007242355546182
0.37404048087465913
0.50070033003429248
0.37037980669983961
0.42198409231466616
0.54356688627838312
0.66541227889332077
0.20658331601034130
0.20960977208227810
0.31548710769921140
0.40438381717736760
0.15441133169592050
0.16976709844852747
0.37852670114085857
0.16864344606611920
0.50608347701819856
0.24974710353757062
0.13954251854583111
0.46086194961525040
0.19595974239995398
0.44735355967993290
0.07970492119882625
0.65349338590769701
0.12379089964028626
0.85174441635127407
0.11700024639272513
0.86683847905911482
0.34663832922183430
0.78605634147787662
0.17290598615464270
0.56552570522753032
0.22600617662462585
0.89267690723292148
0.29513738668183565
0.66216941139777408
0.10952120906586488
0.27257622890537253
0.77285412044220736
0.36473290132612440
0.47179436709665551
0.28001303391172849
0.85617981044812164
0.25687246352016097
0.68310735019195190
0.28982675236921229
0.81302729529500861
0.39675609012030161
0.70329782422574683
0.72104365668462000
0.65196592815125898
0.11557030186196671
0.75730763861091555
0.08734074834264506
0.74686880336849948
0.14176518643690872
0.79563099994220587
0.15995415381452346
0.65026146431758880
0.26781782820924455
0.83159467053448366
0.46819889847945045
0.72257400979417774
0.38727506504134229
0.63949011533344924
0.40444875565570565
0.64429175014708151
0.52278589226534433
0.40790405791133488
0.47067985741341173
0.40534421266024878
0.55113392645099646
0.50573888045955795
0.47145733582409921
0.42333367078072481
0.46092731982138863
0.69908264771457729
0.26758938735835069
0.68844294118464144
0.47371243768879800
0.88719672583519549
0.45858556490857194
0.63886469813684366
0.47528649231999209
0.37572544267127694
0.67264956405617016
0.66086229030210608
0.64107343236126957
0.54147240969218846
0.67825253697225707
0.57952029450713505
0.74863432043569811
0.66287269515911962
0.86073269057126189
0.35665784076961432
0.84892951154354679
0.44417338935030076
0.83199793726431193
0.72798499067911260
0.74771381961435268
0.62233883051271877
0.85962325870912726
0.72247754260356212
0.75649296900987673
0.81730407373948744
0.48792173527498306
0.80179921970790602
0.27794912312897074
0.82889540242806103
0.40458269962413995
0.55610127407909449
0.01866033614749207
0.66975389334277247
0.44823989254853042
0.44414955412499796
0.52845755165182873
0.40782087369377290
0.38491457215845332
0.53528336949623279
0.74159735215835076
0.42794087461368940
0.80403769062510044
0.79923635765840673
0.78142140184631248
0.61521411475228727
0.78817396355052549
0.57268737941410242
0.74563711630047369
0.69045649398972220
0.54250686957520411
0.71000639061849868
0.12638062971330413
0.69258848269980045
0.09425198987900339
0.50754368065181965
0.73054148153357534
0.28352930005875010
0.83495540619105946
0.35942339506157200
0.60621019735959925
0.28572320782600169
0.45455702502388734
0.94188142974022226
0.31390220625151183
0.11249142775415201
0.37844849477135484
0.78463070231644838
0.20408847127383789
0.33043031198535477
0.21642504081376782
0.29738350737902286
0.40283339245000405
0.30667674312682192
0.58965553353901601
0.29383324368009606
0.48540097621052591
0.46571112886706023
0.84365990076482711
0.26671738420327068
1.01715099287715338
0.35808382322655558
0.46238829625077105
0.43851165903455064
0.24349419356314120
0.69394800521528788
0.44145054820075669
0.68656368019062264
0.41580660470485775
0.69125333088176832
0.60632674074274606
0.80179917765124853
0.57329299925465782
0.17643447150075206
0.75488238226962667
0.22896407123028356
0.59929481920245486
0.21065171695101204
0.43877502790693335
0.20685992537988104
0.36168708720323883
0.30299395109822369
0.59137561874105571
0.19851912877608557
0.45498420398255207
0.37737959688016143
0.69921698424843903
0.32715689067484155
0.54478945383060462
0.33589753785381626
0.73868711589750413
0.44933867786635728
0.63668147475285741
0.52346670405298024
0.89698829909516264
0.50143624380605167
0.76156607567066925
0.33329064287024446
0.92970048480877765
0.32418094874341874
0.81711588710153071
0.47245007004244810
0.76662622193090535
0.94951764377082881
0.02183692326107139
0.72047452458229433
0.14108249826225722
0.63325816137120461
0.12440659934601175
0.66577580789711532
0.32025403462864527
0.66274176843350652
0.36855812570164931
0.52618079089548531
0.56220613512422335
0.69350899156922063
0.30121443070605580
0.39379862365469170
0.85022085982285134
0.70754051796610395
0.99351032033620468
0.69371626595638969
0.81800177127516394
0.83537001680033851
0.75993032812781269
0.81290691974558404
0.63772413277298234
0.71978934131530947
1.07693756312065569
0.38412164594013276
0.85456375234545412
0.44305644989902548
0.94119009537432086
0.35656717064644000
0.88004131787321305
0.22610221175528131
0.74465897122354363
0.53769614325414483
0.45158695458636045
0.90014834675190092
0.34649678016950514
0.81965680015665732
0.49975997766322150
0.78012126652729308
0.58898890091210554
0.47264553304363599
0.71051717146019233
0.32420002856491714
0.38145438576068452
0.11771702045680854
0.52398199867546957
0.15410353890887360
0.19486916129662193
0.35581416350741557
0.22897428638229675
0.45258982224914790
0.15545604824989234
0.33941945740652446
