0.49639414880690202
0.12701074237766907
0.47198674780215116
0.08970318005527217
0.45887574921518542
0.06446834259660665
0.44046486808647617
0.09580726727490405
0.46732720690809765
0.09831971766542308
0.46258653454923082
0.10075968511162274
0.52115800682654656
0.09700304129853869
0.48215590303096512
0.10609732602859051
0.48542869360207269
0.07726441200070086
0.50112231075042446
0.09104320601542576
0.48392653005185438
0.10980163428042845
0.48638844694037731
0.05900197918123971
0.47768208735075368
0.10553188957467330
0.46922130652208244
0.11278978579650396
0.51433419838234185
0.09049218303717008
0.47386974315230235
0.11934495137405612
0.43564968435405604
0.09998668143629179
0.51006636069077327
0.08858177153827393
0.46794576548771050
0.09711767857789386
0.44051160739033529
0.09725186699801645
0.46235264865913478
0.09424227418960443
0.45434433007154607
0.09041833686989709
0.45902994770915184
0.09671085597087764
0.49175265890973918
0.12367752547411524
0.46642966075178982
0.10099499577653270
0.48086396025841305
0.10775621742856831
0.48383281500166014
0.12342077220901498
0.49289897528987603
0.06722243652764139
0.45301893190608700
0.10764999482910097
0.46935988759720404
0.09489008292298093
0.45470376631126092
0.09009521132928701
0.47077011584582501
0.10259218423968856
0.46122050462751890
0.09386988296773074
0.45810107804141481
0.11074116432085514
0.47513039122176126
0.09872124995296473
0.50889785845265889
0.10188670443855224
0.45415913290505860
0.09197015243626551
0.46736548323832700
0.12304967380399437
0.46746497679000143
0.11776549599589524
0.45869463845563574
0.10927955885625121
0.53239068653868826
0.10719889008924466
0.44924381545001441
0.07886481047735910
0.47476605589040383
0.10102512630823937
0.46298195513425694
0.09401925359435145
0.47000296633293698
0.09686683628879732
0.50609045283892629
0.11075054014485439
0.47194441809665333
0.09727680991296105
0.45788360934804523
0.10712818129902994
0.48292061628267080
0.08319750254387118
0.48750314545248785
0.10281430098760683
0.48738387038248726
0.10196703279224542
0.47567775274297741
0.10074182010257751
0.52440128761632177
0.10510486621634275
0.46275460843080751
0.09939843729780930
0.47943633793522128
0.11835739104448932
0.50519299044192489
0.10304509572167032
0.47562297143620941
0.10112402090487374
0.47275403112908038
0.09843447871921226
0.49909224107639816
0.10584497113563121
0.45757816024814513
0.08212582074150185
0.47110006421188072
0.08983581291438421
0.47108883755135722
0.09996712258734802
0.47332880772027658
0.09311128535718605
0.48379531483223270
0.07764309131231378
0.49650006055642343
0.07753566514189325
0.48633919415480659
0.11000603779956927
0.49793035175516942
0.11391104869281618
0.47310842825896293
0.09697931628517216
0.47361196393416344
0.09114722762484490
0.47371033339764956
0.09207080078360241
0.48579131625993555
0.07826840368817861
0.49123292374675581
0.09843019924759297
0.51154850429375109
0.09393215473811824
0.47188554247190428
0.09318186372208913
0.45869061480763812
0.09950603763374694
0.49876403943413228
0.06002272540630469
0.47781778258842839
0.10231453902160320
0.48672235374313239
0.09543025042528032
0.47442087089961993
0.08932698252545798
0.47154736879458931
0.09074376891152462
0.47083723370335689
0.08934543484114857
0.49272739542346145
0.09249184916768112
0.50621456640562135
0.11454137840808325
0.46527353823417628
0.09549752932546651
0.46493891792859793
0.08851954693372335
0.49267276345749844
0.07777450999386153
0.47547682823492426
0.08932479738672557
0.44996693296872098
0.09275162818848082
0.46414287896371520
0.08210748685965585
0.48662815522519515
0.11934912104626556
0.48342652119844515
0.09961408263138574
0.47581715477652647
0.09320824986987791
0.49063056374533237
0.09346093743338535
0.47077530278470475
0.08852994028690223
0.47608982925129611
0.09593308072135075
0.47449236549156815
0.09472466551745032
0.47708703382495965
0.09026214251207601
0.45504322891597437
0.08381798022827394
0.47513807415900811
0.09115184424907410
0.51207252067192655
0.10951383838592604
0.47384229024005836
0.10509568719335571
0.46651182653449430
0.09434129781537715
0.46054678724941839
0.09975280550411009
0.51824749915760382
0.10441028284039548
0.46603032176242709
0.06922536415600390
0.50603137249061925
0.10357215952483348
0.51493560991624632
0.10174836982246008
0.47150925755380746
0.07745873986266749
0.46203545458075457
0.09212137940733757
0.47885723955619347
0.09886602245965105
0.47116631954460164
0.09100022890635497
0.42292191530718010
0.10670215895457662
0.47392826466081306
0.11977490771166854
0.47872505964340917
0.10454982615175826
0.47340955299731724
0.09195426764343613
0.47158192458365272
0.08784131735813624
0.49272740570913270
0.07372228268028996
0.47294139778209465
0.08987595871740102
0.46653823426082774
0.09517566366580972
0.44056159183361632
0.09033492084551019
0.50253227100249931
0.09479477384833843
0.46342429722024808
0.08773429409197042
0.46960416709545200
0.09051985714391483
0.47450861013899637
0.08630908062690490
0.51525240171560016
0.10138196934707527
0.47274234437672707
0.08865531838163777
0.47520609852234313
0.09514186477432243
0.49352225136565958
0.11979726282687572
0.47435739201835220
0.08835011058839791
0.46642832330585582
0.09259454704707296
0.51219119112531897
0.08972620793897715
0.47312712539271951
0.09849826324340652
0.47229825130976755
0.08917036596635305
0.46681805708398899
0.08940546824395598
0.47687580025669990
0.09884019892159809
0.50134334362779898
0.07761892047862895
0.47701799751874907
0.09785040131775011
0.46821455328513273
0.09742762829634091
0.45315830333275531
0.10665266904956131
0.47222173358624975
0.09921943849669357
0.48233862387861604
0.10329302923532832
0.47628022458950076
0.09440888341115354
0.50737883750449453
0.09211036675562767
0.45181994959990146
0.09314336924553732
0.47518656030840389
0.09207706469424295
0.45775047712889622
0.08805351006334193
0.48263062420641661
0.10317412991780289
0.46903963593192916
0.11863680778675161
0.45683750399525225
0.08838176909775121
0.47457405100839345
0.09434421096111356
0.47364785072578819
0.09459081529231764
0.45498894998548556
0.06097188299452755
0.45196554401503330
0.09173413399331813
0.47439326026374917
0.09121087811134114
0.47038724634532414
0.08637096127861660
0.46956382315996875
0.09487558378077000
0.46256075527976404
0.09733370096083173
0.42293209408572241
0.10247021115353232
0.44717524849268597
0.09152265161882382
0.48319532936488002
0.09096670241038543
0.47046766330449791
0.09893426944428360
0.47304566061209108
0.09296577875535636
0.47203786399480541
0.08717814652191108
0.51899761963670477
0.10391851088686810
0.49486522613422129
0.09880241293626535
0.46252782016855953
0.08696054299409599
0.47217148777822548
0.08328129038367728
0.46232320208205668
0.08905478274129250
0.50979765167891633
0.10177356915759493
0.47242232819878799
0.09462978664785485
0.47314140281456002
0.08267459215317045
0.46663254918824099
0.08336120317800980
0.43975018477676109
0.09211231063558241
0.49208638804804877
0.08876018107053646
0.43576457026743365
0.09350036810173458
0.45099849436856698
0.09112770164284603
0.46566755454770126
0.08847487329049965
0.52059714397335577
0.09618622521143327
0.47912780082510914
0.09882505865744728
0.46194100074394728
0.09767352723293614
0.47427379842348116
0.08709206594748421
0.46688822995261553
0.08986012221601133
0.48105742903550619
0.08230111323905401
0.49066624520407143
0.09891977916111774
0.46408347529800098
0.08338490764745449
0.47322932968559367
0.08956682058214376
0.48263547395478812
0.09764736892253023
0.46934387853589277
0.08288859881137117
0.48035379171343984
0.09938339966016961
0.47756189651729219
0.09230580296364081
0.47126594170407182
0.08855092521388554
0.51567668993647442
0.10087872319808479
0.48156503120527261
0.09858282500481724
0.50872999302994759
0.10072657340259246
0.47370211930353762
0.09794706142097895
0.46321199095916998
0.09069766107886096
0.44426950704943702
0.09111249063039494
0.48941121438023261
0.06099604724865393
0.48409846232317533
0.10054228019260530
0.48648165960570394
0.06272930301388069
0.47044406055323551
0.07553859740393434
0.46513533231135112
0.08758329419013471
0.47193329106849846
0.07944694167027194
0.43638364441028304
0.08796916516460022
0.46634671104420072
0.09244914564172364
0.46047837807423453
0.08457333602375772
0.46025655920821307
0.07839664833123564
0.47230176542148694
0.08697351230858712
0.47098176021535210
0.08625417018816452
0.47296484483494816
0.08301585149341313
0.46433110892749713
0.09208927028917782
0.48320919034970233
0.10155301898952288
0.42807857337184640
0.09506258640902032
0.47765166588108637
0.09790564526214712
0.48184273585424536
0.10137229679273384
0.47641875559941549
0.09826836296427244
0.47142238440244766
0.09035154448387181
0.48285210837016845
0.07947383652945889
0.47576433911684357
0.09429922513092769
0.47737530461859257
0.06505513353453202
0.47189356255990444
0.08595666506257423
0.49646219445455492
0.07640816097568905
0.47710829698266743
0.09511145128435738
0.46976453347539721
0.07416437555255848
0.47480150805243115
0.08317440802088896
0.47371879505512460
0.09443079148701311
0.47130994477991101
0.09491004634895267
0.48850331836145777
0.06387601482589411
0.48415170938453578
0.10407576920018705
0.49718871653881413
0.11029773581682145
0.48027333736185118
0.07251948076535662
0.46915248341255755
0.08916984266478994
0.45828355905219476
0.07286620771115249
0.47513700059716224
0.08574084554351703
0.46381159113692288
0.06515187899407508
0.46620961127635946
0.07432751528447454
0.46858790640104170
0.08619502675602596
0.50411137680396834
0.10615513062660549
0.46976567430889127
0.08475962605428392
0.45591013916807277
0.10502264658416519
0.47238040348527000
0.09736546964134288
0.47210549420924031
0.08496782738328401
0.47706261170992631
0.09533697449829473
0.47673480117128875
0.10337679610046679
0.48196515934011297
0.10393673858225674
0.48198741998904537
0.09728671538291103
0.49106836426479872
0.09762079481481778
0.46251407501246455
0.09026677543349389
0.48282433056157936
0.09860891885149448
0.47170936784466966
0.06340511697539750
0.47289119850502875
0.08475356604493370
0.45477812137063511
0.07902764860409051
0.46054387843889660
0.08719970267124197
0.44324675452323981
0.09420946524090307
0.48415671450818198
0.09402903609375850
0.50657885213634568
0.10778532478589724
0.45738762461052973
0.09340697851350019
0.47688227681225875
0.08044605622029199
0.47317404987838207
0.08725583838079300
0.47485021342051958
0.08715524262728587
0.46547531580752854
0.05351587649523405
0.47738179686992926
0.06642476529780914
0.43225712938230521
0.09128719112284357
0.44489001175300724
0.09260946511604624
0.46717066521468864
0.08915687398496566
0.47318460995080214
0.09731924074689566
0.47398917994788387
0.09273632342305765
0.45267062058163415
0.08539342626793861
0.47020604972930968
0.09427073901153774
0.45856369094809762
0.07030288803103547
0.46737075687112350
0.08839108979560430
0.45562642855876423
0.08679704139697575
0.46945998664908689
0.08907484340437968
0.46633656041031718
0.08336151614211565
0.47443110976814679
0.09331842948601532
0.47026877000325734
0.08486420440847346
0.51131003433889322
0.10519437737468126
0.46655671987862540
0.09025878653361323
0.47529424383469177
0.09632999078245313
0.46294169990579714
0.08843277191904413
0.47260916599641145
0.08794220633099609
0.46804774121500842
0.08899616432111340
0.46688052078600817
0.08577277990982296
0.49829284239420690
0.08339797100423586
0.49132187962597296
0.12037944932695763
0.47785648739456993
0.09745033743330124
0.46344188278131015
0.06034531757399875
0.47752773483054450
0.09893403080285045
0.45875393334288789
0.06451853887170235
0.46813005021762427
0.08921709271710181
0.46229783254601997
0.07989734946376831
0.48702001114554783
0.09508274316658470
0.46605877336064278
0.09169073797280633
0.45715072515203919
0.08631090570538641
0.47179907824332695
0.08929309028292026
0.47433058576095483
0.06411831304674911
0.49823496406984069
0.08954670430292122
0.46890666631648886
0.09468524778473758
0.46114329040030361
0.08774632608266167
0.47401742777338646
0.06868375024419969
0.49480580099712890
0.09702853246257502
0.48322819375151815
0.10067542551536579
0.46184499657356132
0.06248288868877692
0.46744143003488847
0.09023687630289319
0.45689520065460559
0.06949871701333202
0.47133051338925991
0.09398732628735984
0.47381093254061479
0.08799671185107331
0.47838403948353175
0.07554309094301546
0.45119383385755268
0.08893011960054030
0.47901668867358588
0.07854714351959387
0.48688503002045924
0.09187969259495041
0.48879901566581985
0.09468553762654039
0.46282924072148279
0.08738140571329572
0.46697749774967401
0.09063149124652649
0.47083873410980698
0.08712047000568231
0.47194870525326094
0.09069266931630532
0.46862242888232752
0.08426768885419611
0.46985232144252081
0.09526744511040461
0.46760873622044585
0.06859713362691194
0.47220568556264453
0.08639293539112554
0.47371287915302207
0.08394742167332475
0.47925328676633849
0.09723712465211240
0.47277830241904745
0.09028412777165531
0.47240713796171913
0.08324524235409550
0.47393462316757107
0.09153304755812816
0.47453677754510126
0.09238600919549428
0.47414089488100525
0.10610060817585809
0.45567351210210477
0.06236824131910669
0.47731182370600722
0.06792997375506794
0.46930093446729748
0.07251113968682830
0.46707857122919089
0.08098762995075071
0.51483808924215013
0.10058722675884241
0.48995988774877336
0.08633279292338933
0.45593840159964227
0.08594210432605096
0.47421908837798055
0.08382014422354377
0.45247894901562818
0.10191132956370509
0.43420090815733159
0.08510247948190823
0.47353844326559102
0.07863525147755647
0.47176375558411193
0.07842383394528575
0.52221772153396617
0.09567993487635376
0.46331599933621254
0.07919443196381515
0.46771041266228697
0.09155760834726462
0.51087763805644815
0.10612985451411615
0.47181837822824962
0.08430795209561415
0.46929616768806487
0.08853513948552946
0.45500965077874467
0.07161366132124571
0.49292475375666794
0.07423737985637904
0.46064228749262298
0.09143227407935797
0.48712348793170096
0.09416649428088358
0.48149615380710936
0.06548021986780619
0.46329402647953644
0.06684947060994154
0.47040777451411453
0.08703049470268436
0.48172371742064024
0.09448292187074230
0.46999725273144621
0.09324597553591929
0.43930036388260763
0.09537300065910183
0.47227025751756052
0.08750746506402346
0.46505402006552254
0.08928980523261082
0.47060902825367867
0.08829924929058619
0.46631719842422631
0.06660156252397909
0.50639236525088838
0.10910045804505783
0.46376625544522143
0.07640540615740375
0.46956365717593962
0.09163771188190603
0.45233962578808656
0.09673807736263357
0.46625310100752204
0.08970228217396015
0.46239127121785761
0.06327216663577216
0.46429216416994623
0.08925942774723217
0.46622133380997310
0.06009006258686270
0.46390782018334525
0.08766942193230536
0.47205662084861821
0.09077929472891152
0.46102443277444638
0.08105485224211567
0.48263218400951313
0.10163414460461187
0.46636856707560009
0.08550303810715135
0.47025997305795031
0.08871595525204937
0.49765029148662904
0.08508003304276823
0.47208268835332273
0.06984622555186254
0.46845513118760196
0.09243310262110460
0.46658400578044906
0.08001632805369494
0.46934894502782964
0.08830348964669557
0.40410482259419561
0.09050140049871151
0.45676025948934401
0.10879310201415321
0.47621915535978449
0.08706204348261455
0.47412141132269642
0.07073643497666826
0.46360883192085378
0.06548877949176334
0.44133045917693525
0.09122511458513728
0.46191820970513597
0.06442781934139408
0.47405961654522821
0.09209402937156028
0.46337284013074720
0.08750045659359390
0.48043895033118178
0.07159432330105249
0.47196054755314532
0.09303511877698428
0.48212696430704988
0.09985080695080047
0.47563673293623526
0.06943198212114089
0.48148327175924904
0.06973678297289193
0.47612909181729024
0.08362106489837243
0.50614679897470238
0.11269907536470364
0.47210706726027080
0.08791225846667450
0.48307314378176996
0.09850475095068029
0.48149877073545366
0.09570081199191281
0.47451101358517350
0.09135307733877457
0.45252552877265956
0.09016247295886873
0.48444707183336899
0.09730276349538819
0.46786879792600933
0.08965064875730021
0.48196863453170863
0.10386965922111577
0.44990778225154932
0.09193610948981509
0.46859214328205950
0.08899623895566601
0.48636897831304032
0.09511425577505131
0.45975578152666002
0.08779022432989950
0.47996356591637834
0.09697789390290085
0.46382017117706092
0.09273328414166690
0.46171233776942000
0.08507460983059419
0.47308072293838532
0.09340668830458622
0.47814514936111419
0.07700257471751618
0.46067497160067189
0.06269931266050317
0.48564810815344328
0.09930733031790430
0.47914728752003372
0.06802283633120701
0.48924089360151596
0.09745302305024257
0.44819023157371185
0.08940584578979967
0.47349403255344269
0.09639756277911660
0.46772265430496629
0.08676508479208550
0.48051725874923468
0.05891439354281648
0.47675428144938964
0.09881125807035175
0.47173183845446182
0.08630683053986400
0.47188841875926602
0.08915381142384687
0.46677137775330629
0.09115483037242073
0.47290038954652924
0.06360853021019436
0.46855256700700643
0.08960904753528723
0.54570861348725042
0.08006602969298990
0.47445533108975174
0.09313551917629317
0.47574062209323570
0.07778088423493618
0.47985878438251567
0.10309113086140945
0.46375035305398715
0.09420013811274301
0.45820505969339326
0.08892239788667264
0.47170288781902331
0.08790954797849397
0.46408789077092982
0.08919939826742010
0.46931842405656643
0.08844942235016211
0.46873147876475252
0.08888125964344841
0.47106441863574577
0.08959542261692564
0.46921659428478713
0.08615287107088714
0.49526878082476955
0.10758518055499158
0.46541934359347986
0.07216643610112658
0.47314887438293751
0.08254033917143611
0.46275017673860575
0.08183486657637003
0.45071319895360673
0.09017186776332613
0.48095546141636436
0.09297856158429636
0.42806176479103486
0.09058972098307688
0.48223723059719387
0.08957755707461640
0.46459730971494512
0.06330221677005744
0.51708555329778272
0.10276201048702224
0.44931658251318407
0.09155872937532203
0.48134354177197469
0.09734622220845722
0.44445153100261681
0.09573089123376832
0.47227460372232521
0.09257627024371123
0.48629116087929863
0.10411926053350851
0.47109701047322439
0.08781690616683342
0.46898852511822164
0.08900482391922532
0.50507515585292706
0.10868548875010872
0.47135722221451976
0.09664416464090599
0.48933756090937225
0.09983594443372404
0.46729809274142831
0.08943287294941490
0.45611054904012371
0.08983442236996392
0.46603842440092907
0.08946666656755593
0.47089925209795980
0.08732896661537767
0.47090555230241832
0.05976085662904947
0.46198817454710817
0.09051810838489142
0.46970023814292217
0.08801829101885929
0.45785401223448341
0.10666771985473561
0.48487989302109497
0.10899428039472997
0.47241225985765189
0.09445104393016818
0.47922239642451092
0.06857948584876063
0.47170510413827399
0.09065094346553261
0.48443208725311199
0.10520553611082595
0.47793836001206896
0.10392164626470798
0.48074237560568844
0.10198862013584108
0.46227728748483654
0.09441545828005699
0.47712200006406780
0.09870730698582733
0.46288231017016485
0.09020107505485460
0.45564415915890577
0.06966757733812325
0.45760826794472953
0.09007569612252135
0.47236066207268396
0.08939352089157883
0.46186708360437023
0.08998985748236972
0.48104176776977964
0.10258354653817470
0.48807082180701467
0.10601166753787124
0.48852521003108751
0.09750682859823188
0.46498090272490655
0.09188155608518866
0.45881674997875999
0.09013125379698679
0.47370456201120664
0.08613520866377654
0.49435655015755958
0.09883244611417334
0.48149675720232343
0.10576297980464688
0.47201579381197328
0.09376332057820340
0.46764646757477962
0.09192396171094268
0.50715125540706663
0.10922009054512735
0.45246754124152139
0.09475290753430592
0.47804408491916650
0.09964809714115735
0.54057042862760429
0.09855068739695290
0.47126696153058828
0.11938073348498240
0.44698136995322374
0.09410650123747982
0.43537921475215147
0.09441849928117393
0.43578600679681939
0.10016759331838368
0.47356616770859922
0.09478094696131227
0.47600974255432649
0.09709513859071392
0.47270276652806159
0.09509806689476769
0.44177379862055088
0.09373883733592628
0.46694869009969397
0.08886243022718945
0.46987600372598892
0.09338729773768316
0.47210694774756279
0.08566009258033748
0.46728414034725041
0.09273424763537125
0.47233994102274818
0.09361355973413447
0.46607525296652746
0.09404068914086866
0.45620699253298247
0.10111304806116525
0.41024505761342167
0.10778407042224011
0.45910692663088670
0.08948587535577944
0.47207232330930993
0.10474695757739169
0.43138239502454429
0.09073255805433213
0.46920208444239109
0.08970791789651845
0.46369801083517337
0.09128076056390112
0.45657450705431379
0.08709154802619341
0.49822088451567015
0.11756900581051885
0.47864459591074343
0.10611711711254110
0.46079221689842731
0.08756741729488646
0.46969649115755463
0.08930407302883839
0.46281178174872867
0.09637509694731583
0.45365320052660235
0.06854414041128631
0.44499391430544089
0.09734453639681431
0.47340535249416416
0.09976129562584229
0.46210569197672291
0.09229175056294278
0.51890039229815144
0.10354956324670953
0.47372510147310493
0.07996113257104107
0.51348642221673046
0.10208913327991721
0.44119692415004336
0.09482710483381145
0.43776425838137489
0.09272378507014842
0.49404430204113964
0.11118358036567312
0.47633724445646553
0.10107319079660357
0.45226665973884111
0.09036547791653048
0.44190827759206341
0.09638867483496055
0.46973123864928246
0.10028120941773433
0.45528745329108916
0.10069625932778367
0.45288272432577326
0.09680587708951853
0.46384171153502052
0.10081753588019804
0.44774917544877818
0.09577919314084819
0.45273065184851796
0.10092665487901049
0.47468676231467422
0.09337690415175504
0.45597278884874531
0.09269988581220567
0.51129459050891679
0.11467259810994339
0.47137860107814161
0.09347160410820997
0.47712499133576047
0.10752038999090535
0.47056330734100654
0.08777708973553176
0.46991626037831430
0.09941148753103653
0.47350825721239764
0.08958481581628802
0.50100715430990272
0.09129263383324007
0.43407595597015919
0.09410017218744009
0.47829545825966890
0.10608915800651780
0.49240965713879087
0.09954880932807467
0.46853167379003735
0.08755247198496342
0.47144742848382132
0.09503166392492514
0.48639497363218764
0.11059369352512388
0.52103870993389823
0.09459698744337201
0.47430972708691443
0.12323577292935513
0.47347158295795527
0.11775651613610826
0.49186532235029495
0.10397293541970391
0.46149963452454462
0.09269149109097567
0.52394091880828175
0.10471243383905468
0.45376741508400842
0.08911294596106949
0.46349620289035781
0.09429817534631475
0.46829816590570689
0.09674436123735983
0.48606227494524090
0.10319746663465297
0.45200797132178894
0.08895706634052576
0.45774395637857568
0.09847469303223702
0.50596044495044090
0.11201227468066326
0.51789129517863275
0.10683585703531377
0.45243594213157873
0.09504986461298622
0.47673291627340431
0.10829188238385656
0.49051189166099629
0.06210437896135060
0.48226015699502467
0.07805374701630102
0.45052173252645883
0.09592325459073457
0.46729797033760501
0.09315211827446943
0.49078138352258049
0.10302632166969670
0.46007102689890067
0.09788342153282117
0.50078491701541039
0.11461173017687618
0.48111386361956771
0.09675797223335011
0.50139797123694962
0.11226017775783501
0.45920028207898067
0.07684625214950576
0.45493811504445458
0.08977683766804334
0.46984566777271597
0.10137517663766990
0.45305445439078623
0.09332001895968908
0.48100794235910554
0.09567168969332454
0.47641620163570630
0.10481722873900566
0.45856177474334070
0.10303638429024423
0.52054660765632255
0.10523814302833082
0.45705230156264681
0.09476594665157191
0.45464562570628314
0.09438199341914467
0.46306320203807794
0.10718654397679686
0.47634363119980389
0.10132090948305320
0.49652973558225977
0.08397011407857513
0.47505644567525585
0.08803901046886302
0.45773812716530804
0.07785976189766250
0.47223182551097592
0.09899451354623021
0.45338863342007912
0.09433335316082224
0.45764776224163778
0.09783423874549778
0.51023117853223465
0.08860822464259524
0.49816420480638762
0.10018545924506454
0.46900675869208919
0.09723747901308638
0.49071623220658078
0.10390971239850839
0.45499325637940619
0.10864004364815216
0.47504882010551530
0.10441704416690945
0.44423398179473755
0.09843404007296173
0.47455754956013313
0.08465055209277336
0.44775907728501574
0.08384875391686671
0.47292566982837381
0.11677378418212969
0.50007013383971999
0.11179223039250999
0.47230968160320519
0.09349495283079258
0.49706974013567212
0.10210869897643701
0.43124448953109823
0.09759034978104239
0.46256904227849466
0.11264975888210553
0.50702272235765333
0.10143461880468295
0.47273002891674842
0.08574778129453410
0.49087664084954247
0.11661179486639260
0.48331164502080021
0.17012594311924575
0.48858533668770127
0.09202290818657786
0.46133105129582447
0.11301851704023619
0.48331605132806232
0.10916937640583615
0.48325318058566885
0.10695186466922875
0.44880012454033386
0.08341293822546686
0.45464874089284568
0.10931568268972117
0.45591847734912594
0.06844769155227928
0.48601413393771187
0.10274300238280371
0.50148973690327081
0.11046415218117246
0.47216439882524169
0.09911385103028837
0.47593936535370990
0.10729089981019624
0.50273694407833158
0.08414457323714483
0.48688252819753591
0.08245222661033628
0.43430125358156724
0.09708345495647117
0.48552410222146225
0.08056825710811973
0.51870027074446279
0.10039560045204043
0.47145092198339034
0.09527066315146751
0.45222139251059351
0.10295411910598541
0.49656951172768465
0.11381128902051499
0.46639818287472379
0.09886881754175759
0.46648167442952038
0.09668658795329327
0.49909767631903368
0.09983173591884441
0.46587029981472666
0.12105473849303378
0.48900105979433972
0.08234487817502584
0.48007203255125430
0.11003848049322645
0.50391045901712861
0.11335523077375387
0.45364932292510313
0.10466744236205829
0.47497093651369043
0.09681855708672991
0.45372337060212287
0.10487766500971982
0.46984934336669448
0.10188650051851895
0.47191837634522116
0.09531546923312804
0.46478326910451345
0.09612785841118025
0.46466366972880746
0.09487389047072059
0.45741836636866251
0.06912673869340898
0.44975661714084775
0.07834259051077197
0.48687703677526994
0.12692473377743796
0.51334143858602943
0.08236521215031521
0.45770724602071849
0.07922204457045312
0.49770935409866346
0.11763488449496262
0.46084759501212813
0.11407407404727633
0.47071071395934250
0.09841685175110323
0.46520287152843437
0.10122143608397613
0.49520697850909534
0.08360425381142868
0.46139522066437799
0.12076093366458934
0.50411238074002385
0.09776755993650392
0.43915268019377474
0.10027908652258841
0.45045456704618247
0.07153812033112081
0.51633725227558569
0.09480246324998445
0.45932405464493159
0.10234007147471552
0.46328605236229314
0.10790917532442316
0.43114191924946738
0.11440552736024612
0.46061009458100044
0.09556090115267801
0.49508400628020033
0.16192770079204644
0.44749801406768064
0.09969176632732396
0.46984550183404017
0.11859573614472689
0.46209472472817581
0.10890044441373682
0.46935537137417271
0.10307929922601597
0.45614137948589228
0.07631602887004715
0.49069199294236276
0.12171020811187075
0.50405233615134981
0.08453898523178821
0.46428886665041152
0.10752899433274578
0.44718418235223040
0.09794736306103760
0.50039453388503574
0.08795794673342361
0.46850950274142278
0.10176734088787003
0.46187477037551922
0.12152461070291641
0.46261270640549917
0.10490318449761715
0.46006715907493623
0.07650850366786904
0.47129490323893181
0.12323025888443989
0.47781066516088033
0.10366893217318729
0.45894066821286938
0.10688536787680331
0.47501029146270202
0.11133802225442983
0.42254532567109210
0.13348101785025210
0.45677577077190806
0.10287000646722094
0.48267223543307924
0.12201850171472224
0.46968075095453182
0.09581754930860452
0.46377366604946152
0.11213647598115697
0.49003845138435287
0.10282510977292447
0.48516620681121120
0.11261515728178406
0.47108918517849668
0.10234766146046362
0.45058204363205723
0.09911941767557220
0.46206274664182778
0.10415424250342538
0.46711732981309984
0.12212064384459410
0.45741534363268221
0.11621404607540088
0.47287780141678187
0.10337882843653001
0.47136695359469372
0.11808142712450120
0.49606502131247421
0.06470870630466236
0.47138866209897112
0.09849080359021878
0.47996766937164514
0.12364090520557164
0.44938820407066149
0.10460958662063786
0.46835683812057383
0.09989827762115946
0.51870746638045839
0.09793813498300180
0.45473327216848392
0.10761314204074365
0.48071643277415638
0.12234921523322624
0.47804440915146068
0.10838280472418899
0.49900713406890163
0.11575909514854431
0.48906551484047212
0.11327999888066045
0.46197587330171724
0.09582174817643679
0.46068963715619415
0.10869307914850711
0.47122421789299052
0.11826885995238252
0.49163152826141460
0.11665018468968885
0.48819912399771026
0.12113458074364029
0.47690434458622388
0.08485494585920983
0.46218433392501540
0.10005840588235870
0.50368213777166937
0.11595217191363694
0.45207170628915483
0.10944512805101377
0.49203668922524879
0.07865652162613512
0.48774775077302968
0.06317526177773770
0.46511185670298760
0.10540585504205485
0.47172944048881227
0.09972025816878502
0.46119524619880170
0.10819407327424287
0.48730735657774932
0.12864197516800285
0.46242057454076818
0.11722899008393384
0.47256480470848067
0.12756123507304559
0.49839303684685454
0.11308448718124796
0.44855745059794105
0.08727858660135715
0.49222697690478301
0.12170435182044552
0.46066141135855210
0.10973604502153689
0.50200515950273605
0.07368984780697682
0.46090443821309446
0.11122146707094314
0.48992370747308384
0.10014305222626488
0.51412352893763580
0.13934848463258040
0.47226728415642705
0.12671984666533254
0.48797770461813472
0.05930998161635709
0.46966748197381880
0.10248961460851534
0.48747676811571766
0.12223049533301482
0.49070887838854294
0.06529886355466596
0.46942624082268475
0.09886125868349235
0.49150899224272504
0.08192404545028732
0.45211643408337876
0.10744736823751366
0.46630690097863986
0.12428435241331674
0.46265885656738781
0.10860217564112996
0.47283286228394317
0.10783797759784500
0.50060291022832981
0.11055418389364967
0.46677113782105900
0.11626290071972598
0.46981984379504477
0.05881363874138751
0.46847323846282407
0.10410801411025583
0.48952192291078012
0.11492629762829051
0.45973509998467621
0.11487907136668765
0.45829989500622226
0.10953230617926143
0.46355946299400747
0.10486996287288466
0.47347488754577594
0.11846077574664891
0.49236820403055070
0.07819976084925066
0.44001605592499959
0.10993889748964589
0.46028574256222737
0.09926383065814641
0.49129417760028354
0.11800167661124172
0.47968523847627309
0.12092514118204914
0.46767391393898550
0.10138708443068059
0.46137750859644366
0.10119804969177579
0.47808042060185446
0.10513758174691665
0.48983509793822394
0.08092015299811266
0.47246891550142561
0.12482143279345961
0.47070301267368764
0.11286286874233117
0.45919598479487844
0.11301251006042272
0.48128870494286335
0.10624014786479918
0.49349844579700952
0.11334261173148705
0.45030661813833456
0.08355044152345696
0.48930183254942938
0.12116623657183251
0.47197184180022350
0.09770115306938947
0.45828265463834467
0.11086381604009536
0.46231132866796032
0.10326864043214778
0.50866669149408072
0.10603301523582188
0.46360277090047397
0.09983425922648362
0.48029197216835467
0.07660368924706668
0.46487093130393070
0.11014210211188431
0.47943127966912841
0.13041323266646013
0.46841386713891742
0.11283226922499148
0.47068478346896137
0.10080078899413855
0.47449519768830350
0.10754871018350955
0.45978269296943630
0.09735261831653425
0.45781193512073459
0.12107483159906073
0.48082528415812853
0.12560258849617995
0.48525229400122716
0.11646885913127097
0.48058528933342082
0.11501516188615862
0.47294258049400878
0.12122196406483371
0.51234784689962964
0.10257439980029670
0.45897243700892060
0.11473646489174724
0.49441959290763038
0.11665161514645324
0.48076082756800920
0.12605232313953130
0.49031526593124092
0.07294845294339271
0.47090927370500435
0.09954668277106776
0.46042347709128728
0.11441761954286010
0.47762796291591508
0.11158759443530025
0.46914547385337146
0.11782322047884493
0.45202468983023508
0.07563461077819657
0.47826217195867787
0.08626635696532564
0.47443933852272613
0.12609608538652853
0.48143564635889657
0.11337483103234472
0.48281152938211580
0.12759729950055787
0.47591600519204763
0.11117686970158332
0.46117045103594834
0.11666923733396332
0.46675357783410654
0.10866145458924550
0.46146737255657122
0.10907725486422175
0.48876540190055467
0.12654594502792926
0.48295562073322390
0.10241462883500962
0.46047083079397555
0.10367656431843429
0.44010966356991293
0.11186463216620678
0.47236233312392056
0.12351899407279958
0.45798296550116291
0.11088858630286827
0.49806818453711388
0.06957103890256275
0.49728658977433871
0.11006817639065533
0.46484901843667858
0.10799846976108278
0.47746660189163731
0.10103950009629198
0.51654454046218823
0.09484453816268906
0.46757127207957022
0.12481463424731863
0.45871426135714366
0.11504010011191353
0.46863783914031831
0.10983362048190810
0.48586321165019519
0.12798415023078263
0.46704173389338738
0.10789197848522586
0.45900619196133358
0.11116085494596635
0.46881289413186195
0.12455857211600947
0.49726668878048208
0.11986206497840891
0.46676107780979204
0.12517689951303379
0.45490712797959476
0.09882525187434785
0.46256379655932439
0.11482260492759941
0.46758751832212719
0.10454858209809216
0.47991151713520441
0.11873486555823216
0.47495253263213699
0.06625772656953501
0.50534606263202742
0.08288890159075385
0.50942681912163212
0.09513548050963325
0.47595013669668934
0.12131916144604744
0.47669969569728321
0.11749165667755965
0.49498173437976878
0.07579388093952924
0.46840725948592621
0.09823535433135183
0.49687333129510003
0.11072389240382349
0.48197599886628495
0.12883938204625900
0.46447678258480279
0.11377306207336833
0.45948431210245883
0.11272400120340856
0.50726678310452544
0.10420987911381521
0.46717922518880800
0.10110637143788313
0.47597468810286991
0.11076206501594080
0.50020251421061157
0.10923067605888409
0.45636401067975452
0.11568884453049362
0.47259391685281588
0.09049422649941319
0.46863349058685932
0.11842056362822023
0.45078456201994499
0.09198368042660493
0.47681889552871648
0.10298169422495668
0.46572978572202184
0.11378402041407719
0.43632435591820840
0.10836404537830842
0.47371962097413911
0.09451669079646824
0.50245029395345386
0.10279966471961111
0.47115932606572497
0.12605111729366902
0.46367818261095173
0.12108168624953987
0.47407110723850487
0.12411100217637994
0.47170574171684404
0.09483867138222707
0.47787400476234504
0.11310400782096111
0.45706735059517628
0.09242098700101473
0.46625408488160847
0.10764615183373893
0.46541483773092851
0.11814959929799175
0.46072725327355341
0.10566259090242282
0.47554057656910909
0.12339829534652910
0.50681311380186500
0.09396752568017611
0.47340041496582336
0.11472623229599907
0.47072162819710400
0.10721106964333725
0.48861043787806008
0.08695048835076383
0.46550871092949730
0.12586742233922632
0.46131114997908051
0.10085388788487618
0.47218521015655801
0.09498249186423678
0.47289291339708939
0.10910012718342307
0.47348513801288095
0.11909909890192250
0.47846740784772535
0.11342816392831583
0.46727702802798321
0.12523933446178581
0.48729460430937566
0.11280071387176990
0.47377432700360333
0.09794807994532198
0.49243936786865411
0.07697957757115195
0.48021036118161697
0.10563196864698188
0.47431943437721996
0.07395952042771599
0.46469089896711452
0.12476890297179717
0.47254401712343730
0.10656158924421216
0.49261149028724399
0.11898791753641046
0.47662565916106575
0.09128657303273938
0.45687527890264218
0.10569990046541500
0.50248692821146546
0.11364889582435254
0.48851463375659099
0.11325834588884429
0.46899085091140991
0.11102418752222248
0.49414651340117177
0.12403744501977720
0.46958875656913651
0.10354679889886720
0.46534315854760072
0.12328108760625250
0.50866918582772225
0.10240358313100029
0.51179277558867509
0.09798396485676644
0.43862695978136013
0.10448549956534348
0.46288310507193720
0.10901388089404844
0.47405430604767840
0.09758616671752596
0.49366543103927812
0.11398881253147601
0.44213287086156788
0.10563483035857696
0.52054411141148760
0.09894719610476128
0.46053452377234838
0.10558150953877506
0.50226969396474441
0.07643813881449385
0.51693714536849866
0.10252992038951808
0.45990674738630444
0.10649692018946154
0.50405033816565292
0.11121173928182741
0.46547936327137601
0.11834099837863661
0.49252420544396153
0.12618900863784138
0.50099407436284848
0.08883384762130855
0.46841056300748485
0.10169503632798013
0.46164663776399867
0.10478771588374523
0.46064033758524708
0.10601085639914822
0.49463288988927706
0.12152456359306407
0.46584031660997133
0.12257074653373695
0.48068695666303696
0.12464237052783632
0.49281652206381693
0.11888138824640077
0.46677971711049665
0.09568022128225721
0.50601244189408667
0.10623870964851070
0.45073601351949788
0.09825539702901193
0.46922809552292916
0.12499399544106728
0.50782945045714856
0.11010545530041606
0.47046189568684282
0.10565768912892451
0.47833941453651330
0.10947108530155519
0.50601377529365466
0.09610307810258603
0.44195093013761921
0.10673463834253941
0.47833479083805408
0.12471444854277954
0.47666875949754145
0.12427272752645961
0.48306949812580041
0.12449154343788206
0.46505074208987796
0.09967592143412185
0.44672961963566410
0.09745557037492415
0.44836508866528768
0.08602762626473071
0.50261909163400531
0.07923227905379929
0.46219887876522903
0.10396619970038545
0.45983114272762177
0.11051931490812782
0.49668047533311566
0.11911230704479729
0.47018567576718839
0.12156645537045412
0.49151679142746035
0.07265138728881410
0.46222575204560479
0.11111204889861531
0.49600276098170082
0.12405666062703440
0.46516662800678199
0.10056603369314315
0.44023874784016997
0.10957030039009279
0.49386342662570920
0.06802312679945952
0.47462223137179066
0.10442422422573612
0.43727865349574624
0.10108213393178142
0.46766395525775767
0.09736528691058818
0.46956197861540111
0.12211431526646027
0.48597250028368449
0.16401736806908657
0.46084587335643012
0.10951902807313205
0.46474149358383621
0.10171566234186828
0.45323992622136999
0.09410515588494349
0.46012592055739637
0.09599009420542520
0.50110284499492519
0.10648798848614342
0.45732779113282040
0.11223136319491836
0.48685021189747280
0.12613921606007369
0.45611158243787225
0.06437787601035372
0.50477658427014571
0.10262544391451581
0.46398864864288686
0.10942986013399893
0.45766924262990849
0.10769696788484819
0.47255124896655293
0.12334607295284018
0.45638910627544410
0.11431775934201299
0.45400249127137304
0.09521243444466715
0.48353217269366416
0.11171367333327786
0.47885908278838196
0.10115020673063740
0.46902933804274005
0.06290580182463798
0.47309973815996342
0.12369608025633584
0.47681040301353977
0.10464833874594119
0.49176175982786707
0.07580193690434889
0.50669992201067859
0.07710235047947683
0.46594721625681035
0.11691897175132920
0.46035857784473705
0.11299345061588327
0.46256130357725100
0.10476533301165039
0.46854173952155181
0.09146470665252998
0.46717458439347137
0.09528438313526717
0.47412011255850273
0.09921922559057397
0.49160235209551073
0.11234006389858553
0.48875162409342948
0.08295549521532236
0.47775665129935652
0.10636691143876822
0.48027478494525794
0.06108971681809545
0.52345709960324149
0.10348793646736254
0.48205936668636906
0.10488320577395843
0.48627443987387220
0.10573487618310824
0.47259476662450628
0.08317029890709829
0.49249506130937915
0.12008529278456834
0.46184934121020021
0.11228419639769173
0.50331811006528138
0.10891000280867918
0.48625796251998493
0.12379792224632340
0.46781666219512386
0.09879916611683798
0.47164231311146243
0.10053339418971621
0.47429086085145145
0.10544406012830981
0.46810142466731514
0.10047207951965401
0.46121184559980144
0.10438524416808806
0.50655934408680681
0.11117095758651960
0.46935422285339051
0.12052799445779777
0.48639867034353523
0.10972030208869341
0.48247210584159678
0.10781645801779027
0.47362506609918892
0.09144766343901062
0.45599796501211431
0.16897512654513969
0.45963302924557453
0.09015199554756145
0.46369101120110601
0.09952316780360984
0.44160821861045363
0.09639572728240851
