0.67726807086706087
0.20039504385919282
0.36033947446829429
0.74989214645490232
0.71340709284465187
0.56483552117918412
0.53393412702155651
0.56945384168587121
0.36488187074264505
0.64567939478152092
0.12538763205335318
0.41593224246045296
0.47549095982718914
0.33720866506410718
0.63116320985440089
0.50960546038970433
0.17267121898267673
0.37268836408070455
0.44161294170976229
0.25341691765321084
0.75584936762060473
0.51047598214834700
0.16503646974151723
0.49940177043534412
0.35615568298511691
0.44457792155938602
0.30310697831079447
0.62927133233450760
0.68674595614774248
0.63012916282043707
0.62274452797731483
0.66174816344256471
0.07684831353453046
0.25635389265324171
0.38166605843337398
0.33150855590534267
0.72864472360733590
0.73314242973949351
0.30598358500459344
0.16010285535835392
0.54350141616422643
0.72709665207772123
0.49833257705836115
0.48058331614100808
0.69076269420598602
0.31420634024611060
1.00395178640982863
0.49112724324333823
0.39182240149540454
0.63061767175690109
0.53307166942315654
0.40771002237373682
0.44254020631706836
0.32590236297228714
0.33823949863116892
0.35939426076160297
0.61257506973644704
0.44990938761946037
0.69369612540039616
0.40266120717660858
0.39159784607412990
0.69590161559981512
0.42752498889116908
0.68030683484761945
0.46084996547590584
0.46461329555210218
0.74128072510783627
0.61848626921719574
0.58998402141838269
0.49047018247270996
0.54256171559779443
0.87327281988607308
0.61018847001676102
0.26724982913376227
0.32529531380765447
0.74614133132959160
0.26248943622082616
0.54064513317111318
0.48421014474683050
0.58161229799257097
0.21990208265369243
0.51930128965201861
0.32748824520900316
0.59780998612441782
0.39534154680963451
0.80129233613098361
0.56650725536854818
0.63591473447694991
0.50973533133044546
0.61039579904653185
0.66670775382153813
0.42961462541128276
0.60474452705458137
0.63002017162754376
0.47730598774372407
0.51894304203523101
0.43757224695218805
0.53844814118280016
0.50102702914984332
0.18330269394740517
0.48670745995830800
0.42867777107639254
0.17877233859152725
0.60095622470864529
0.29174718713202996
0.32754035737525566
0.71674014702458477
0.48851505565935899
0.41461300935696926
0.42355317594931163
0.24420231872478179
0.37466849682973724
0.29727355745484207
0.46301792795605368
0.40819201692213730
0.47617347390888587
0.52524934275585233
0.65877159750516212
0.42711536647759218
0.45163736750539935
0.37190807595315661
0.50327728222850932
0.17507232542383072
0.54332641340900556
0.37302210235303934
0.29436016807364546
0.29357261979866700
0.51959741852247932
0.58129111839207637
0.41340551257061431
0.63946745491979806
0.38246231073897108
0.76759051269400580
0.83261126765712590
0.27329206847918208
0.26957021510972412
0.74850158955364043
0.37140924865553843
0.59583250471267135
0.32169523200637079
0.52040609102677959
0.34693444499565196
0.35619778217672421
0.56049340295460104
0.68651070073295295
0.50246391209125507
0.48730402617339996
0.68595357759265019
0.31841905460933889
0.49620663022840311
0.59975559133418899
0.54382378578726043
0.58761551914117294
0.19734604185843160
0.29824569567198939
0.38565439440554744
0.77525394335010644
0.40943065905009562
0.20538482287116491
0.76104474465907312
0.27997291592741547
0.58758569154303397
0.20576356892339381
0.40577854699966559
0.42269540702871011
0.60005940807954472
0.48280970620016761
0.28725453335977658
0.46855999427239875
0.64684490597578215
0.57103716111619462
0.58238370508054504
0.55910023068983461
0.52138341413727796
0.27533933392683307
0.78835487821599093
0.23091674540926319
0.47096036611615599
0.21530652901703171
0.62336290317832410
0.31954550738533805
0.67108014232652069
0.60122569142021853
0.37064197623689671
0.54696483209909275
0.29740258204561254
0.61443690251464789
0.73500177266913946
0.55890811995135714
0.44111917745291773
0.67513748216451452
0.55199325768294927
0.60160252888091392
0.59486556562466564
0.38611630739477037
0.57119326880059218
0.48919361268484640
0.54940981078895901
0.45485154562056845
0.39814130273979714
