0.11514319770118275
1.33956096656022217
-0.20204974754398025
1.18418586775024615
0.30332904939851196
1.15832322105149199
-0.05774224126053046
1.20981537933526551
0.46221009758283244
0.75088092057389821
0.41405540395496754
0.67750516663078053
0.62810357150011109
0.39492285191182885
0.33307292330651311
0.31376320007457115
0.83641846740486880
0.14652209210858103
0.52633453872728786
0.01812991812826706
0.80053291554196671
0.59746559626899587
0.66183147269122433
0.39371116706369674
0.76387202535337195
0.83063725203268612
0.81009707121161689
0.54557867814759986
0.77225049269465695
1.03656156381984021
0.92444180018514333
0.78014407010232523
0.48082384379546289
1.06181997881151746
0.72924452262330131
1.02763633691166345
0.19363388842371682
0.83848354734156705
0.37759144266568795
0.97373448078658031
0.10607719334164549
0.39902571289180933
0.10342426018117018
0.58262102748520883
0.14159765648025777
-0.04625941654748417
-0.00115593097951758
0.22988263663561334
0.42259810292295519
-0.04512035307566525
0.22746505208521928
0.12771380589343706
0.42452894595477064
0.29244457840739724
0.26848422530537897
0.09024793209978693
0.03530170126980481
0.19886764896197934
0.45164423508321183
-0.08804906224355209
0.16812637361225463
-0.05279731263269444
0.51414940498548800
-0.25663801244613865
0.23764963206680173
-0.11184536025116741
0.43734001952483503
-0.33577909956562779
0.27022739215958741
0.21425977930938270
0.24459939225981842
-0.21229560863575683
0.49071921976537608
0.20087402236981280
0.22120580571560861
0.07484050518405098
0.48973616652155771
0.12835010206727285
0.09962326917319250
0.50197718925366419
0.13440524654859079
0.28082254644779137
-0.08556669260369444
0.87240737609523344
-0.13111258979372439
0.53031837221859024
-0.11659851965410734
1.07177833524115651
-0.25015852630487256
1.10638236388867850
0.22435021633174329
1.26772019740504893
-0.06144090154815701
1.10511167509507446
0.42971913059485839
0.99418490558179140
0.12382830497798869
0.95828075295109427
0.78210890253196941
0.59841017486768877
0.30814960782058148
0.48604548676603199
0.79414321792124132
-0.01825202410462429
0.47837081892033834
0.05340374684897754
0.81302248174024572
0.45400312597251269
0.62623852470340458
0.16018304905111158
0.83466698629533420
0.83206249186960690
0.73403047678107902
0.58711431969292238
0.79469503373152528
0.86006443874671812
0.90903444928972665
0.56872952368955731
0.63691419765972090
0.99774777589778285
0.81004683186160209
0.84715148871819435
0.26325158916683183
0.98717757540256734
0.52669976822427311
0.96715511543458732
0.08535953568690893
0.60873644562237617
0.29875239703007689
0.75207459284093747
0.10848450056010459
0.10359323960387945
0.13826814778458521
0.33795165629471396
0.29651225030573641
-0.10558028213650836
0.17387950468538219
0.19266060228902276
0.36373688615752536
-0.01438372605891197
0.38053471232703934
0.16297490933679698
0.03109745277775994
0.23655735809769557
0.49102084266543000
-0.06247151167137913
0.22274396507839717
0.04160779387804547
0.56934467339819483
-0.18122504450428556
0.09226836213392425
-0.19295406331281661
0.48793894044913511
-0.30621273139132987
0.07369551770399463
0.14205392419575480
0.28063951566906531
-0.17296909074943298
0.50732791938223309
0.35174794983319296
0.45023561258804345
0.15648289447894953
0.71537631400077950
0.42611702237544763
0.25092978319921067
0.48565715016636790
0.38721323122145901
0.25931062312216074
0.04204236145350018
0.84768919867862269
-0.04930005353955004
0.49637452291846745
-0.01355267604099296
0.99017585994508550
-0.14128216392986756
0.73196058993993884
0.05866687524420144
1.29582459084569868
-0.21739917034111347
1.00847996677410667
0.25465250258511385
1.17833992177066649
-0.07163042860501723
1.02298737787821570
0.59855537871357067
0.78787385387142328
0.28645163072669999
0.62030865542448044
0.66051018677364493
0.43474418029829009
0.40068724536460026
0.22807923647161490
0.81685062323762891
0.18048721786792210
0.50998048323571221
0.03726592734088469
0.75490220474260306
0.44298335969654412
0.61391306464105944
0.25771635132152571
0.80020762717671290
0.71307897052056046
0.99419399069868508
0.30445814001933169
0.77742502624011645
0.80298963031857418
0.84536463133188233
0.67565515384207930
0.56759098974641853
0.99684280456109620
0.78421072335965847
0.94096713787817199
0.34169736905333087
0.87928975144989685
0.59194276078920316
0.97894246923572625
0.18341415031849762
0.44426052404006022
0.31184093931922502
0.58613070547358148
0.19708939917551394
-0.03433553256746125
0.26945416057748656
0.35568813923176451
0.30750089978078543
-0.15407853081039846
0.49484114219215830
0.42144988922439131
0.14988402499377984
0.18257188344138575
0.48040891718624479
0.11404976136174459
0.22034218779450665
0.13327827776632570
0.70317312568697066
-0.07099233755115761
0.12791647093852848
-0.14648179545610224
0.49394044713690083
-0.11667121626865261
0.11991210550016951
-0.01296028824627297
0.38606381831100911
-0.04769087910528699
0.22180229946136137
0.34754372477249879
0.32167707906335652
-0.03707225279004284
0.57030815913830990
0.58661910126723638
0.29746199173266713
0.48065063641141015
0.42912284404809198
0.50064488402070895
0.14182799915810018
0.86312363343503185
0.10007176084184727
0.55220178106701656
0.12516797242551764
0.95092071457959726
-0.07817460207112474
0.67039816477024483
0.00824717085751268
1.09997929567791686
-0.14256744375222741
0.92178729791868874
0.10418023246300605
1.23796109570082358
0.01593277039540725
0.89151468058235261
0.26963613768368316
1.19380562884150643
0.09145281454428875
0.62003736694211387
0.55222029251299842
0.69626821906259539
0.33783079798219051
0.34330635654221009
0.81708941916357358
0.36442007280243643
0.46511177572443269
-0.07041241169890894
0.81963037300685015
0.23077808350254367
0.54876735423468170
0.02303114130189754
0.83194062197458951
0.48095286558046274
0.82281249138902934
0.19793670534333302
0.90579215950865866
0.57703485721214332
1.10074825478719163
0.33714974402925768
0.75486908319051216
0.88222190337729378
0.89754857893066997
0.76165619114618277
0.49838421875515998
1.05813394651244708
0.85978605685338594
1.05526187177253150
0.36459671206649363
0.72502187553918207
0.55635580144785113
0.79502650345811876
0.27192912834491345
0.28268997017393377
0.25292448447993099
0.57395264034426174
0.32824456207864733
-0.01974522978551935
0.52982641665028019
0.31334617779190715
0.39930762871880754
0.14707267544670558
0.57923590187471652
0.31824875842504591
0.09081681861941004
0.07986727034423297
0.61622753630630167
0.12615170231168177
0.34355070047418523
0.10480152853466448
0.61389574032319771
0.06757641170785979
0.12679888394074734
-0.18071866724976277
0.61072517087978817
-0.08333032292870261
0.22626929409990648
0.15990283439000103
0.44693400413884282
0.08731903832040383
0.43069324986151586
0.51689190132321750
0.43176326460947018
0.38611705405532093
0.53471253561534826
0.63855708877439854
0.14575547200497169
0.65787684683692538
0.11916367685914742
0.53195468477787489
0.23154964039195899
0.88482234204709331
0.09338625693402008
0.70896338184525942
0.10479161415870589
0.97295545867933897
-0.04020326449016079
0.66347518131110461
-0.04469666748056330
1.26959594055504410
0.02158726563649856
0.77262276640056771
0.14480556072253925
1.10039427628244280
0.17073406031632596
0.72879222370672903
0.29673450054655154
0.98310094733942166
0.31540441634806254
0.42633130330594626
0.59018431234161439
0.63415097663090947
0.47568509881076976
0.07490328585714043
0.81928582346714407
0.33968069615570345
0.54617999285804042
0.00647350827942927
0.85820953993251958
0.32963773756468234
0.69104700514023865
0.10138384741403605
0.97194784799161071
0.47743249161879620
0.96442868613804644
0.15511093177469304
0.91874780001659762
0.90468922769990634
0.92448480624553331
0.66930603358740703
0.74258494422892685
1.03151222140592380
1.09013456426574340
0.83936158825067064
0.51478506961657255
1.06314465873255659
0.87202966170655583
0.90213739616090571
0.38204986986452744
0.90147604484553856
0.70936786096168603
0.46828425636507698
0.64684628860766036
0.29257541633886408
0.71249356127632890
0.38180260342048938
0.42011399229796359
-0.05325072772702361
0.69975979743768613
0.26933061325688523
0.26598088690044586
0.16525691736051829
0.57797134259821892
0.29958906209468961
0.28160859805893884
0.25236009231598000
0.47913567134200552
0.28346341561458449
0.19607506756525026
0.06741999996401646
0.43667298929419041
0.27146259867925127
0.14652245125092470
-0.10184782532472733
0.55981512599284433
0.21180315390025689
0.28631220820400505
0.42730959030216331
0.54965529562211735
0.36166408327144467
0.44758623293212629
0.74582736771032643
0.12701616470769239
0.54348015600530042
0.33257250369772384
0.86512354562418459
0.55562567897496751
1.03190441936039878
0.12577720759530417
0.67308272996216101
0.19960939284057286
1.05180313788110569
0.09880344553676794
0.48412832209798018
-0.05713881256269433
1.04820023451783784
-0.02154361487920702
0.63322031114999944
0.00816931175386201
1.01247377193367649
0.06356233577997064
0.49876725566313718
0.17074235320134395
0.93871959816473949
0.20435166154472931
0.39851179241516022
0.33560830033397498
0.80504430129184112
0.35151204685549997
0.22276945859659783
0.77347840343381535
0.49347921466377676
0.60769278643800662
0.01344658046254643
0.83247678185640495
0.39403642575077985
0.56012891184120706
0.10331722719086150
1.07245997575412977
0.40107377564392610
0.84573340890240134
0.13195957342772985
0.96428092743564364
0.56952261343771338
1.07826491516012268
0.39376187065073109
0.85270674977352623
0.90407475759232758
0.94207286601414342
0.75695881374787610
0.75471466059380854
1.07894585068590820
0.88149839360062487
0.87927701554235571
0.67296229207331659
1.08705421627872734
0.79610938883497417
0.61816279090423676
0.76870306605994487
0.96106580004685238
0.76835064517583063
0.32366424307283154
0.60420954709342090
0.38893702816177322
0.97377174407679545
0.22094215040594328
0.33138237435690554
0.07796566631065338
0.64197005948405916
0.19852555331022054
0.12131493884921163
0.24185399718191175
0.55059057135732048
0.22602968790268407
0.20937148178451975
0.32039167892463039
0.55369565259778075
0.23851987483037079
0.12990856272797977
0.06075856711412256
0.70468678585011268
0.25681866392568198
0.47585147107164616
0.24243981493627825
0.60520479645590608
0.67007107847863456
0.55792533917532927
0.68552427320535481
0.59904019867957492
0.59551983542179820
0.40138515221885646
0.93065822155417011
0.56972042684257074
0.69765415853766966
0.26781433308021962
0.84992874653244210
0.52671513740672427
0.96289290807130679
0.17185385195422423
0.39615471905129374
0.22605168719532229
0.65265267333701438
0.25332566550617075
0.42622522553689030
-0.07565574836220720
0.90156136530647668
0.07889961575199447
0.42256724886582520
0.01967072878698170
0.76898578301348586
0.14367438425589596
0.26239123314959528
0.27010768939846774
0.71706871737739375
0.25651735594208935
0.26674805745878838
0.48434382122795738
0.71404661147032045
0.51066335870645041
0.22474956579360944
0.68647380446563611
0.57694097439083158
0.47797982676047768
0.24166430429471758
0.81542109072754254
0.49852837257118149
0.64421796297264600
0.21223393348913666
0.91235869384215895
0.57122479433683959
0.99361913246245503
0.26796623099121930
0.98882736940671812
0.99378655867643551
1.10828724651413624
0.56231855349121707
0.84065840238358303
1.02711252607324410
0.96757588613148771
0.74685541085936147
0.73894452378239739
1.19498835525499958
0.80563523334879905
0.82440613871054935
0.77825964307794082
1.20948191793014126
0.82366828164414518
0.56837300384729272
0.70599008924440154
0.83870641954284186
0.92954343432443809
0.24881030134615209
0.45057173756676072
0.31559653832516354
0.75424012337744450
0.09088657927938863
0.23526387600144655
0.20400050886424884
0.23768152927488534
0.29691064622707430
-0.05692519184711473
0.24337702210991813
0.42517979543156947
0.69936224176717476
0.13105910689392009
0.27982499982141029
0.36986101660672172
0.66748802693663922
0.29983776066011025
0.24607379999433135
0.80614101553806750
0.64895328457434998
0.37402330157555236
0.57586533769535331
0.81886920774545602
0.56324039477611931
0.47230112134164925
1.01434792200150881
0.76968251317776493
0.73258185970513190
0.25529120231715785
0.96504738300712756
0.56286105887599680
0.92434254287044804
0.31019276204790103
0.60147162965888712
0.43881315483920719
0.76416594344233157
0.31489631635234994
0.24868305985570194
0.33848496624516600
0.71723381573932565
0.07512060686594806
0.36573326478566848
-0.02753813239641698
0.66591414436456875
0.19938797551821347
0.29268404744926302
0.14530851961441876
0.52289181838843857
0.19593619641007542
0.08543924471624237
0.48108149796610272
0.62376482048140147
0.40826874295675331
0.31173436017095846
0.63638485755854668
0.75243522761805537
0.48839799881165757
0.40078730720621020
0.67793436432332466
0.67108836628179325
0.31429678457076549
0.35144153830971803
0.81845558541321561
0.63621553541436304
0.74777487036916357
0.23284402426898071
0.81716744608071479
0.76734152922673782
0.74657985201561083
0.58990531525769196
0.84963299674184378
1.09884354023195074
0.93168848895348888
0.61298319704017179
0.81305684153382485
1.00523652750845383
0.83337291922434042
0.70311407357320377
0.75106069176572854
1.11731721255774952
0.78117513116614989
0.72793949286347859
0.79346089306505097
1.00912534994413328
0.89731219254859895
0.41437103129792369
0.68184174026374667
0.63099301763216387
0.84737450608663956
0.23390567377925725
0.31255968417854896
0.22239618427700508
0.61372925723798510
0.25198624496544209
0.16397141934182130
0.32770640076349800
0.35612616326607227
0.57571290537894548
0.16852442474296200
0.43085477348503154
0.42485042302972298
0.65121903054253871
0.30313504603792396
0.38547365202251471
0.55184312040898764
0.62693657615331955
0.30452538992583439
0.45120935080489655
0.74080680735365090
0.82516345960838400
0.40677361488184416
0.95398494008334556
0.79488727889767996
0.84243014284655371
0.48700455265148856
0.98781409892507210
0.74174760247845906
0.92632101419106505
0.25887801517397352
0.73129714540809321
0.54293043004776798
0.81284263367196297
0.39819798051763389
0.36785207336255760
0.60351555736781604
0.68169142054725240
0.69886251789640652
0.42333967704035458
-0.11064156545846943
0.59314777244582884
0.18343710079621831
0.22225541522898906
0.11303626450832951
0.42750778978491399
0.31952337211219212
0.05035780701704357
0.40863034493506262
0.61628255592213099
0.42094291674969964
0.34481179798004558
0.54558223316163634
0.81896837956642021
0.51221989256543154
0.44380027797244342
0.60979567486859687
0.80613785800496007
0.30012667127284043
0.46488005793782444
0.53178767390310244
0.67051117684030148
0.22736553587424063
0.42858649163545931
0.75968976294137514
0.84348281988314167
0.57152807554134111
0.59293106326369371
0.76229796872148170
0.92912949071780615
0.70524164206353857
0.58713117110971702
0.85282300527817534
1.09527915227915518
0.74094672254613791
0.67550762857739111
0.74935169831201909
1.08646618571437714
0.42903251637877171
0.56270354678825452
0.81272853966584502
0.97652671627976506
0.72342947798129886
0.27021900111693292
0.83147267662662649
0.65588233617483072
0.97782314101283485
0.16482879778485188
0.41832093863416320
0.42064190280699809
0.66881412165322496
0.25888045573336277
0.05557863053365739
0.14652059472384663
0.34100919327488899
0.67614765615139516
0.08282769658407110
0.33969432813409578
0.29146365128648877
0.65826641587811008
0.09034735357225557
0.22912412941654717
0.39266134733218905
0.57982645561029800
0.19777308471744490
0.35768679047825147
0.55428806892672788
0.92709151019944303
0.32286375865381212
0.79352215545669713
0.65593214337074612
0.94242708115401330
0.30939989904845588
1.25657593049864413
0.81903488539688940
0.98600463391954107
0.37680891519323267
0.93412729079099854
0.74022303187043770
0.89419053567163231
0.64090192774243726
0.34915893536737708
0.76023632135440111
0.72642900349759976
0.80695248934215846
0.23709597730543008
0.73721415002077562
0.62754319204912867
0.17689826479461296
0.14571625816065142
-0.14332040795801651
0.44548150130273079
0.31484437458794107
0.20597676323351910
0.23633484241629976
0.41775258088030653
0.57947438597096823
0.26169498539733199
0.51692964463030977
0.80988740067433618
0.58416893040398243
0.55881155663768856
0.54654288826524566
0.73536420443037476
0.41016165787603104
0.40733314013122029
0.49037563670687051
0.75690867297327613
0.15137661157085286
0.46786856483690165
0.64245934452157460
0.84885197145958802
0.26622160571657455
0.62512940900082048
0.64549141966888368
0.84619376558707526
0.24648751864882323
0.67568838021432243
0.65608527869677935
0.89108084719753144
0.45664695510606568
0.80115347394900749
0.69282827816605697
1.08832943558674033
0.41596626580855445
0.63553062297419571
0.58517876642538225
0.82304080160755166
0.71256293120021841
0.65875638860177299
0.69937385366162241
0.56111419998701328
0.65519630728173084
0.24822293140176876
0.67120317079454017
0.78965465410106384
0.69170190978899893
0.27200888136592100
0.17284197252233852
0.42411174296638449
0.57134378203326519
0.41813132721287205
0.12022412264923255
0.30918292982696061
0.21605605784010315
0.69440852193689317
0.11597318198007142
0.17171745422069701
0.18266148689801351
0.48765967038744668
-0.13753451830429470
0.25703878317045659
0.29806420940170819
0.72421629391941478
0.13108197305800121
0.53798026058300696
0.56440267704360025
1.09231953618578181
0.18236192399289780
0.90636537815080709
0.66931674371165517
1.01253027505335402
0.43334826379891295
1.05219283164073296
0.96482506569828130
1.01087820366133219
0.59362474125412978
0.72218181361005662
0.84502887653793590
0.85528835915275148
0.79446248825653409
0.31260243007749355
1.10068641823491942
0.73847275893642172
0.76019697276156628
0.37684584370404167
0.05061215138443664
0.27280037804642027
0.41985445364874496
0.01810335611247435
0.06659864721102204
0.27677257614881201
0.65968041657846321
-0.02823073051757194
0.59821842633787159
0.24492108277192612
0.72175271959949661
0.25442535716131198
0.55890148569540243
0.77060379690039604
0.69457698971555004
0.44065591555513650
0.41715577760013217
0.76460707000904438
0.09948243845747445
0.25532692008400626
0.41719135803793805
0.62557686124096445
0.23965941955241010
0.57954554762376498
0.73768106931273647
0.63531510170612238
0.25982318571949237
0.67603719198617429
0.66420271664753527
0.76624055004628056
0.37074358428794779
0.70953863304091236
0.77506896063528652
1.06491657970551601
0.29127143137883010
0.76947940507001245
0.52554760283253721
0.97512120406055858
0.38090241149111148
0.63693072752847857
0.58888028647450963
0.81268663728752566
0.34837072886380893
0.35056120872454810
0.76245554574365948
0.69686211990563385
0.42727738449105807
0.53008510607389892
0.67262454244542202
0.72338230726546948
0.25397051220629457
0.64632875872684392
0.31882507504579050
0.27777505026172916
0.25173347628244708
0.64395381048617883
0.17406120167816511
0.03631222651198057
0.14230358928057127
0.41053308403356531
0.05855908501419706
-0.01400437948324679
0.07702529612164910
0.47100131839970871
0.04483578153221715
0.24783680105125505
0.31097384064758637
0.95195079308309871
0.19452889321762948
0.71144153275625432
0.48371876250233786
0.99197567387385333
0.28432997818080313
0.83481670830967125
0.92204929323710605
1.03917157111662917
0.68442074519077334
0.79059032897790849
0.97776780923187723
0.98724945711871515
0.82249414485949046
0.60228686354307026
0.85563705321794092
0.77567410909093137
0.89525337784551839
0.43024106456916927
0.96833566766985113
0.88445155517181895
0.43256059395794377
-0.01789398176542847
0.20645493099655038
0.11573803009133291
0.57366592841414632
-0.04696043371880471
0.27050407347142263
0.07868288336335301
0.67967239317761630
0.05967373928852407
0.47283207705764879
0.27611282961539418
1.00021733367426369
0.11682002831503741
0.69507936337505116
0.36190118261129212
0.75063769469317010
0.20977144482729229
0.08760930371322923
0.52548662246699251
-0.00807415821356761
0.56167144695905769
0.40744319560010556
0.43434232920841143
0.31634582662812344
0.50443998412379476
0.73047705294573939
0.32371221239812509
0.38555117691230761
0.66242349194378314
0.84991478213708993
0.72335620051455141
0.20762596386308257
0.96162680287866720
0.55360986292694769
1.02685782128161884
0.12909227479603191
0.92847788828516453
0.62579821239471223
0.88365993913819341
0.24972404079254812
0.73304427426546148
0.72264366395432322
0.66208537002332812
0.42586432035409272
0.67971780916780478
0.62888088147553112
0.68015698480645415
0.32163274918382440
0.70492614967820966
0.58223728297914046
0.43710379396815435
0.28877046268964079
0.65835733247417261
0.29006233516508673
0.19280263531330843
0.21505048594376119
0.50986788668015226
0.23556130164632333
-0.00234269781757990
-0.01038275435680583
0.51477887915142440
0.15799187302470519
0.26111120989343228
0.08237796861244347
0.62582903015864577
0.09426393676216246
0.32059041692171752
0.23431579232481167
1.01038982931071541
0.09094356503102763
0.81540961923555733
0.61967150615438737
0.89078198558670352
0.48909852654760605
0.65805846809317470
0.93971034006472065
0.92423252533796219
0.86175940936885798
0.49224843367174875
0.77200406720854231
0.80067540933127512
0.81871335200444828
0.34108511607890629
0.75421635969120349
0.69471366524676492
0.72745703609011259
0.38307517540005775
0.24279193214372519
0.04093468597345669
0.67577091190412975
-0.19078482812115405
0.37533218696623033
0.00439972044955739
0.75776040285488389
-0.05379873125654033
0.45258444773815559
0.00779835066248005
0.80701143549899457
0.09039051502944775
0.60230752171189517
0.12067212226375808
0.95465565842944566
0.10458083770637848
0.29661169329344472
0.23314223967622122
0.60595747990050519
0.37198667301197397
0.21751691868024953
0.19869200373550805
0.18098869380954014
0.48070415566835512
0.48726963788274369
0.09794024403742074
0.27894042539873987
0.47436174572367185
0.73674312753175242
0.32140347545949105
0.40092167794658651
0.73514032019242004
0.64191575119461031
0.76007761509248473
0.17276907589668372
1.00895102921541291
0.58618523727938665
0.91177022967507326
0.35740981886681417
0.87205319144551652
0.64661326591258539
0.68323520811125660
0.41894456086323145
0.76259187694418951
0.70520329176652008
0.60823920990941693
0.28883660871274841
0.83836078265085123
0.59434179045387925
0.58429305914700702
0.13722605866763510
0.89650786301543006
0.37279440981734174
0.32984663455303120
0.21741518841002291
0.70927125890610787
0.38983995065539112
0.22336394617235433
0.25099645222958611
0.39088708853339904
0.26966361870141553
0.31651406787894643
0.11064157827755430
0.47102183716054324
0.27123401666888097
0.23522735222211688
0.21945409074514202
0.68351281623385574
0.29185303550992298
0.37509813858968061
0.42895217349825543
0.89682023526496901
0.21851777167542685
0.57064164744605883
0.79691505988371647
0.83163906078872352
0.80263198819028958
0.51553903314785055
0.76017892789650154
0.76740678915747207
0.70394341187173493
0.46760145591321389
0.58764844731864108
0.64731264420997681
0.63774761122306278
0.00455675197761984
0.62511563727238151
0.49347175280273908
0.61089733858444573
-0.08069373917137138
0.26272227002744075
-0.10693838732724126
0.83050613063335066
-0.12215561723801491
0.47444171725744172
-0.12104518036387335
0.84319413426695200
0.03030702715294051
0.55910498741309622
-0.03414396041538842
0.90153018201585011
0.14725633475277608
0.49411314778713261
0.15812140479834014
0.58924224754356291
0.31997773059283285
0.23963111689017402
0.26950362488915569
0.36123961282574579
0.57225486720872054
0.16808958904943164
0.05011873333774824
0.17914512641691305
0.37817795853861746
0.39918475384073737
0.09706212290101063
0.28469601972373298
0.54560909701643312
0.50051836947929829
0.48629549206289424
0.19362441497614821
0.93718095780391253
0.52803719087040313
0.87396554453637354
0.17966077181921142
1.06131927245771918
0.81146576223279043
0.72812402313036051
0.51704221940705075
0.79816652243160635
0.79514002147322882
0.44689573456272436
0.43824050173546608
0.87015800091780315
0.44054961889687672
0.38573864192319379
0.26102893633956126
0.79344947236615704
0.35466754389344313
0.56353271385798609
0.12490534863999067
0.88795180364201731
0.30725272914936963
0.59623613359232053
0.27420726496399883
0.63948555896751413
0.47678744575717713
0.11454590306664797
0.18752375496050391
0.49139775617227516
0.46154526367455873
0.17832518596811892
0.25304590592056697
0.59991553562557742
0.37731170184883811
0.30956333296062571
0.37987930238584883
0.64785386127567024
0.48077364721032528
0.33341290992922218
0.69842146523473603
0.73778844559509682
0.71802259552182623
0.48980531709450803
0.84774687562776141
0.71270987968950283
0.82929990247712349
0.22457286208686722
0.53228219866935711
0.59238845057959910
0.63046141076904516
-0.01121008000943582
0.43288333640261223
0.27386108809489562
0.52337640037809485
-0.10467543241403438
0.22093112500500850
-0.00365504062867214
0.66632603817167946
-0.04883235432267714
0.38462980552144371
-0.07551645453275110
0.83511892298146451
0.03644545428504542
0.57827505404386459
-0.20485821147149638
1.04306397709578436
0.10204879990263525
0.62102925289180577
0.05868727261722864
0.78545243583294810
0.34189421033938105
0.41415522239998520
0.27343606186715075
0.41602584860042768
0.69644020580289623
0.23645883550090635
0.18321577208155049
-0.02629166378916421
0.58434280655845527
0.20902398034032163
0.06219369044887352
0.15077704274014128
0.37819589340670501
0.55335589662816909
0.17514790905137856
0.39854319523009746
0.52647773252468888
0.57852507438831124
0.56089531237829426
0.19738727889579602
0.75738591262813437
0.56443586810984392
1.14000211035358756
0.41839659290876513
0.98963367196047491
0.55822756843513432
0.47349196359707585
0.57566539128939076
0.81988661435282428
0.43510245925646657
0.51552942759430254
0.34292120715404506
0.86952521728136989
0.29614295746947827
0.45435988900915164
0.16988805565706538
0.89191712409090196
0.43679969026385473
0.34008782982766933
0.37963714705300389
0.48881690356238144
0.52693657780217806
0.17563841140626041
0.45933704322986912
0.64154725605869867
0.54202134273747338
0.22974920374808999
0.42233882968212255
0.55888158648201003
0.50228818775233786
0.31127124059134459
0.37680426768769226
0.72437954872791821
0.57678303474732318
0.34167248575458969
0.69834049539848653
0.70856976170903285
0.64256672483785005
0.39540905790057634
0.87664939427416511
0.79745905713274778
0.86308474063045537
0.15418198514085468
0.57815175225579607
0.52427472498015160
0.62905523220312842
0.04308714517162615
0.20941848829659981
0.16992029217559046
0.51930075955992894
-0.20677089827778208
0.05861280691886833
-0.04703708039780144
0.50508053474713743
0.14809036952984916
0.15727864900597932
0.11769309620468157
0.80558953113842890
0.12556730098561666
0.54074339571646923
-0.05000547382262496
0.96180986599749674
0.12102429891606323
0.70664966114710670
-0.10680710722427209
0.93543514217136747
0.38463843423708943
0.65007395147133773
0.20862805640003362
0.81308932579726378
0.47579962066507864
0.21506837934468420
0.36640190879023338
0.37781051398800714
0.62751978275843379
0.06071202405133418
0.21071271466575331
0.00792275941531240
0.47477898232453314
0.31024909895807407
0.23427509195242904
0.39930504367536457
0.30415996906955772
0.57992749265063936
0.65743626688922485
0.21932718049376954
0.48131205503394248
0.46833393452408989
0.98687440488065015
0.59602264600179011
0.98440844084903900
0.71332424618480839
0.98339912376743055
0.94341642789252123
0.91671563152596580
0.34509175732500502
0.63645481993781028
0.52358886386457737
1.06205636120744629
0.17597426219858825
0.47461866535393998
0.32545623491107634
0.76105317598236877
0.43048059539687600
0.25977458710987117
0.34065346505173061
0.55590054144465051
0.48510661882837613
0.09061222453026402
0.69375605750180747
0.62939816327082032
0.61476947417552030
0.28934199388917536
0.63326003053899715
0.89072100788605657
0.69846301414634715
0.23113849947276555
0.65124321486751702
0.78279809052044835
0.82634932953056572
0.30387168381421398
0.70986501858101692
0.67151358664957539
0.72899320822746017
0.22595839940654178
0.93235893919068880
0.73005876753179855
0.71677742660589583
0.27591309946391401
0.93857551671067785
0.58476992188621102
0.62202579337442421
0.11668202613538370
0.32824612662370989
0.35425614151194718
0.51364089186488116
-0.13352618565459598
0.01510651723683626
-0.11975464362034026
0.40281675251236920
-0.22741637251529245
-0.03989990110845454
0.27461107580643285
0.55378309720953733
0.16578826222708071
0.35619352138357452
0.28569852959339720
0.87384340207896372
0.12266344968462307
0.59698040756261139
0.01750782775030177
1.00273311307127444
0.13102156836979781
0.63160371490384182
-0.06981329024648084
0.91859814126143924
0.37258015009198098
0.55176120824237795
0.06232657249684587
0.39041927572442064
0.62345917390151595
0.21862522526049161
0.35732481555898643
0.29275821964304105
0.66554536422369637
-0.07247316954529257
0.06845141468870605
0.00692878485145043
0.34831899439836855
0.37728272704668997
0.30960347349177264
0.11821571674157566
0.36985789339665942
0.46128524705973695
0.78394333790205561
0.47491287512802777
0.40723948247912856
0.65689111381616982
0.79114608268245190
0.94402316217571458
0.67710033572246497
0.49838458305338451
0.94310222377164177
0.69445359483010161
0.95063064126993102
0.12730500834905667
0.94007825365828757
0.49643176319089333
0.96839268138129830
0.26546535461826809
0.43906632090312359
0.53191285374872455
0.67261693118559562
0.42912873929190959
0.09136961515249215
0.62366543598912583
0.42347592900413833
0.62856975184270591
0.43412349966684083
0.72558628250512458
0.72444531885679164
0.66805616495890474
0.43296087533662259
0.70708307122116187
0.69382705878827855
0.87556628105231571
0.22803634300263326
0.87202722303797275
0.64257533997460892
0.81776052105791786
0.24584321967383338
1.00111120761645678
0.55849040597017718
0.59400944824394986
0.17840374124551395
0.93060886237125295
0.49085032487560698
0.53591989197849443
0.20086771154506955
0.33704078685707972
0.32021521882397397
0.63821335690947345
-0.08462777245600246
0.07419142364408260
-0.08969293254667134
0.39467064891763592
-0.21819583377963819
-0.06293427711498889
-0.21916203375716994
0.33138268414660182
0.49469898030142079
0.00316202045617603
0.49167048301376043
0.50428345138953179
0.35402218685597742
0.28170095709637177
0.32383913530443670
0.86838911299410093
0.12795284555004668
0.49265793532644409
-0.06602785720300555
0.91978022950180172
0.15028132308573122
0.60745383053623825
-0.06015986073491081
0.76977980386089484
0.33502675447251695
0.36596861080815268
0.05003835404557411
0.48345092186931637
0.57061267459128917
0.07887682134342416
0.06069989260645556
0.21260297281304102
0.44823953285334039
0.38616377924423123
0.28296991362243601
-0.01924208757949247
0.28921916728176961
0.37144436027011646
0.82287525492999913
0.33375734431676496
0.46128725893948258
0.30903623443741957
0.92912846320068565
0.86115877982086020
0.66986306232665804
0.38633128281214968
1.05300734213435110
0.73018714503282200
0.91931675844280003
0.30940749080246033
1.04170334787275443
0.64829327664700109
1.10525255388967425
0.25220109681429514
0.75546038892927292
0.63536903793334876
0.71081000674990480
0.41636121405840898
0.33105547565292326
0.70586366007461576
0.42244426738335389
0.46566903381542857
0.08554906214950583
0.61110253077929755
0.40514276543969518
0.49218621403171403
0.19824433209045872
0.72525861716309237
0.76012881142477029
0.73635103332951446
0.34734367124988713
1.06429623648483118
0.61575009700652594
0.89672038851892222
0.16011736629187839
1.03217391656087432
0.53397628216220705
0.57619638383242966
0.08657454747147086
0.80227811889117395
0.33791063064432603
0.22522254804106395
0.27238840969970846
0.70719875532791276
0.27002503736936123
0.64582007055967661
0.26636147375401387
0.12522189708565445
-0.13892393816777440
0.46100788873138970
-0.14114109126641769
-0.11683291422391440
-0.25371479542638276
0.29207657283877758
-0.30125562436630121
-0.18680662913559704
0.56959543827255743
0.26380123561207336
0.63945779124644186
-0.06847523759772195
0.47924492430130405
0.64365809531501328
0.40181228668215607
0.26543090369619771
0.11632682654077930
0.75737981015426015
0.07925187769403622
0.40308130694855865
-0.12234249837472032
0.80537085826192767
0.12294756971062154
0.48860759770662243
-0.13943916136660395
0.77075867286731481
0.17582872346083142
0.35743604113260796
0.09468785561590459
0.49973449220762811
0.46455964961047880
0.06142399609675175
0.02001667866212389
0.23130447094000955
0.39022592596492850
0.25812846719761351
0.67338223000895825
0.30186722258447457
0.57536262976710373
0.28772342533884965
0.95323366795639219
0.62671768145837881
0.44152388660529546
0.46322806108349279
1.01538488342508071
0.67124340386385839
0.81670090343523183
0.17321036408346777
1.17153412932103929
0.63119937753543454
0.94577246349859401
0.18667720584581421
0.99002996409349908
0.65864876053367549
0.81856354287312805
0.41814852353199100
0.77347535787208976
0.95169189237073715
0.55597125154748217
0.43543432874504101
0.16144712637585082
0.68890100911265451
0.29015295609065112
0.35135109670488379
-0.01568419404689023
0.66142571657218663
0.62030808538648263
0.52831390630234520
0.31474575816753669
0.54268238118779921
0.81529722222863665
0.70986483397170297
0.31849376358808384
0.79628615861210206
0.58407275486116506
0.70837689746590227
0.01478021663651036
0.95766642765071064
0.25627913291336557
0.22140809761450495
0.11306908617039427
0.48426165666730131
0.23990667048040457
0.10896516098013553
0.34348911368930013
0.34092392356382345
0.10825008476125322
0.51372010722799410
0.17531791230291069
-0.08782893784042911
-0.19143542749788189
0.27247832596235233
-0.19914779804540808
-0.17320546071043119
-0.16873876626814263
0.16983476151160387
0.93285206393290987
-0.08517480019814147
0.62874566808592580
0.43880367657871155
0.73700506483092820
0.22301644357715894
0.43677304604742651
0.57125626299481036
0.43900415276579996
0.25364555812591927
-0.08064924604046894
0.80145506807483213
0.03440135900632532
0.44382515917203924
-0.17807005141448079
0.83145274129864100
0.08305114547443007
0.46261113133593090
-0.03694272414988720
0.78901280675526642
0.20395335538591103
0.26801122380577930
0.05075165387816497
0.56769376964422880
0.24798607964382283
0.06750799221781323
0.23923934793552448
0.43459658070527829
0.34935802941315974
0.36790121347886373
0.66670204016494305
0.65052251181494869
0.29359831981428414
0.51032502543038927
0.57219642218855338
0.66123498914578405
0.44864017105850779
0.19162329597282390
0.93622571903025920
0.47200416342017770
0.88114945203261796
-0.02280172600413238
1.03417107693884547
0.64921848178777464
0.87089390771958586
0.37216742989103657
1.06236755116235693
0.80301500938693371
0.67631020667690800
0.56025117861014684
0.74504010199894111
1.04291122942373771
0.45615697141599909
0.49842259020226648
0.24601428002652131
0.71123191111982687
0.43511563757970462
0.48059299869165939
0.20439269985542735
0.46202559342325400
0.69054668625352655
0.53026701107547636
0.27692947123521194
0.60059668432916280
0.64080377500085617
0.68350452496523750
0.13466179016643004
0.69595833494783077
0.53873211316348479
0.56090377461898622
0.10873881343502995
0.78234326525314946
0.32028219098254124
0.19593271548104157
0.27848210626574177
0.31221985556387966
0.04560518082862053
0.48414290605267596
0.16500073775983140
0.19033525820308123
-0.03547619506605982
0.40026478794874315
-0.01179531751993783
-0.19508346696063000
-0.09426128048064415
0.16184002957112734
-0.21090629486015641
-0.13824135943842966
0.62141091638404267
0.27391155841128795
0.90648618532646053
0.05162135353233654
0.62139994721577874
0.53741951769542817
0.63878654537830581
0.29382810577778601
0.27055222006396884
0.56683542504270357
0.23295111718573908
0.39968455058181701
0.00382420822580341
0.74513257681314671
0.03240226249041319
0.49913004129768695
-0.05174670196931644
0.82501728244810502
0.06209953342956483
0.45889290558831897
0.05207186274405073
0.77495670020469343
0.09449507405128282
0.17116452383804509
0.32316748322308042
0.60940829289224119
0.48854794898163528
0.16489716423807360
0.66268400353489731
0.61096433916898918
0.56308082380930946
0.38971339058509941
0.77085850439896819
0.64961676308772198
0.47856226251244138
0.25346536380658424
0.83894986110752501
0.48623127852805759
0.76165392563528811
-0.12005216340327524
0.96778468320580990
0.31852090666734750
0.91039073826707273
0.19873888387238303
0.93070614608322488
0.81356085632647346
0.76552965100925208
0.54568915563042708
0.84273035964793941
1.06108012521941730
0.51137373922400031
0.64026985781073675
0.62040449588267288
0.86554622010456583
0.41701609907699488
0.53912589917416853
0.70921634517101828
0.33009435411730415
0.60200324209281675
0.52607838153154962
0.37417176986406897
0.35093716346683590
0.59666163584751830
0.49547490877761113
0.22495274960806733
0.45532523570277128
0.49440329371126135
0.59922750674427916
0.11935246614526179
0.53567464631004491
0.57898138281282518
0.57290775981540343
0.10700669016446057
0.33143067502854012
0.26987666355070561
0.73393091966595003
0.11090452238450203
0.32666045632457880
0.02354259599624273
0.57178525981112971
-0.04993978172117921
-0.07540130664804123
0.00051315691758167
0.19478947376496181
-0.08141229666122377
-0.37268097525980187
0.06618119061329604
0.06929447742549261
0.82850366509274087
-0.06139219489862768
0.56425446451190930
0.02267136992612140
0.88931335241151133
0.18146535838003772
0.22000618206182920
0.38122266304597663
0.54847955950231009
0.26514990464191579
-0.01060024933889278
0.64543663195957390
0.09982712513127966
0.37280723076588324
-0.11978752874708110
0.86524621858373241
-0.04028572534174028
0.49425420906410111
-0.03590510323612711
0.86366830630105529
0.05059922444414057
0.40334638861642624
0.21320167274131663
0.74597421780452600
0.36248187723750885
0.28921704096089174
0.43762995638466040
0.85308274796533801
0.51536007221315638
0.48718512952077114
0.78851731823395821
0.87784506701004061
0.69354695432777735
0.29747278736313143
0.74902654850299277
0.71810028293124173
0.70819280537442175
0.05545812849437226
0.75855923241880541
0.23771388887098033
0.86879117703783937
0.06464650565915131
0.79170794574077696
0.64858797498471743
0.84542196905201195
0.52037494070856039
0.90669393825755873
0.84956749954512700
0.30774798816490467
0.85058116011914131
0.80294113003629541
1.06058041142517445
0.36289020869192901
0.71418795673175750
0.67807518454182181
0.71597163361731986
0.38248444500623879
0.76844460528721104
0.64302194189630224
0.28555888716004957
0.52240971047140672
0.41014129094980561
0.38231668984171319
0.28004004320641146
0.51792533915616157
0.50199876821077993
0.11933843715862774
0.42969011698829290
0.61539857431109923
0.54967382918143182
0.16517569416178673
0.41698886818552183
0.54319541866936460
0.54855546179980808
0.01034134487403315
0.26502305359807976
0.29150725760352975
0.60718909346892858
-0.08812221781598628
0.05533880261683011
0.12271211143167232
0.29967445928470959
-0.01233020077473806
-0.28919690359589867
0.18223388544939570
0.03015277830561983
-0.05643438816758503
-0.08820260569383204
0.44657630456702574
0.07119407128393868
0.79902431041843680
-0.13472233116024837
0.39584238008686001
0.47952667985946545
0.56662701607188370
0.14734473227716677
0.27968194678953806
0.68166566427508668
0.24641405919098341
0.31399044369783868
-0.11770781948756165
0.72749837597164457
-0.01817585527499068
0.44214613122324281
-0.15172247470208441
0.89947860505917387
-0.06690958441041689
0.48793032083334054
0.11146247622886066
0.88243703730682599
0.12671899031107969
0.40435086888934341
0.49398009864729275
0.87061912403184283
0.52008488429140942
0.58405401944525570
0.78641057894256439
0.87868911615949452
0.61316652403653016
0.46296851210430900
0.68760258314014300
0.58706768797285924
0.65862814316069618
0.27381626235937639
0.61581193426346814
0.36816760198404364
0.79799352366008913
0.26173558841473771
0.71677602286385056
0.38740814036362525
0.91392225545523176
0.80059894269491250
0.58113675628851669
0.47447430111934508
0.66266906157216532
0.93377268766254251
0.62984977770658168
0.93090962365282570
0.33326866763023449
0.93198220941660259
0.64635273952233741
0.93892675371367074
0.30794245850925100
0.87652226993689153
0.70284504288268745
0.40211786485244067
0.26743178769368386
0.64190530062213935
0.41131070258261249
0.29048347913161771
0.41879861617047720
0.52735005938063761
0.06093783836353522
0.26505434729225580
0.39108007019625851
0.55812002867656219
0.10563808871987351
0.27050672429837208
0.66175167063761309
0.50689092969866634
0.28307358978698227
0.30836865385723283
0.55248224391161282
0.51426220366097863
0.03085809243495885
0.05253574511450887
0.31068654235161514
0.29752633661042965
0.04453256990805884
-0.15009267385534253
0.27314412622180695
0.06028343667224975
0.07815376768640486
-0.25131654912098444
0.27250765940425237
-0.04308508968369638
0.71075926959553692
-0.03602464822662675
0.28428589602703053
0.27799254747532565
0.64605314920385704
0.22904602270945862
0.39379174881869328
0.58744201191205248
0.54822571370128537
0.48168400890179414
0.16252486307816674
0.69464809657122140
0.22419110868076192
0.39723197705423885
-0.19660929961975343
0.82039020244062533
-0.06160696514933371
0.46911191672913072
-0.05591378376943595
0.89001318477146052
0.00833423595241774
0.56503871077738754
0.35865470846651398
0.83082062603754681
0.34633760180412232
0.64561278299108660
0.70605358762119352
0.90892294133002149
0.51069895237840246
0.68394429220013309
0.78563587819149061
0.94946601817336540
0.58066207253111424
0.44884243715853639
0.60324678283604083
0.63094179672392348
0.74448541637747168
0.21908807082910506
0.43039064942788363
0.39910831699834581
0.86871947700864127
0.39925752134237591
0.44237365054129452
0.42031473104155870
0.74725208119184838
0.84337285674868223
0.51387107855061465
0.54335362835554246
0.34762688823830362
0.95334170686243502
0.61673006575538669
0.99593570351065697
0.29386054872696571
0.95400869883223927
0.72334283326473459
0.74242460748698191
0.23347816283334338
0.90951441929450838
0.52145979492136729
0.41593317324096857
0.02395422683045972
0.69956995000030719
0.25165163943579094
0.24420996023039362
0.33004683602673018
0.56920428970048031
0.12398153808316367
0.47830875734468931
0.39736087700229777
0.64006668229954755
0.19334305915120337
0.25449605739879394
0.65565545756852517
0.52202066199822139
0.24179068203895254
0.19983826968130769
0.45542691629072563
0.25802501882980666
0.30635234965501323
-0.21415907498870104
0.36778352182150409
0.09566900065170347
0.13215687312582536
-0.29787780943353204
0.35622994872009600
-0.02856393311774608
0.14353797911088292
-0.01781602798806370
-0.08235692374907094
0.07420087086503151
0.60567551678112530
0.13554088661604416
0.34274629876205642
0.35319189148046698
0.61606929475153360
0.30998772141505138
0.17400129568859879
0.68494337178257325
0.46105695364692079
0.51748322927103607
-0.05456684125934425
0.74740902036914503
0.05501011082185391
0.41135369661070065
-0.12279025830256854
0.72930046332489129
-0.03766320680614824
0.46464810201118695
0.14236700344948339
0.78820385900350520
0.16403651678518139
0.55307626993436498
0.61587632549425841
0.94416957146160674
0.35946620291517301
0.80840147784421001
0.72737829943305221
0.92915516140625765
0.42489347644262637
0.69977979559978987
0.66126170745673651
0.94136450197989163
0.66381798499496769
0.49496844732499679
0.32220847690947568
0.48126389364173189
0.86397433051839911
0.50659989788075388
0.53114673577479388
0.32896656287944803
0.87241709366169151
0.60708691509540824
0.54051744071762831
0.38985370331053987
0.65708585986932699
0.99207224548717199
0.59475299346439980
0.90502725018788699
0.25562771723879746
0.90416136557639448
0.70921233971903774
0.86904931490182946
0.41883667518058032
0.82311756110534140
0.66192908353515922
0.56613710548032137
0.33473974231183945
0.67896653124108985
0.42491921653915921
0.38434091218220273
0.20832781269374520
0.70949016797047437
0.22332207258769551
0.25347661091469331
0.35674880567693829
0.65201865311586804
0.19681206951685087
0.61604831009957561
0.46898241931152773
0.68748429310311221
0.40710069309765812
0.36575862116020219
0.61173220043483045
0.53318404255178742
0.39780220806103311
-0.03304395802669907
0.42980671984892410
0.31405326176486570
0.23052781672476158
-0.28555158172803891
0.33792875515765286
0.02374431029798990
0.22109153028468065
-0.45955735259799513
0.43517278505325474
0.07772205228879611
0.17273449334943813
0.12568215532701391
-0.01503935086336156
0.14484339650198960
0.61196873773672955
0.21307696824022129
0.30370932639525472
0.43588298987618157
0.60930916218573117
0.43666698484647049
0.06177858436423561
0.78890610210218270
0.29554333594453386
0.45759261308870569
-0.17192493785579938
0.74861003701075535
-0.00632061589142678
0.29758841166452249
-0.01750006050103910
0.67606613026538609
0.04097092979634576
0.53763852051973615
0.51820434533122617
0.79809437387432203
0.18553268141345958
0.78721346994122643
0.73093418387054099
0.94241804615021174
0.26546297624951187
0.84119625838425671
0.62672506645752057
0.93926400649572228
0.40744544425483564
0.76423579185446822
0.41573199746278966
0.69050844785237542
0.79187619590109581
0.67424359440654913
0.26820638484090742
0.59876899155516750
0.40085709445704509
0.60129592249762420
0.27743966437068157
0.35550468236634591
0.75512741117584814
0.68752311756073636
0.49011677928712516
0.54845237466656371
0.36512810376013938
0.86772508479860588
0.72969725690849851
0.90812134926273647
0.50908979440055169
0.84490021719672048
0.67068269580194273
0.75223100777400143
0.39570218543613367
0.73617675727306342
0.61822007087276187
0.41773963570624073
0.14154279952667942
0.81588603081987832
0.38730868980842098
0.37546075858323885
0.42115625616954361
0.80340638620991545
0.31486413783450784
0.61956653542843820
0.75972049451440860
0.75399843003581191
0.39524357967333890
0.56566538328205018
0.76071729346012207
0.86719364590459358
0.35888076799403723
0.34395173456789724
0.48892339920831923
0.56649176807493129
0.27207840505830810
0.11196661202770958
0.30146363516827424
0.30044626784824724
0.14409497644142324
-0.41171289944683981
0.42341178876118862
-0.10124250309637750
0.28186894745563784
0.19889097018931542
0.14468500543453319
0.06577545679479230
0.39485737112125313
0.24268136474869345
0.26636598338368506
0.27585242713669045
0.59283464995098667
0.26266679635339651
0.26845786073005712
0.47007879968834831
0.49279577653044110
0.43086972310391591
-0.10220918619656078
0.69909691243033778
0.15294671567370560
0.46010981919397631
-0.05244738330334546
0.76223950703754606
-0.00745855748965361
0.35932633290962557
0.31372435150785394
0.67065146676168386
0.14885365951517787
0.68237040043780595
0.62023309457181930
0.88125487950769554
0.25611240446835687
0.92516724350702861
0.59888600753954213
0.91165574951718287
0.16890726367847780
0.98163999749730546
0.64259279201977870
0.63988791162941017
0.85258041697729570
0.79175701797982811
0.55189581720885705
0.69275899559419141
0.78163042304432340
0.68551356208834235
0.38756199368122363
0.59655475738782515
0.59779128733372899
0.79692756055598069
0.14234112088982984
0.56723306767945425
0.63854967653319472
0.91189790460375775
0.67680026666767412
1.08927515016407894
0.45158824560048227
0.64396977783889309
0.76989633387750023
1.00480104862280095
0.44617840712042711
0.89459860585054174
0.89348037711311212
0.71134063232499523
0.35974965651647017
0.80370024104025817
0.69780698042315159
0.41969844752762314
0.37659854840549384
0.88722650803846681
0.45201378938026388
0.55296881439720280
0.75940895738469205
0.91239944700917119
0.42983286779241464
0.67555269573297771
0.64507087337760760
0.73496517963494201
0.58573965561584695
0.46545470734596273
0.75446326510972672
0.72377714612444977
0.37569124902738715
0.10014766915105611
0.43695552449113823
0.39612769186787589
0.05500650117441641
-0.12852351872886325
0.33401941826933434
0.12529694446802794
0.21205212371787308
-0.40774192041770790
0.44154141493707633
-0.01523511514663856
0.48862282086536846
0.35808564235525914
0.45687191505859942
-0.00977798747147007
0.46262489977024346
0.03567907096668299
0.44150245701941976
0.40345875094471861
0.56740116097808213
0.30130554470771664
0.07732778647084854
0.41819490102901574
0.26775430166028158
0.39449815387539455
-0.16238903139783104
0.68026164745066875
0.36370450379728225
0.38088209746166629
0.21063180633443562
0.71927306508956168
0.05432052298523141
0.54423137943134825
0.48312191328734733
0.82424455221839887
0.15988054706031946
0.84594803581842870
0.53790324569624393
0.79954776427610874
0.07023503117757202
0.91872357764106827
0.48208426305622920
0.73481336799566577
0.25875060449883042
0.90323474895055034
0.66492080976450185
0.64167089539055966
0.83253303896180642
0.91918370677291139
0.42825195628915325
0.75882465190754389
0.75218138607911056
0.82345069022698381
0.20661963274822703
0.74891112046720787
0.60043781634270776
0.77466985859573367
0.14236076358032657
0.81823550429174219
0.55080931816371625
0.57281611475578176
0.45301572993568162
0.97018241302414365
0.74555598904927944
0.52303683606426166
0.86397938749840608
0.87675271754149842
0.52022890671994471
0.75744709413634137
0.70296513699542074
0.79429120666685793
0.41284417855424349
0.93188622053576453
0.60984783199117165
0.52108751471250647
0.78051815490417908
0.83514439302872379
0.50773794292949015
0.63353020816101746
0.76481725793072275
1.03991516207026424
0.47242461048105949
0.56233275849792219
0.80995250293825205
0.81714226014133495
0.51753263530807114
0.26063146830537548
0.55711702819339215
0.58488120406354827
0.39210972552744461
-0.04522066917419304
0.36942915905371998
0.27964478790328490
0.25212152989867420
-0.24459805998690604
0.37229024455972193
0.06753382878948466
0.19249206667162069
0.24751305762503525
0.66285669927314106
-0.06915672670631770
0.47914472061856661
0.12222121474317335
0.69546986008028289
0.20110657631631806
0.41686570897127539
0.03977673008533184
0.48017889608858777
0.25493342812928521
0.63938157495329673
0.36112120122860281
0.13424484113351975
0.45050862161068095
0.53576812061215262
0.46891423148722167
0.28825825555347301
0.58135227947505164
0.26055339448823733
0.52460184181023750
0.31952107789574968
0.83259072836422576
0.00221854503097130
0.85759625726906441
0.44683937238319765
0.64937959755896879
0.07940208681111430
0.97408210473696344
0.38158722088076513
0.50925341664898527
0.18651822108811794
1.03040757246310610
0.60356093274553668
0.66553255227800401
0.63416646839445390
1.04248996755454071
0.65796673958779173
0.78944143724369442
0.88837013724912550
0.82797490975889998
0.46634137234635104
0.75554889718006024
0.61243779935895359
1.10883568991210879
0.35622185155589708
0.87111823523630605
0.58969505196175809
0.68149597553550867
0.29131279846734270
0.91991853065328155
0.72299033707110272
0.42424355315716489
0.96879487030194023
0.67039429791966332
0.74342159417952280
0.53699052098334010
0.84467464419303673
0.95771191809269263
0.50292827276109575
0.62842074655094304
0.71818832229942564
0.73165287153026803
0.82921083028692100
0.97395447593339135
0.45827269530577863
0.71832627985523356
0.67120673761054550
0.85674650996520152
0.52581854832065433
0.70271890982161156
0.90705514463568293
0.87101446285944795
0.55705541761151900
0.62958150817118752
0.66078326067875748
0.86148915533346970
0.52185860119803917
0.25555117753281015
0.47545022281949867
0.65405831384487234
0.39334466046772332
-0.03024127932888543
0.38580766488922152
0.28775116333517464
0.22605234423533319
-0.28149602230793724
0.44544095653661142
-0.31745504226751070
0.39685343831496145
-0.00591521025954027
0.71419731838420986
-0.06621109907617713
0.47999023392338958
0.25376181718473723
0.81528078819309546
0.12160139705959178
0.58095496036625405
0.28755775196395272
0.28076835989566307
0.15301189336937171
0.63867119511753334
0.47057893547188206
0.25208335161900713
0.36367127975163438
0.62864963458056966
0.42078508433073381
0.57047564313694665
0.68585604249953969
0.15389775179274839
1.01207940900888471
0.41503422741614987
0.60107764080345094
0.17495205674887462
0.90814199966351650
0.29676523727035442
0.50751110809083344
0.18373956629428062
0.75518571584484162
0.46179507361967664
0.56779953010097572
0.38788655681010220
1.09737706741275476
0.76970000636705538
0.71698456639191088
0.87057391463637790
1.13982644498565966
0.71979972358589661
0.70757404027516979
0.83828937261839509
0.86961956558165010
0.40135491601268630
0.91558791614681156
0.76934425406082285
0.95470453266039457
0.25080176387796055
0.90483234252167666
0.78077376116253805
0.49444912974562505
0.49208217172449842
0.72914549879225343
0.85620677840086945
0.23178462189519161
1.07895803060409978
0.71200854923287826
0.77974549960866246
0.45457274943802695
0.94658774784598698
0.83339428603125953
0.63907767523452408
0.74261800977898618
0.35906504442621062
0.84974655971762492
0.70699463427849896
1.07534577341859650
0.37809279839245147
0.78655112985718234
0.67438685373940810
0.99273985669746290
0.52531332498033279
0.69431138146548599
0.80389684697443475
0.89200907200314905
0.60089533813435692
0.57515253132791377
0.67016873634220908
0.83727184205633809
0.54415447875829870
0.26022039535102048
0.48323766685043545
0.49307424226604912
0.35718642475850981
-0.07533015671952575
0.46007076725074164
0.11320615731207515
0.34298519302405239
-0.31120917408253101
0.85777199264915560
-0.12278147953993007
0.45932184171488805
-0.09550800432086221
0.98368602675220940
0.00333537322962713
0.51984862209121929
0.48512200216961959
0.68831765873726514
0.19099659426805943
0.59600956483409528
0.52195090800911281
0.45160940123410098
0.21594534018506306
0.58365941923505316
0.66133266704239446
0.16450899676758723
0.38204520942996212
0.19284617347991401
0.75923250189114411
0.33691875749558275
0.44641874000351328
0.09286534525979240
0.71075305076999595
0.26852249946678014
0.42008280235027134
0.26020413089038658
0.72741865825796836
0.43085384300731594
0.47643622652122447
0.39890102979711461
0.99324345610195830
0.83600166097425577
0.53949110334071160
0.89563247376492927
0.94204844116976527
0.81729011882469593
0.54594325678489453
1.02363949521352193
0.86318941198299248
0.63275007122572835
0.63063099103053055
0.81798568210389777
0.90480536015336666
0.42542962200048545
0.67946803619770724
0.65122020138217196
0.60655328264386610
0.22450953048836897
0.61047267315137588
0.77396096996188968
0.46212785362328507
0.40706638659946170
0.55499389447544434
0.81786121730087047
0.26689643117557521
0.83648193676850435
0.81911464393807709
0.73031112356791639
0.56449146255295690
0.61619628899997059
0.93739095979090825
0.61304766651730902
1.05496808765971561
0.19206965973321144
0.92428382824243993
0.73862216239791967
1.00010621001680011
0.43631072840021601
0.86729811083906694
0.97423162002653363
1.14973039520021669
0.68872339218463197
0.72506936777393893
0.87204667988051709
1.16303654063737305
0.57623879766852804
0.45907221051469299
0.57427893972938937
0.73871562508163158
0.54662772169858953
0.07633001765123304
0.46325057620903259
0.33596303664969096
0.30812840001491248
-0.20955652647560741
0.47642089543857141
-0.07628462459828536
0.36889463948451406
-0.07080598104717427
0.84326834319296240
0.13146541676334070
0.44531301369916554
0.34316181873144697
0.83207766219585622
0.15951619098898490
0.53675503220291854
0.77268804485983056
0.40874073586574072
0.47204403973863462
0.43669320021077729
0.78946522888773563
0.23355381422589677
0.30499105908104868
0.20187686872295849
0.73584627070913555
0.06994689848662566
0.44052308244119009
0.13187876528864401
0.82417644946269863
0.02439041724010393
0.34034049534648281
0.34996366810676255
0.84849396209990990
0.31659366177902720
0.37321844769494322
0.51855534307218643
0.89669689909671635
0.74998963951792952
0.40836310816078275
0.86482109782602767
0.74319314266407799
0.87391833738790270
0.35460120210390200
1.04878901654024181
0.81891234896358234
0.77759589294087139
0.47221417814230526
0.84620302447546392
0.87325872960617934
0.65005239923963376
0.45129373587867949
0.56021995295739302
0.85911748710409153
0.47850256944956610
0.34426966193424852
0.65053995370358919
0.40736446845102059
0.42105840464519595
0.44096546980176565
0.78249558503631700
0.26829872828202772
0.73322433587738245
0.84254049572371048
0.76987247062960318
0.43281702879770173
0.75541396166031438
1.00643212522978631
0.77403715741281154
0.83096206596517064
0.26014064752577626
1.03473642789514253
0.66413554004013797
0.95876759233454778
0.30436580365029492
0.82424084493554928
0.77878121455653471
0.85926335342149307
0.59437293829898874
0.93430048450565073
1.09391958698893621
1.15812276135518966
0.63833362069705202
0.76825278996596946
0.79538302986813592
1.02962955576796000
0.56675768336724641
0.55098171340490210
0.73643288548264674
0.47780572630512524
0.17221925403011146
0.11143837070782830
0.41570917374804384
0.26353913964507075
0.16572016287019714
0.02352588874947779
0.71772251504677775
0.17868180852177717
0.27521057583430703
0.22173556097878075
0.82372467768398216
0.37613169006173813
0.47337715530906971
0.57636537733328541
0.77191227687111885
0.38134861484434079
0.27357274944977983
0.78789046265303442
0.31591054354878750
0.49323657663349241
0.22432304643045692
0.74211670619319747
0.14608299711812678
0.40776565143481924
0.15440283271743313
0.78303637752470046
-0.01236587841585325
0.61195762071466042
0.17645714706436122
0.50540067687614676
0.33784654936130948
0.42284353062680990
0.51190246095538849
0.86012419783977512
0.55989349240776853
0.42949274846233604
0.79729147430273573
0.96261587927686643
0.97548493727688468
0.35906286655292546
0.85515819474362720
0.74650019228978370
0.79867274373519970
0.48692706895994159
0.66162654702441637
0.84117943304255005
0.73736453335832308
0.45629433367172079
0.56940930163868275
0.81705990458559530
0.67325596459122661
0.52302745323656197
0.73312424841092050
0.62477351671614656
0.58701102028019780
0.12460159924218966
0.48703465900031340
0.17652398927387417
0.77041441253877441
0.50961330042534636
0.42374561148534107
0.35341088256039438
0.67355663181568681
0.84993460685223088
0.59542512332742403
0.51439774683995876
0.49900150088430034
0.95859296298396623
0.57635829319926357
0.77390070007331579
0.34634246487342646
0.90208180266291726
0.60965116917583495
0.79600560329244874
0.34027375780258290
0.81806127893122038
0.85052042688379481
0.92767052798457883
0.58886496264783816
0.91958645491979840
0.96170091747439534
1.13007685142470660
0.55122200291087264
0.70724499493095216
0.78088503451097280
0.82156165197637221
0.37407441179469736
0.31833595812610382
0.47795177111817999
0.51352414405558489
0.12990473780465278
0.03489648230279513
0.28960550251951112
0.12148649764975866
0.28855639627946233
0.37797818686354856
0.71234575405028999
0.38901475961818743
0.30450997085583259
0.55283859841098570
0.65497090731350105
0.57349226012190113
0.25092212541374714
1.01658123457652927
0.43540386537852560
0.52730311953449305
0.07175670022878278
0.89270506094032431
0.24411885642215733
0.32633751522446952
0.09739602536857846
0.63727923737133962
0.11280220304712589
0.21348400994319883
0.27055094798303592
0.61945044868279453
0.15418214882372411
0.05305056044910661
0.53839494710869873
0.64148885149635437
0.41473532326456763
0.27248876176298065
0.85594020210145283
0.72798983459472122
0.76102636342467889
0.54198866344738539
0.74888806045335787
0.85729564201435704
0.97776825853003779
0.41661600522830183
0.54402186334718028
0.79526579599684144
0.69198224290278376
0.57511035579406267
0.32990521620252439
0.81243370811566740
0.70228257257750060
0.31632389037098696
0.26271317569152242
0.42100809994794797
0.75761571546103634
0.09396058234228521
0.40488572618600499
0.31033120340326864
0.75820050010709983
0.29448693064152420
0.24981713867633609
0.29740514810213359
0.52020213209467991
0.57551938817040693
0.41860758974414175
0.29819728526352984
0.46059153851966533
0.76448326865925709
0.46221887119835836
0.46935232208369060
0.18332074225201705
0.97471310602068995
0.51029174611834049
0.75020519584190026
-0.02011163335529570
0.79211648215853936
0.42700892947675589
0.85520511692139123
0.35402350830260670
0.90736908920189407
0.77135565734201395
1.11107813276084677
0.48152673370899890
0.98838591878211379
0.91435878414902638
1.03453759010894286
0.40681252560527531
0.55945342250919738
0.58208358503224300
0.61164113901243411
0.28742694181323775
0.14461127150608466
0.28614050736504049
0.42227920160180127
0.01129766851164524
0.52918282401095429
0.76777672065367653
0.39822757489602090
0.42369783688249929
0.74106312459648627
0.83545945731879412
0.61696654502390746
0.28760716757613425
0.93906963998677062
0.63583664161916942
0.81944004237374268
0.28070727538498819
0.94341975731034133
0.43704819503936426
0.62268884684074188
0.07416929856221896
0.85661869888202136
0.28311027124037236
0.26273917261951429
0.23111157894259673
0.56068175376293261
0.10661323154396712
0.15696080399785856
0.52351926464454379
0.40049467820432771
0.27782897902898840
0.18885167172118522
0.70398307536879334
0.43966728501551061
0.39247566427964514
0.38241221723003926
0.82262557132208458
0.79495300082478848
0.76130882653264331
0.87890813549537461
0.40084698587219986
0.67752904588613072
0.76211690618103778
0.72966204993111528
0.21734535828332135
0.64162824720598455
0.71765787888431909
0.52742856254127513
0.29467778557817365
0.41957844972389358
0.53712554028287629
0.33602145594027000
0.32350741736033672
0.11266302076558812
0.75665041582809078
0.19246964919862092
0.40051392133249941
0.03765126786258988
0.67666590815241534
0.41684936086262597
0.23740561357212955
0.06762348275002772
0.49834712653550295
0.57225651991637627
0.36692465904858623
0.21518799368371605
0.28971368492257310
0.60827292618041484
0.34623578257764587
0.45637492237836952
0.16372756525378060
0.92078725764764835
0.33728636271235002
0.80604611249456970
0.05783162621390708
1.00514651945623679
0.68616591135451999
1.11648819650086062
0.24962010919301264
1.11095195613768660
0.82045489101205327
1.14304054572249880
0.44077482539560947
0.71698272903213334
0.63171808132062179
0.99128795408116344
0.38685893047133668
0.33007578856722564
0.29568577474382407
0.62662687782960713
0.18754254914746638
0.01438390193230688
0.02028053764165205
0.44705622811259427
0.45563610692057771
0.74944464276683020
0.87605056748699695
0.70956498222486863
0.43841077604173151
0.88575405944754060
0.86698048717720444
0.90293875497693932
0.28251054560644451
0.85007716048839455
0.63088576664919782
0.81032414442043565
0.09485223738061893
0.85101773563062122
0.49622388932538863
0.70286542802515894
0.08670668216898547
0.77862548542321741
0.09088219033876727
0.35861689816412901
0.55705965032194815
0.16102276792951459
0.27079926370535856
0.14482224168348853
0.85962019603171924
0.35222019463353571
0.41336241511050059
0.36797816400891148
0.76585232130224157
0.30388976194286110
0.45202390640465956
0.81279739014584829
0.55829108530554983
0.54670883269773995
0.63079543949191930
0.69497484848937263
0.45074643449297491
0.55424191965293379
0.65016922884977713
0.64376415425858280
0.36696821165122129
0.47205511970502007
0.59581052756093444
0.60958829295665196
0.25129181835107051
0.55174634651154908
0.62352893401464804
0.47610144649906394
0.54155648954990587
0.02202785073039745
0.82229230129548347
0.31119514332060044
0.43855924197510660
0.19595707651832939
0.50138008630430309
0.46499177780651563
0.30094032265774656
0.16162665967515460
0.35643742551369639
0.62017695958838359
0.12527259266514998
0.27966628955007761
0.05317877737862120
0.77432363956110872
0.23846220538487023
0.61140705168909459
0.06715790662480151
1.10292729555056046
0.42746772038470787
1.02314231844006698
0.12501818040323448
1.09988696077001857
0.58482841787254958
1.08196859496038322
0.31487863933974652
1.07650807441074314
0.78242289084106154
1.03643299815928125
0.32528541970756020
0.65866545022151091
0.57501889690661467
0.83220502968600163
0.22747011734049458
0.31200406391983138
-0.06449109667830860
0.74571511419200398
0.16310381091450521
0.64748147198878991
0.85041801202064837
0.62747010556650262
0.48968463944433122
0.70111840859291463
0.82801829955321538
0.80664376621446399
0.35852860576071238
0.76623042877338465
0.68872927733464873
0.91164490994722158
0.33702411566219354
0.61750135825590302
0.63378854232899484
0.90823402864664604
0.14335232090156755
0.65199132341307497
0.63465039426025160
0.61725639671766563
0.60453142798884996
0.47678071164538982
0.32556724149390509
0.24835814502860934
0.93735768981597456
0.06926872731717965
0.53347002981480607
0.39656385651894382
0.65813722891585558
0.14676174362409719
0.49090893334331354
0.57651782307935062
0.65775505767518205
0.18404994542969655
0.48485225601995691
0.81443312521474742
0.36500848522537976
0.44886375482796020
0.65313557485750862
0.80593870477298679
0.32483652553086373
0.41640040870276795
0.61990176244462747
0.65456686260567531
0.28076103078873005
0.23398266044201144
0.74240067570537360
0.64246265114283774
0.57551732783691667
0.25527789855819527
0.76746776930481619
0.47284685641773672
0.56828650723900354
-0.01014528601604081
0.70938472585866019
0.52630494830849872
0.36199043787389579
0.15103751967225082
0.48575144859896563
0.54506626828744686
0.06544067680746307
0.27070303546995012
0.27059882392108114
0.85987832977308898
0.01433777661411154
0.53601149982293772
0.08265545014191850
0.98085535792490575
0.23572186768658582
0.77491042033271595
-0.03639012923250176
1.11267765185355594
0.48152360440920983
1.03581700196169568
0.16178045185199469
1.08984761338876934
0.51604283680088403
1.04643072771116308
0.19711221995402017
0.82400250873519543
0.68706326524676553
0.86442311751944678
0.29334975569826838
0.46798581784396359
0.21532000196705997
0.82081375694449965
0.27821153708819146
0.52940275210862264
0.10093786796621529
0.58658505451032672
0.58910662234412503
0.57355666058271237
0.97798777869233344
0.73318766564546878
0.55356296224637935
0.47790056123591307
0.93089121735325553
0.68680440470559634
0.32595004961896457
0.33752690927053108
0.76745552065586242
0.73342096825591563
0.39344657268204952
0.45139747191032592
0.63181212589016655
0.79497257669725885
0.36093445171919247
0.42721618543900108
0.58794328554668007
0.64578523799251542
0.69613639507977954
0.10048030706894523
0.62955709199237486
0.23955292337902734
0.70054317904685703
-0.04422961587227875
0.56337726102526653
0.57698310293900579
0.66711043191120722
0.29975101930940257
0.49049162790775702
0.79806661316584537
0.46289787502372776
0.31266530169343015
0.48011539048259416
0.73587210982449447
0.41653657477969286
0.29187508688673558
0.66688074424008281
0.65912982104751960
0.44024269858957704
0.30141223693665653
0.71888606342411698
0.72916957556137052
0.60829292582775518
0.40073842592623193
0.80871447423452825
0.78649080533072535
0.76654208491501596
0.24596677294029590
0.98467962968730727
0.60003637743177596
0.46923388737366395
0.26268751506341409
0.60546953117729485
0.54719734460352476
0.38700887534541123
0.28367530020106857
0.39656731268025025
0.74287622476815773
0.14617743493563282
0.33299338719090338
0.12950620971299437
0.88333874177403682
0.17195789672383474
0.85041071430484017
-0.07068249834402091
0.94130195187499088
0.52675449751995251
0.98800770450273723
0.10467415501864913
1.04346282723234518
0.44855923301329131
0.93295974766778111
-0.01568474618526722
1.17291480723618013
0.49165085727382629
0.80699387042066051
0.09997310057719327
0.85678935433710690
0.50359352248411793
0.95293964838155576
0.50254322609065083
0.63432039512097660
0.08314149997737844
0.90660461384966029
0.53175666037698632
0.43803244788077100
1.14649408692670374
0.36883455356920991
0.68256481585848960
0.36980285151087633
1.14058634568269457
0.43476160670033914
0.54194253386473434
0.26628226412509404
0.83472923113458875
0.41785080550575671
0.58441654199537540
0.17477088414396375
0.85097262357476433
0.67514854282652714
0.49301632890998970
0.35063406211230486
0.81455500387027990
0.73268664064234779
0.62243670516651983
0.19011900692310935
0.84131724584453615
0.70926321496092171
0.77351655496711802
0.08569336744839923
0.65272401476164943
0.60557372451041735
0.74503348647435785
0.26609585190319551
0.54536748662831180
0.60020811119766582
0.51881101349092507
0.47438900011864188
0.45723568480252480
0.83812419611644751
0.46880055662820103
0.41710644303808025
0.47019324315595096
0.91329205191063345
0.49459832341952142
0.27079107729272794
0.67546390128752243
0.55625254164082349
0.61739461754372971
0.31802954070971218
0.81443030106893155
0.79295341747730386
0.73302783762906387
0.28994409984218228
0.86555870428099313
0.69643891349694165
0.83000446860252641
0.27934342989834848
0.81486593580872047
0.65007510793046375
0.41085393265764458
0.39453561921365415
0.48356622769841590
0.63164599086789608
0.30905811321534332
0.23295931693119554
0.34393361404704470
0.69776950053185816
0.21600747107262580
0.35884162177750917
0.25464591414914123
0.78685951619426286
0.56512083244190192
0.78845496430088913
0.28743308875580009
0.78963650314032507
0.57747029230462621
0.91790328726823722
0.09176442005852420
0.98180779891172087
0.31634432616283081
0.74771288354680643
0.01397834541082632
0.91105244083022296
0.27264560287003886
0.63659775194215285
0.19337238305607807
0.93283431933930194
0.25762773694815044
0.79322285225303091
0.57871165062694285
0.83171328969994063
0.31496919932613260
0.22375834779983572
0.69025033091100574
0.37754607965763520
1.12631976766802966
0.13744200604787601
0.67705851032187758
0.23886510483917223
1.00940040052338365
0.12324122703044046
0.43040790254843481
0.00744565218053908
0.85946290289986726
0.29515130809025014
0.45148403201526055
0.15010359907764004
0.80924538245573330
0.61386362887218660
0.64762920156760506
0.30345932569017758
0.92668610090672054
0.62472848531138614
0.84120784011655014
0.33102736378058834
0.83495290200009475
0.65207059863698791
0.81274659971628249
0.43330307856829803
0.67980988234877571
0.71911250953656525
0.81993403691498545
0.14718916854226832
0.58965329397816535
0.71501914385581267
0.50397086905270039
0.08379086353613641
0.61939106425916868
0.57739261711395429
0.49281544686886991
0.36544642949533512
0.52739930401817026
0.56890634748277413
0.58457292666346561
0.06462839763091743
0.73168866798424192
0.78555559962180166
0.81732801962270440
0.47742377497868865
0.80093703051811027
0.79248784122725036
0.69521144975786164
0.35407364506969058
0.90692315454658801
0.70636245120414576
0.44829309868491590
0.29219121551035010
0.62286551160857306
0.66627116372187323
0.39000383758872137
0.33184788159526918
0.47117073931283282
0.78168489575215150
0.26176829570324234
0.26279898515334732
0.54295125127709609
0.72644290566897174
0.33370093744183082
0.60902398196040308
0.16463084913932213
0.49200240450591998
0.59324706575296093
0.84994336802878623
0.18876008257768534
0.73528499877198605
0.47257591560884249
0.78485869383373197
0.13674591679272041
0.98555311423297964
0.26965087413312688
0.49495295212414947
0.15737699194573229
0.93291046066804773
0.20702198606944125
0.45784320478758439
0.38302432630768574
0.86237372424557224
0.22233366344327632
0.48693867862215684
0.61291080971288892
0.24208946848691082
0.95639098197678396
0.12038528563106321
0.60059377036676065
0.12826145179112888
1.10545532918493095
-0.01938997265557729
0.56339498170486624
0.04939821207065681
0.75050788240909094
0.09867419195254595
0.36443336207551374
0.07748256938021839
0.68851601600827173
0.37946219162845241
0.55427975835528964
0.15215027492826744
0.91487736133703979
0.81045904469489272
0.89926623074558876
0.45622090607290966
0.88796978556518080
0.81943838089255128
0.92884605749474392
0.39652575223860670
0.76089022866756351
0.65151002342996400
0.79829994189483244
0.12841640353219125
0.83240048404129596
0.48878750216855099
0.82245959467957586
0.03029890354703979
0.62963885591132207
0.44371123607342494
0.72911826120993606
0.11394867854965385
0.54704512220653068
0.51194534168164796
0.59361576139305372
0.12927156432193659
0.55059747378811530
0.51874169144786886
0.72678914870811895
0.18206702161529847
0.77854599930977342
0.73992932967479641
0.73032538355117538
0.37372814359757978
0.87560148557511885
0.67649824764193345
0.55319268526251153
0.38030855246636597
0.67342644549098296
0.85399812699231048
0.40870258025114914
0.44268214968676578
0.54430299108744207
0.88035837612391354
0.43231395058605071
0.46431411697218916
0.71437020056656564
0.70205617767287609
0.45095733444841829
0.28701496754574579
0.57757248940874750
0.49895458839991669
0.12106766044024847
0.66609107195132122
0.30347174649650410
0.33628912041851577
0.26263842929992931
0.85507067777893919
0.22249317804043339
0.99450237122349272
0.27582880394672338
0.44553392951081783
0.15170595286144056
0.87272095277149475
0.10134378749449435
0.39180001485626115
0.27688626078329814
0.67717938493315244
0.30321795630970666
0.36486413379355842
0.54250497604689807
0.67489986554804537
0.31949209323265271
-0.07311038711093581
0.31422348624072610
0.12829682516640253
0.69325352794206874
-0.00621539639337582
0.54601729869246607
0.04122871944067483
0.89555232570517940
-0.10864235239641548
0.36770746205190724
-0.08318527980875567
0.74118874533661594
0.12615346025864474
0.42675063112278905
0.01450858520555889
0.85340520714888546
0.33803643055546784
0.80843246556870385
0.27757233552902522
0.95817721337275585
0.82539796362513762
0.90374273773402580
0.48575628952355915
0.91975733814415561
0.94749794833468715
1.11396285513916804
0.43843314751155738
0.77522685293870108
0.58849373911780578
0.83985528927953523
0.14922068803364102
0.71205605390513016
0.37659410978293462
0.84301440205940270
-0.00756561419797441
0.61309019818870958
0.36464371355930664
0.81454665636908263
0.04037864337292540
0.52723994962155285
0.23381613686826652
0.57072080743264841
0.07541638198956840
0.54978219460678812
0.65301857877790503
0.83068774922529687
0.34643158073839342
0.71352027210137081
0.83118409404792559
0.67482245858990353
0.45625527081882977
0.67778447850156875
0.91260021185914542
0.52351138491656246
0.50996827317175608
0.60032460399702103
0.83727101915973212
0.49496175922928709
0.52835131338127417
0.72942287279071216
0.83708225324442220
0.58115730059648718
0.68444329591275155
0.88503784686287945
0.73718642734956430
0.28014132491354182
0.76319342161612236
0.56987698393802000
0.32341238357676783
0.03329273865024499
0.70780130032577193
0.36150309214716470
0.52066887208123602
0.19641625769611182
0.48833044645811657
0.51329233783501949
0.76332821765357939
0.21112305895596459
0.28575708341724121
0.23010023899943099
0.71840564115683003
0.09901696586147701
0.24195462751163793
0.34065947329048440
0.53125745577298777
0.13124052396532906
0.30144951958718891
0.54928874541398354
-0.03924478984211427
0.40439955507894509
-0.14657375896645811
0.27581255197515320
-0.05149115614208302
0.87064767298287737
-0.33427862736676295
0.53390357313595238
-0.34064899397841059
0.78107554104528343
-0.38266221888090768
0.58468696310667090
-0.21342542568883138
0.91167624871599628
0.24067793940631776
0.70062837012546730
0.12858074410826192
0.89916663655350593
0.75819636161793236
0.91511264838958528
0.46465049959586885
0.91747074681988272
0.92808716423191218
0.89052667369284377
0.50968992484412667
0.92472510753474768
0.82928457934706867
0.94387463962074092
0.22969188899996057
0.81335426661277255
0.45894673720448653
0.87380908668558532
0.06987525142863518
0.73905502239233856
0.26855230465382307
1.08489519912411025
-0.03807880060916580
0.59264085171159409
0.31410167409696543
0.71297559774492669
0.18443324266516470
0.58737606495061567
0.54132532821709223
0.80710481257264366
0.23588563102228333
0.65996630172664317
0.68099798650880927
0.67370343615777062
0.37365153129346135
0.77744180733672263
0.92670595199628558
0.67973654065884659
0.61047153913247432
0.80921143785485539
1.09100394907147913
0.58004941784829334
0.62297961128056667
0.70249353224309785
1.11744905853295573
0.58200158089696163
0.69440341331571398
0.76936317667757537
0.97712944718533712
0.40862728763008793
0.80863668872475747
0.67366066417181902
0.57810229687640335
0.26702387139070516
0.60993251716182362
0.37710149032396312
0.40824601607916478
0.02004855720665966
0.49127662690742580
0.67123212876384686
0.63741811519512903
0.37885190118646206
0.46656021340669851
0.42862522005084103
0.62828970983325283
0.13972216316639618
0.17404087258894418
0.23268287191394621
0.44193367396684180
0.08016103054140089
0.20926767877824129
0.33497832101349267
0.39021145474110169
-0.09382186370035789
-0.18423837543039745
0.27825910597130421
-0.15149583797360761
0.70894595737726629
-0.15089780306941883
0.44208787885428114
-0.19319696624596022
0.84162734002837269
-0.21523634222816393
0.48522323810537149
-0.29233806428939091
0.92153371231684145
0.04419129402885227
0.62743597742407986
-0.12796727700614954
0.89639880406538863
0.46677474102524402
0.83156176408603355
0.21439685420308424
0.93361401898713958
0.76905891180874297
0.82563927888766797
0.60196004052966168
0.86625285363803006
0.91996291508844052
0.89991447568381955
0.46471851958497379
0.93041866150066133
0.72181481075704990
0.98867249603279284
0.10819000232192322
0.83860312078884502
0.35272123325789778
0.98644337721720121
-0.01038567896475870
0.70549487272208344
0.16788133219012449
0.80616978892634150
-0.09732833932855028
0.59338071631105849
0.36843780938205023
0.69360798387715816
0.05010758526721859
0.64420724467495050
0.60499823354558768
0.74149668139181801
0.27567360092617316
0.73374060858987178
0.92328486902799312
0.81713865288581977
0.55590679497730577
0.80191629472601555
0.97520305078105141
0.65433912675119354
0.71358713120112516
0.77563972775820345
1.14250152258411375
0.60740371956434824
0.80858047111391329
0.74263528743760010
1.24737028059854227
0.40133617558848572
0.89094038126324326
0.65267283444467794
0.91523927433993413
0.10989545878900692
0.92862285499687403
0.51588548288649216
0.47175845633263169
0.10531680630807838
0.64133874278616432
0.53779594361993532
0.52554733257025910
0.27226091595315888
0.53283870929185884
0.65656109154928843
0.68681672183516485
0.10465535091881500
0.38956216493005613
0.29439126873262111
0.61170563246358234
-0.21929256650078346
0.19694137128820324
0.21119974226561422
0.35242175294778633
-0.27038626563748880
0.27814200903378705
0.17374364242715992
