-0.75220423930783153
1.13178642237919669
-0.52909568631888315
1.15444471257616788
-0.37881247291263592
1.16576041678105358
-0.07869801414645569
1.28480652508402171
0.12546678455757859
1.35099845969991939
0.39149710321620096
1.43395546704493992
0.48262162562933775
1.35617538695003548
0.74227366531567029
1.35846779554114439
0.81057826698050262
1.28415018010055326
0.91212452094392316
1.19636661767730823
0.94059611985681535
1.27286159120107500
0.87706039835928562
1.20113620558159861
0.78777015286259700
1.12809607545903412
0.74026094620536609
0.99455668349963655
0.72068806720585443
0.80424502910045115
0.71944465707546723
0.67005900291247988
0.71160630185491669
0.33547155181176019
0.74247331077996770
0.24028556448668997
0.79904775440107190
-0.00044127597665708
0.87220983646001216
-0.14899844642421470
0.97188097840037480
-0.41919187141159125
1.01519599715964914
-0.47904193144440432
-0.70915534862391183
1.09500540915424827
-0.61168545807561359
1.04481466926381317
-0.36791552438607483
1.09172238846787351
-0.16970329371844850
1.13195564879326827
0.10619980910853649
1.23428167919562903
0.26667420881562509
1.23543450094933238
0.45994005751697409
1.23139868897704385
0.58547091735874313
1.16839769946334138
0.74506302019982407
1.09864565908692979
0.87937976147929142
1.13398454288854911
0.96003314098101034
1.08025446434646155
0.88286504638357566
1.16667631096278379
0.83386174237331945
1.09762443801545850
0.81054529706772982
0.91287858187253001
0.81252737630786265
0.85661059040478071
0.80873085205423478
0.64989316268429387
0.80732028541351153
0.46669548149462947
0.82982935152581672
0.18744312099620403
0.88867791329121759
0.08632777462684407
0.94796997755777523
-0.19852511546820548
1.01947560758434097
-0.27533102768337714
1.04274357408772778
-0.46738023346602203
-0.80291451906284472
0.96022513029302292
-0.60725955494990780
0.97240354974846410
-0.46853931950839905
0.93254252648001557
-0.21993733455512718
0.98631627423743073
-0.01639262863060661
1.01020173975431948
0.21900278019919367
1.07003342994069395
0.35825131299845542
0.93914420330557979
0.53533036000702772
0.97550111199387379
0.69943267181828850
0.93631214190784051
0.83831105640490189
0.93881448599588191
0.95274406324556993
0.92099562782912647
0.99933120436446565
0.95738961836362391
0.90903881472171622
1.04023742456379797
0.93985862785310403
0.94866343785453844
0.91548492349096044
0.77967220326221753
0.92792702123098392
0.71535149366092798
0.94263656424298081
0.48520563604890610
0.96093998509526934
0.31889256816677425
1.00518825134408640
0.09387381665955211
1.05441005596536264
-0.08639211321679582
1.08571992647391258
-0.27526854466491757
1.12591323622178718
-0.33794135278424292
-0.80401114082027736
0.94787555837627424
-0.72312234680873066
0.82655135775965849
-0.50146977856816854
0.82629565387704540
-0.33938498236969855
0.77195983231413945
-0.10194729768630456
0.79514965065029575
0.11223943644412705
0.76308055261238361
0.31124332281309186
0.70386144794155969
0.51220949794704596
0.70482562468044996
0.63323634697217357
0.69278709880607692
0.80649792476742488
0.76742272379507726
0.93513365215568600
0.67266643315244701
1.04520595532113614
0.80912385829481881
1.10374034653657604
0.83457608620712109
0.98575631317371837
0.91598612497984722
1.05512674092452530
0.84699509899517389
1.02482796772222318
0.65412706593360004
1.04960070404551864
0.56143089626493492
1.06855026418913357
0.36239203767876887
1.12109240791813392
0.22593334638267815
1.15594860703975977
-0.00981200358277190
1.18340401924171923
-0.09583377761750018
1.17529002615973566
-0.25633288388128217
-0.82139286592225402
0.85159718153244213
-0.71561220569293760
0.80316755344699886
-0.59660281966155626
0.62433761603710514
-0.40090467530287416
0.60237683388141949
-0.18870434683800469
0.51073211532364171
0.04207615898264475
0.52658628102464755
0.29506061447551940
0.43520698318596607
0.42160350004723196
0.47607694839957010
0.61019412072870294
0.48558915799787827
0.76086318275408515
0.49645687104745717
0.94294032241862968
0.50092902693380725
1.09964129222003182
0.54191467948897365
1.18027167096733554
0.71775261822629255
1.16927633013028176
0.82860155259900203
1.08619699357536192
0.73985957230735588
1.09024835429308364
0.68795850681717519
1.04730307643969422
0.52583537530605085
1.12674236147881723
0.43742086379177175
1.11529933155220262
0.24620736067554486
1.23560221288009120
0.12252512886186512
1.21650206588483001
-0.03977525766166227
1.21953484063003192
-0.05261163688460067
-0.69519522569970538
0.99144826463479563
-0.63773446806227552
0.77760138737351303
-0.55346782964249452
0.61087670920283232
-0.36651914420387266
0.37661146921783673
-0.19785903172921052
0.33622620139182685
0.04392464913783856
0.27600123128245430
0.21363485886810735
0.26855998329432934
0.42281272533461489
0.27865234198689071
0.55452522576622343
0.24384395526979702
0.74793246175521289
0.25583198283547892
0.93737187987840842
0.24393014735566163
1.15471189265567653
0.37323895694922010
1.25199094469478367
0.54376476094916359
1.25471700669232988
0.72679979797288197
1.20539387306339751
0.72514248900535405
0.97594863988199498
0.60706838952037867
0.94898255155928313
0.55447464569457072
0.91816600569582174
0.41806915638952852
0.99803146360943651
0.31506000090615793
1.01742957983075200
0.22013077353233984
1.21500660250425674
0.10645242052160944
1.19859068561456428
0.04042820654584185
-0.58656862190894143
1.06982041051117371
-0.53213026341708258
0.94791642050000446
-0.49719176727179576
0.66569578689543429
-0.44201437247685060
0.50069135164851064
-0.21097757902145980
0.22848853451870266
-0.05238590028604170
0.18359434543650890
0.24953994266027990
0.11267835136660878
0.35348156392329366
0.09381603484093633
0.58568430238048119
0.08567728285531817
0.75396326640433242
0.07729132121465408
0.97368050405498097
0.11237556320805882
1.14611217653218200
0.18431915901290563
1.26738665656175153
0.44116350866189091
1.25177348850752357
0.61305205969748466
1.07323767616095278
0.66340802806369159
1.01375071016542906
0.64870525699765469
0.82040726891595261
0.51330296840982403
0.85332027857063231
0.44586328584692936
0.83907690355123343
0.27676069319288726
0.95546579949629051
0.27373937065427012
1.05422006106253852
0.22767747925208140
1.20994995292186203
0.22999167503970541
-0.45791816862523266
1.30434838333989367
-0.43053689512099702
1.06670804778799821
-0.40605920456474942
0.88747774543714020
-0.38997747001349148
0.56950950348148555
-0.32280158742852633
0.38690984002060802
-0.15380701391403445
0.19881961472858350
0.03208545043154151
0.10123411550633291
0.29963167101761579
-0.00307892110465637
0.50731770837081225
-0.06579790207801536
0.80820651550978406
-0.04469046009309034
1.01925067194532248
-0.00109755294016813
1.23898406562868946
0.20528862198437559
1.24389498383101582
0.36034837898680416
1.14357219254272890
0.62866673474105839
1.01950513932144893
0.57844369075592028
0.84891378599461254
0.48429264792664994
0.80238940143626425
0.48921302807916772
0.75535932278113682
0.37590557496518451
0.84572712618212353
0.37146871248948576
0.89827080796023229
0.29406822603492555
1.08700959233383010
0.38026076010751519
1.16853087833547509
0.31867092503723060
-0.35995689387619273
1.35663460777931433
-0.32272753021034833
1.27617125910506979
-0.32565482063546519
0.97801255650126540
-0.33391024280476267
0.76548199577254739
-0.33172152992344278
0.46335331009487662
-0.30298482673074373
0.34005741300258985
-0.12040851242751764
0.12125366957228678
0.06987769929568018
0.01126061660058069
0.41749937498090395
-0.09840497795610842
0.69663779750313770
-0.13992434888211219
0.98387663719353879
-0.08491998415749033
1.14179222446121686
0.02016244009304849
1.21377780034103555
0.24309183080818092
1.17922686589609538
0.39750266582362359
0.99818156466330898
0.44383734785607748
0.92033192663998453
0.35423248364382148
0.75366196644595107
0.32617330453785398
0.82191965497574837
0.37031017558697987
0.84194986901144653
0.39790639158881497
0.99265760220414201
0.46708371766826751
1.10369257853086178
0.47291475023200058
1.26160693964578141
0.50136417003435396
-0.25288735966153181
1.47286726360152431
-0.23116369148841401
1.26689010315120809
-0.23648553963063262
1.13319305618723076
-0.26588145266715502
0.82117294648249706
-0.29744142753981506
0.63262740419776120
-0.27618033604988529
0.36005960073901022
-0.21044003352220564
0.20059998979972704
0.09055770207793347
-0.03399652302271830
0.36144326147120687
-0.15760132029970925
0.72640134678865609
-0.23024025482283925
0.87384266057316318
-0.21054657190531401
1.05546808838081474
-0.05227601591765816
1.06567851694738480
0.05208816226188275
1.11283394418968884
0.27335248815377411
1.00929885027030508
0.16648936719624188
0.95710953321345427
0.24845739473970607
0.97474210583008858
0.25745818040266766
0.91026494158231086
0.29774202442407322
1.04092132999988762
0.44116922232794720
1.05922366389902578
0.47192330954882966
1.22455611716992330
0.59814928866887351
1.28098345260386282
0.55646209416027914
-0.16427043467335331
1.38503035948821007
-0.14423653627956795
1.33424335264902938
-0.14938695418062456
1.05011114042675313
-0.17974192754542950
0.83913131889007819
-0.20489031947064415
0.50945718882566093
-0.19111094132334422
0.25799355563953091
-0.06410577763463182
0.01437420693848653
0.12903368115012981
-0.13826512241190947
0.42928601852061193
-0.29332072351408767
0.59639277743765295
-0.32710600666148865
0.82420245207475873
-0.27783751454926142
0.80356080745943115
-0.21278117696152038
0.88603883239252823
-0.07330325152324624
0.88131017631283870
-0.01199286549004415
0.96933405626546976
0.06256128723062129
1.02259833397327804
0.12649642482132650
1.01104763498707828
0.25523842392816154
1.18048020824017108
0.32210316333930061
1.16370679504096231
0.42581402180044803
1.30111934936339191
0.56827213156905931
1.29340178922918603
0.62241420878274167
1.41164865345102375
0.71299854559302034
-0.08796702740499529
1.43569836413794460
-0.05766672355308794
1.25050033528469906
-0.07666655557663637
1.09770895571670168
-0.10329347755142913
0.77122562191377431
-0.12780485435531111
0.48965087470961943
-0.09042314222103721
0.15656571681140208
-0.02090652243354997
-0.03590298650992144
0.17152271273913788
-0.26349547122530831
0.30279714031088134
-0.33102027611870982
0.54793860377175774
-0.39091430017760159
0.56015951850495393
-0.33227108833770763
0.65965827511376496
-0.25265903455808714
0.61258199710873240
-0.21130723491653161
0.69667167508550498
-0.12727168138299069
0.78376699315668608
-0.10663601991146639
0.99176532953296881
-0.02070514937880355
1.12363400936620250
0.09421248711692634
1.28579758343803885
0.33163097432984628
1.39663128654142077
0.41033970318965202
1.38245048527614833
0.54502074952443602
1.48150653849020175
0.71573345543957323
1.45229511647982035
0.74685239376643642
-0.03688244258053706
1.30535318385041954
-0.02386170031948779
1.23377746534893862
-0.04627400527460008
0.97651392998121600
-0.06343497017552979
0.76337445566046680
-0.07776115267993476
0.46965133330058406
-0.06340185450728233
0.24759807692939537
0.00104749057189280
-0.07799857878672578
0.06432573640326526
-0.17691941977252851
0.22486688135138772
-0.30237373259578093
0.28899293267495879
-0.31020085788293766
0.41919440322162260
-0.31321766869709022
0.37766918769433167
-0.25358943503321796
0.48630628128057113
-0.18690434290542496
0.49487653467993487
-0.15404631244579425
0.67693633815874810
-0.08578717195610894
0.84497335965900588
-0.04648813910361770
1.09632180705072169
0.08803335415771524
1.29583859780630695
0.20264703967311837
1.48436872425584987
0.43727997685308279
1.54450413723019353
0.55499178153068807
1.61295232558458834
0.71950089011344964
1.60314956826791821
0.82547968759823676
-0.06853326276142115
1.36467590519261028
-0.05992498742490922
1.12832048795711826
-0.07194480194113076
0.96050365796518733
-0.10782007638234881
0.67043815523275230
-0.12435354583718458
0.52465966229575867
-0.10569607866918566
0.25897441717973074
-0.07241645859345514
0.12969743272961903
0.01000067850079167
-0.06114539189076376
0.01617721154510909
-0.08144828666080037
0.13702170275461392
-0.22231730283014392
0.14255953662466825
-0.20087486777164840
0.30443368700279305
-0.14033612828759476
0.32711760076926744
-0.09624815971963507
0.51205793374469477
0.03055484880548615
0.62764508405198027
0.04579099522508592
0.88473308163984044
0.13670133115474908
1.07406661391538405
0.17645737792034244
1.32433925120063178
0.29592329692126074
1.47295594995698753
0.36170505155332305
1.63313350662949452
0.56241315882865328
1.68531534181117859
0.68997087635648502
1.66885818847993050
0.81662474902123172
-0.17947682079736704
1.26229874934282571
-0.14665589035525339
1.16478858770835303
-0.17450855996863079
0.89907070808874512
-0.18113197028264966
0.77407295187462455
-0.17707231742465265
0.51044885760874692
-0.17901648051764624
0.39068281807073035
-0.10233891922297018
0.22747303148927611
-0.07149579286656166
0.19598816154165716
-0.05028073051403976
0.04269615411448495
-0.07247387940448914
-0.02576013604799972
0.09850374205722177
-0.04447356196460412
0.13533662701975852
-0.00663745666390143
0.29097699284291900
0.10022256497636670
0.39861714417189370
0.15502786848499789
0.60776516081216325
0.27773171941372304
0.81574179725805951
0.31148182394961244
1.08857951113693074
0.41760883628280793
1.30568200042116533
0.44626691773891153
1.53476771460892714
0.55135152980410040
1.65818233339084142
0.56527407651471451
1.82043236447509549
0.72648867860924482
1.91407971272318167
0.75016833422739038
-0.27839746568671425
1.32909554028657384
-0.28406879634645377
1.08718385325487255
-0.27236733455912737
0.97529062384574416
-0.27478725007468385
0.71134625289364839
-0.25378415604146110
0.61258789094951049
-0.18218948744712837
0.44034990353043535
-0.11567615120139997
0.47221723735115684
-0.04581771011563260
0.30187133995991977
-0.06130890321545663
0.27953441540658996
-0.02043748132846128
0.12682999789021407
0.01832223017429539
0.10987160609031182
0.14844597714253538
0.25410071847594423
0.20415955151897031
0.21409358975234827
0.38086991924771207
0.38603385305284332
0.56742519293258353
0.47707779479153867
0.82728150700307745
0.57877288704177388
1.06392111015816071
0.61730331437627928
1.32903480838744747
0.69087867538521441
1.51529454489205273
0.66990365745087599
1.71933899020587821
0.76546616675591950
1.87433155831869103
0.72242898325801819
1.93292264438608075
0.78811267629400372
-0.43206537926932825
1.26509767212088020
-0.39358280836705212
1.16951233073176009
-0.37001402946224460
0.90109185037675321
-0.35348396492559481
0.79957823864059818
-0.27332639516922841
0.63247234827755872
-0.15713289982776937
0.67709612107406913
-0.06431697708921966
0.58105821236813493
-0.01714517160012832
0.56354976260931833
0.08211191186800419
0.39132655440358149
0.01557996192094203
0.27224150254446899
0.12576011622413391
0.35788751220727577
0.14101136992451777
0.40021935135930187
0.27252446878423159
0.54664661256754665
0.40207062595277476
0.62036560658735507
0.61154551109307886
0.75094621209726875
0.83226995672103998
0.79239607136313217
1.09299323279060023
0.88368682130700527
1.31891999495503742
0.85943776404090189
1.51257776888791406
0.87804551624966476
1.72164468059628573
0.80052237538012705
1.85325524937650132
0.82031453114946851
2.05424427232893558
0.74888040747600926
-0.54908824213497942
1.34665451706822759
-0.50847145721680087
1.11994340049803198
-0.46609659848182838
1.02581192220339501
-0.38665682239539362
0.82192601701029178
-0.22244399262419967
0.86680129735044198
-0.09703325072425724
0.76211539423409214
0.02378426949691437
0.75445538250151511
0.19749890983315080
0.61545031920098148
0.23492207647146596
0.51508924253772426
0.27338219726376661
0.46996101745611446
0.20736953081525600
0.46998712353905503
0.22469953717992580
0.61037757738665488
0.29585828564864713
0.72297484106184262
0.44374233205476366
0.86082444660884305
0.60609596594511583
0.93647062041891072
0.85745427170114330
1.02769039460142775
1.08698409807090957
1.06092422614248361
1.31003474369258344
1.08298310040932866
1.55150547547673856
0.94967918187642575
1.67224309055732356
0.92024525072860830
1.87730951938109114
0.83425486814982008
1.96928349182836748
0.88197457560163550
-0.65805047513162118
1.29527910710050076
-0.59652008748572349
1.27589731404675022
-0.48992327335783059
1.07162946390114500
-0.31400546991704398
1.04007775990949081
-0.17748505517972898
0.91950079012840735
0.03381667267545775
0.90919886001610239
0.21648198027665005
0.80218887506438397
0.29117932210863839
0.73696042228998282
0.43706079295770345
0.66418846643009022
0.39728111434950797
0.57635138677071640
0.34698858353791284
0.61655575987177758
0.25145620476145381
0.64621231639776500
0.35834101012129155
0.85761279751288000
0.47930293819575370
1.02308521869097824
0.65119100256447049
1.15182215966292767
0.83680173522723389
1.13216866233080915
1.08001170055318441
1.25756025452063680
1.30830493898591582
1.20616648938096960
1.49167409630558634
1.12166367293379032
1.72958682033252398
0.96450856480699509
1.82588439450889228
0.94257380567492921
2.01182440326113010
0.89844090003302624
-0.70818715723258552
1.38710688185305031
-0.49932845403934456
1.28211847236017840
-0.41489980512261493
1.24011641101338976
-0.12996332969606181
1.15608734728500884
0.01282102109587385
1.07862396227844903
0.25350490552696325
0.95041478281524094
0.32008882168832326
0.93361911382312546
0.49806353892787064
0.87745852518568179
0.51946182599606905
0.74527411384501485
0.57939977597863024
0.71594719126189121
0.48590900903562767
0.71912830296121022
0.48516367909366920
0.84210058801859167
0.42966279692795806
0.91736150379421533
0.58625365677683450
1.16286535546719461
0.63236347129530990
1.19721626373877066
0.84508090463444452
1.29642773628212726
1.05325451615815724
1.29691403429798746
1.27116415575712516
1.38269442570882228
1.49528520817364852
1.20715842227798853
1.63743583518769653
1.12221967846978199
1.85563022124464116
0.99634379047259514
1.93967798831410532
1.01604625713486674
-0.60952166615072034
1.38772281411528065
-0.52319840090190195
1.37208982644105393
-0.28141596710841066
1.31734943013471950
-0.11905321733398347
1.26786058694317560
0.18541558211990855
1.19375123873843725
0.30274009817978764
1.12739835077144601
0.51374760469493608
1.06135008629628125
0.55252858726044896
0.97593331549293283
0.67356627430531113
0.92263070379745593
0.67601337251188842
0.80304597353526985
0.67463175493299310
0.87451044668067945
0.59862223574008311
0.91918140836417628
0.65795160966243060
1.12046688930430260
0.68578012870666860
1.24044636325789082
0.77037023923168735
1.40514846231167367
0.85299507074528658
1.34590735806475115
1.08902435706416734
1.45008952434139626
1.29909847570923764
1.38252353960651364
1.46481887224853402
1.37411901378833057
1.68041464715810851
1.18605979767942027
1.78626134380816182
1.14684501943752393
1.97765773342240569
1.07273505856065721
-0.66644425493940851
1.52332807029147643
-0.46321754038680185
1.44253008616483780
-0.33114360463769477
1.41965242867030295
-0.02950695184189560
1.38452283228988549
0.09483532658425685
1.33969444826224815
0.40550418681584199
1.21248797071568148
0.49385123149737975
1.17970809731150639
0.67186184309094410
1.15253052340966566
0.70308599106694769
0.97578268480245567
0.79176037609168415
0.96249990231040383
0.73127075477282066
0.92858307838286336
0.75281550828897337
1.06799720766020867
0.74743976678184310
1.15078906063478614
0.83394967123960795
1.38048833516429248
0.83919478730194774
1.45908849086179648
1.00163180146108299
1.54783971733032533
1.11033717593720849
1.48361707640038198
1.33093129513535580
1.53718402148798816
1.53103522922247759
1.39849263041560112
1.63775069569711595
1.33967575189956412
1.83585264393686387
1.20268699623792963
1.91688489718500388
1.21138838514846170
