0.11746793559895019
0.37778272576049471
-0.08054165017724613
0.83583754514257347
0.34000752529008871
0.70580617032778548
0.04483374014486434
0.82284115224707954
0.05564133971252685
0.44732188019215052
0.43066640371559528
-0.00037713028138589
0.25357934300291662
0.32985411908200624
0.31684443544934993
0.06943019909886600
0.30986941044108801
0.07951423019776992
0.37238457789737045
0.05344225019575097
0.38693973702342999
0.27285282244358755
0.58314529317037866
0.32253531861185442
0.38541005861393313
0.57642182971570621
0.46123683770623153
0.50416302322021123
0.74088069904976661
0.73749214108037042
0.31663763078678342
0.46976772742257616
0.47266694684852723
0.74836272225824807
0.37571866563824802
0.66453028408665649
0.39559604689544881
0.52521549246551136
0.49049195405820634
0.52474499692016618
0.73199999667044069
0.43399567353088397
0.97614060876609865
0.48416587077818096
0.70223212152649050
0.47334162725385559
0.87858643803387326
0.50094535948463725
0.93678526358500835
0.56317509429929180
0.56230646547834129
0.78446636950101978
0.20607155969341123
0.76523194674945605
0.33077171966553942
0.84584748273484589
0.25726912960038284
0.60319026353696181
0.19699373285934133
0.35551070127734352
0.18925963023004042
0.46894975772703340
0.11580024427459333
0.42894070738168277
0.30414883389220237
0.44693532097347322
0.36922608847457150
0.47617942264611851
0.23628955020597509
0.24703952297174381
0.40492926763220799
0.22543526075198750
0.24001131925787900
0.63609924272158302
0.75423201195487810
0.51096421733753961
0.25053836487862047
0.84291365919844008
0.90378540836172172
0.82660401247458448
0.90478422155681870
0.42805083741872524
0.93589224311894048
0.63245491899843520
0.86507832992351941
0.55222309778301615
0.82861965741883470
0.41645828204020285
0.76767060567400180
0.67188954525455791
0.82605623537653117
0.43549287129965730
0.65670073302367393
0.82595036768895524
0.66869393348379336
0.47976605946603701
0.65214429016394515
0.26323880845748970
0.64447319454234253
0.42517763536974695
0.69634788091236732
0.23503213975968384
0.72222618367638414
0.34252853959035562
0.65755896029165384
0.45493277067125876
0.89445484070855874
0.21922104039798984
0.59089269396802513
0.62525470217463797
0.71542164842340550
0.69645980009937269
0.53848204204751682
0.75122616899539774
0.81996164008141570
0.63519662002655075
0.34605639829062157
0.54125542688108297
0.51041385863543831
0.60818328341205563
0.24561398228521708
0.43804051428589219
0.26230308495691168
-0.05877250407154859
0.43481593503111438
0.08798961804894842
0.19779975140807424
0.11983123316000989
0.32712592954343528
0.14954438072855145
0.17098966792130890
0.23438252576714436
0.48078710105430433
0.28384619998028326
0.33694925855481539
0.47682826321079019
0.35791745858422841
0.37984062692405474
0.27476055662824672
0.26546846480016745
0.32048928461378073
0.43033262970042407
0.41836436933537513
0.26123146050426610
0.63147473878451377
0.16751503662850920
0.39443192340523980
0.47281946623253929
0.18706404379475314
0.58740220011286326
0.90266568104625300
0.52802506873673738
0.37987322456130618
0.53421113780092255
0.39905208307850898
0.08000202184066320
0.31727945709813010
0.36287034825286868
0.17411274502858762
0.48886272533939112
0.21950512001421396
0.39877905398623614
0.16619848360942377
0.58904502861858454
0.23887083338298193
0.35810209338140420
0.27658073388772692
0.31896559445555184
0.26993284159932640
0.50791697228230481
0.34621466865392281
0.26680721668114876
0.37413665620383130
0.35198667811966533
0.87568293135089059
0.27692569750390633
0.85330234825856910
0.53832139714477500
0.80131591974775640
0.26254437474317854
0.57673090991430331
0.16070346291866866
0.80158338525629258
0.10040499926495156
0.35123412969738105
0.38861702796264369
0.28211770671838649
0.59734259721006322
0.50959574458746881
0.63699376815505249
0.34105912938868277
0.71750059897953489
0.34941622150836993
0.62256630422354298
0.19004760919404737
0.58018471964989826
0.55726877442400824
0.57082931907961643
0.68563925290502559
0.68167978760709547
0.58679493020104379
0.49629831797740342
0.79591092515234652
0.52611218869705378
0.89862060307520075
0.49490586002670400
0.64530667525676322
0.57461943957072270
1.01604074757376051
0.29480496743742735
0.96387620361271920
0.21984644433374223
0.91590676920773861
0.35340351476122073
0.29139063126406917
0.67820630564050188
0.76603700197834956
0.59237204324616266
0.26369981963818995
0.61765729062293295
0.60990151101808832
0.76633033112696891
0.62215293631368873
0.98311288626357984
0.72116229203011162
0.93436726220197530
0.79077283824880351
0.83357417186513860
0.69147453273639325
0.92016370386691160
0.58927367107188833
0.86542588165064716
0.64102665441751028
0.68208359756322268
0.60449216895171209
0.71826095016432867
0.51736390153010636
0.63204993353212546
0.32195182722893834
0.45778902551982648
0.55553359641763911
0.46967160493711474
0.42117359754607231
0.34825061675942892
0.14362132753299908
0.46269940011453758
0.48969985429089319
0.41114664836097964
0.34292337610342571
0.46211398675014853
0.50814121896935704
0.64408451499631458
0.43971653681726086
0.33736311287560788
0.62951559851144445
0.87267933701202494
0.75074986982916148
0.67381683938553161
0.93951661090355532
0.51381419612602774
0.66504532835316332
0.62629606539611382
0.76158489878634938
0.44573776939892734
0.43145541981180674
0.60908975548756905
0.31873848102954616
0.58877303023436067
0.26633620065610580
0.40407274287273431
0.33510686740996976
0.44059602570960266
0.58383609054136898
0.49342634793022522
0.55647641833263917
0.36127018329617178
0.28224372530456004
0.46050719589514494
0.16257428891868420
0.41009649880246307
0.16325726029910481
0.45173853819263188
-0.02837961794248028
0.32932803817028927
0.02372754721361323
0.31584226849040953
0.09779377208617336
0.41772804506170713
0.22665979710548445
0.54320833305843552
0.16683098869699869
0.41377441754208261
0.75571017517592831
0.76880488398167779
0.84014052711049780
0.52746060573485742
0.77627800400074398
0.18893860915004063
0.65865966252684716
0.29726796946660328
0.94470365511158927
0.61259351367532300
0.58929635710610651
0.80842366482497452
0.85573699042400220
0.64559512625327153
-0.16765518600866602
0.05908940998175788
-0.10417223525005373
0.06870170997882187
0.01190832475416336
0.21927122926471931
0.06298984869154572
0.14370418087875542
0.60376324777919321
0.17006636117263099
0.73683972977208789
0.44535149406855012
0.64617543113382869
0.43619861727899850
0.52416422967673404
0.63354165138947283
0.71230900735596181
0.69337686391438413
0.61889993013268718
0.68773932827798323
0.75075523943883338
0.75005588089656738
0.77578161535507861
0.29715647780725529
0.91246274644484304
0.37230196761279954
0.89970156470472673
0.37516744896655640
0.77565327975876075
0.37317683599879642
0.78764468132286836
0.54945361361856659
0.72530005439190648
0.47994429465065541
0.75793003763616762
0.60728150375967349
0.45108802900976636
0.98121463357178806
0.52848050079137587
0.67019457242639247
0.49583100856104595
0.78488354071554245
0.44983451810304931
0.69421318637110274
0.31628816399299264
0.72618476346717986
0.13425586064474060
0.75778017828309752
0.04475071220408020
0.62583879108746898
0.29620849576658859
0.59325745200563440
0.41980161900667617
0.67255021399147119
0.41692762592247340
0.69108019514676389
0.58346422795760944
0.65360813727401712
0.36268678056277509
0.62420567269531624
0.68768935223902994
0.70491771516629242
0.78641877638858593
0.76216451856617906
0.82705369856613919
0.63750021905053433
1.11828262643629617
0.74288678738039615
1.09440346410180966
0.64501020959732092
1.20356625837486253
0.53189245246592098
1.00573642616651471
0.62061866603606164
1.10579139029948115
0.51964030458867372
0.81959316745074506
0.61838285356324618
0.66714228063933090
0.58350755371701279
0.81488009486353374
0.45230315147814876
0.86478604363645717
0.41982004992570676
0.80758324818221749
0.35510266465198642
0.53120650017056525
0.20222746708258682
0.79461166694519669
0.39904386350846105
0.78442807036559670
0.20178896453663492
0.42788400274305877
0.12583172026917691
0.69075551333539609
0.18570146719955646
0.54985119851056941
0.13425232017585212
0.50467924629175143
0.30501794879926408
0.34923766942041812
0.47057599265059474
0.49938604777411888
0.49835135798693431
0.55417934439718664
0.66833800486845740
0.37197127078772185
0.70695702393065107
-0.02528524100833322
0.63036258177825599
0.02848010613573854
0.50415164440106075
0.28339791283075394
0.81545119820246958
0.40424580864633336
0.63544109936755122
0.38453244400634534
0.68702306338923147
1.06381547304754864
0.33583837993668636
0.92530533152403582
0.48303698163525777
0.83707361586703610
0.44508960889533677
0.77820778626083531
0.33657847559782084
0.79527944667783679
0.36465885946931564
0.73787887074112335
0.55750330530405967
0.60212712032778970
0.46419682636685727
0.73195316455382031
0.39203834514689029
0.68718623086237363
0.58340362651149946
0.71564553703274281
0.62002547359768978
0.57542538818216826
0.57170650978508930
0.48019115089818221
0.47231418471752834
0.52083286810317320
0.42061866406969500
0.50084158052809058
0.40398963951099820
0.17824077011828870
0.60057922818409126
0.21704328368983489
0.73043275168590482
0.42387537554929272
0.80678601029048358
0.67572924147666957
0.81633049212074016
0.59119397268833596
0.84338110571978031
0.59279690212669800
0.61035809281988518
0.59000367693131595
0.15458108913341212
0.60062963743531794
0.57650285318928296
0.56189251736101009
0.26358630918137937
0.76429116083762527
0.49143362919097150
0.71969808149393577
0.26059388675417094
0.83445296988276729
0.60954901085202073
0.78623734823098990
0.56928714045427742
0.77455386545139771
0.51311956468589537
0.53375767005583508
0.57481062185528486
0.38568991991080476
0.36871584953746639
0.96599162807275529
0.62048478043550104
0.75496926894383498
0.58445241296252026
0.76655631337431340
0.48960424927691365
0.97909784052192128
0.45414504266130051
0.75913564361338592
0.38083317579082049
0.39227753797918047
0.68424793296304443
0.83550798532834336
0.22410505971300054
0.53603060205402786
0.86877944829945519
0.86923269377354628
0.27034719548178326
0.71635613163750644
0.30799562174787698
0.81113648152844608
0.38645471793843517
0.79032962376333460
0.22682935756038736
0.78760291241675806
0.34359272054550533
0.55313556880838777
0.35353781224681097
0.49907684918450729
0.47635024130603776
0.53867371508333084
0.60081698693243657
0.38292538562146305
0.67180482985084189
0.19473406217852343
0.63315241560870328
0.40342802652506116
0.30613221208911801
0.28700082455799231
0.36432483157733597
0.21798528188979871
0.25114751102214083
0.36747981477535407
0.33624994267458685
0.23301808367392052
0.35531283567793631
0.22854135434107686
0.33816012354872954
0.24958821734974160
0.52777949442284489
0.09183607642674144
0.34785993938973964
0.11701620296615978
0.25422419110790284
0.18981025025715201
0.35855823017200955
0.88438555002435826
0.44749330113510544
0.35720367598128483
0.30499468586695916
0.68416647209347525
0.32381296233991114
0.56846172299655873
0.26004006695124154
0.83000422101107008
0.14353296779755198
0.68188921277050984
0.20123615167203202
0.96151823283390803
0.25868467438221365
0.82665256926738839
0.31559789299827112
0.87632150258829722
0.30553321869104810
0.75414663314136010
0.83223062174003770
0.69448352600955721
0.37753437990114869
0.68010560008281251
0.84354263487806946
0.65944705895245259
0.74078184653928369
0.53955107019119830
0.73749255614072973
0.51841784174069649
0.35946821903762666
0.25961618070235837
0.60699724431348234
0.07371906281834566
0.55701117203253991
0.25054557474204731
0.38651080779192321
0.02585544171371361
0.50822556744834202
0.12231222310321718
0.46109514670254309
0.04879581408433028
0.78247071546855662
0.13923461846114382
0.72617760026555578
0.20196483405951940
0.68926700086194381
0.35458226682215432
0.41699783643028293
0.41971688828426307
0.87575042833388206
0.58139267631141966
0.94216866419961365
0.68691817555609580
0.99715523464120459
0.34027593426367891
0.85925208634333394
0.47640851161798126
0.94575924889028795
0.40077427583824288
0.71263582437960316
0.45990958963285844
0.75920701237590371
0.37558586184294862
0.59156167906448975
0.19615854878798789
0.74631509905320326
0.28214066054010639
0.65998995533059956
0.18173918125887509
0.80216376055878569
0.05317363945210631
0.66189994072008251
0.24658398158129341
0.45288586338170539
0.35313210121287142
0.36346802484079377
0.42929094854682215
0.42959470746972084
0.74189079233130684
0.72232482700613709
0.65075641264931083
0.53946052852719573
0.51535512256856397
0.81777767678378421
0.46301854172216561
0.41855280783034743
0.75664284187853059
0.30658275090647291
0.21221667100633851
0.74873385402225923
0.07866983811756562
0.60007261020119740
-0.00015779392749607
0.40207170103052703
0.12994554201436520
0.19785297284726377
0.10141905149663799
0.32471089411432896
0.25274002391458311
0.23982391043384166
0.24642046844694721
0.35504230643226908
0.90584085206369847
0.96449922211797645
0.91183084171762496
0.90209548354048863
0.86711169491356721
0.65780889752177862
0.50036258150230872
0.67184599907698750
0.34539387231264085
0.22579240934537298
0.24106148128691962
0.34394178536837755
0.30664294211220167
0.52030580284271377
0.36598005832798863
0.60455106895149702
0.45364218366416426
0.47001526191257914
0.41180165788634954
0.59554240127259572
0.43434170876395567
0.34784033568895267
0.53214149747131145
0.27921642079227732
0.10559478982766703
0.32579490245442366
0.20610257735372955
0.41176331346769329
0.25442249087997559
0.36803001983281364
0.50659689214089565
0.46039212678725089
0.63611526777404492
0.62486204394560896
0.62734529232684133
0.54959125560543165
0.61339241946631173
0.51862922577450532
0.56823488503475406
0.65962094873044297
0.58704171617998868
0.59610628752821815
0.33389258379674036
0.66209796219475514
0.13342430309727035
0.46266705880631470
0.15680696264967681
0.49711947274382234
0.28987998001319959
0.37888538599764432
0.23647139592873034
0.41008718360802954
0.32088857789176262
0.77176285575691028
0.86667854667931477
0.53856947112169973
0.25123523762516370
0.63764904400133704
0.20040867521884628
0.20330683965181812
0.23176001968109722
0.39107086036020910
0.36598209917814800
0.21163720948913295
0.67472021774650826
0.09610048693529090
0.53709212219234859
0.33801855328751240
0.70410580716255133
0.17339895739793779
0.83740577125432170
0.25183760489341150
0.94522714417696407
0.39587354647921436
0.81033216863331659
0.46019579327573146
0.84829413896161132
0.57714492372539361
0.85762568976433295
0.56772570873898742
0.95645185925245602
0.60238078681919083
0.99172268236622052
0.59705516402698167
0.88852607756307922
0.70092484619092188
0.91490498774263584
0.48714255999457134
0.75247943685563257
0.22505912300169956
0.70823925858488246
0.52858013670967907
0.57428683737010011
0.20379426278486415
0.71887442250739131
0.16359107113207022
0.83553317880678724
0.17060487054537507
0.94568029593202674
0.57134300366190427
0.89419253468200122
0.42508012556719660
0.74497982747102853
0.72349894696559292
0.19768821420703303
0.17892042427886307
0.30714422695366234
0.13981439612061464
0.37023628158075778
0.23775913003928700
0.47260721873484013
0.03443782782513718
0.55220540035576771
0.28627719158511034
0.76393723138467684
0.38877344147138254
0.78855441762295053
0.42168325671172618
0.62811842139499852
0.62565223067080522
0.92519214948519812
0.41276648267204363
0.39183539485435870
0.54665890370876413
0.78940797888309211
0.54530360683206902
0.37827365137944280
0.95121375252562523
0.25683907264136591
0.05687963638552970
0.55621883701858310
0.20416816536604837
0.02011753264404539
0.71379823152740240
0.09932243820658854
0.61815583053309664
0.12575982779822717
0.73909083240506779
0.35331671533311559
0.67256620986382043
0.43902200117743129
0.64560597798001351
0.38861601140118002
0.76233089115477626
0.39845308944973590
0.72568488604754089
0.35566727573432777
0.64441501674272350
0.42489977729301287
0.40789930473545322
0.58901020418971117
0.42262655400990190
0.70941789383023479
0.44393973702975398
0.57599602019521434
0.54861909531606567
0.58139956748522970
0.71785353625180381
0.67424827598385362
0.48049968603263021
0.55865030992601783
0.46836312831153737
0.41511616581472960
0.76436579419534578
0.42225507645185867
0.37481443849870982
0.56719345041202041
0.56151774292061707
0.23930766935120740
0.16120059787059315
1.09684477164620775
0.98369761330911332
0.81821059225914761
0.80190570300812958
1.02234072555754496
0.77367780483471837
0.87263362530399380
0.64384349620662318
0.95353747950737822
0.66043531817014900
0.79410520974825949
0.74266638491470938
0.55314949160232230
0.93230481303722113
0.61627677988815632
0.77502945010346369
0.40966194385361548
0.74367462436063780
0.68749924133408058
0.70786711144567960
0.46869017823705206
0.79328281067050344
0.74274504592615087
0.84577272135432746
0.21878973019498582
0.87990132854502701
0.54388967562274437
0.83882336627722798
0.36213380650336252
1.02330419475723922
0.56197955113189257
0.84349871826062106
0.24388627350872999
0.73598124293698775
0.12738766600329668
0.65342596826152022
0.07839062144714205
0.53023470460919897
0.28921934638598695
0.69623256266696520
0.39738302240594003
0.68991055267407508
0.57727346811985703
0.65513673343749057
0.22713223452075476
0.89425647869073532
0.35817822311500647
0.02630973313158952
0.27130527335886651
0.79888960547907351
0.41973993887204269
0.64837707317740356
0.47607925728579953
0.76336713804322198
0.26852089652937378
0.97702433467133554
0.59031864793301003
0.91808894216805659
0.72255766658366427
0.81996657800659301
0.71905003655430588
0.09995568584768003
0.49553396259387661
0.57587882795425660
0.18521315593146809
0.29658934986379581
0.35960802019880805
0.49017259656506718
0.41150146041220514
0.48738941593277951
0.35681994612123946
1.04816096560423966
0.48799925420567791
1.01082621231066883
1.17414818567321055
0.45349516954657398
0.76562260125547676
0.89668542883665492
0.97244355173044261
0.54037752361691327
0.85992573552252149
0.72334764942995022
0.56817570221692681
0.69031319533213031
0.71801592781521362
0.29279125303757558
0.69966507688926627
0.41832690075889417
0.58454168953302410
0.56217385925717189
0.67868517897021485
0.71387427141044246
0.45967961648058758
0.65504225128888771
0.50160891004084174
0.55646102324920843
0.45255437591710934
0.48295094668363686
0.28579828958090026
0.25940266413059698
0.11966102824723521
0.39057112688111717
0.73124888228244600
0.82169455091743859
0.56817593013641143
0.97841515997196615
0.63286300550996977
0.97325895897840464
0.54230363731427422
0.73190335166982878
0.39411099959168172
0.87090785577999730
0.28147295124473792
0.64399896373750543
0.59505777795233250
0.54024632538143447
0.49598348922082125
0.62114127049333445
0.23867307880594760
0.50858837905329823
-0.00197978718207930
0.45733797902258494
0.07106940292221796
0.60467402976715456
0.11261038600859193
0.55638345660243338
0.30140857104769758
0.86363523561865041
0.19534024161624736
0.76214038650819960
0.42536209690956533
0.79233261926953236
0.11866090684006159
0.66867422257920217
0.50096149709986715
0.77103779990730270
0.26936665037524943
0.57585466937442531
0.42696420863951262
0.62381119366341253
0.18140602681588941
0.85331886840500770
0.32930425108759792
0.84864911273461485
0.21043699544323491
0.94165982464472675
0.37447003412239910
0.81163327989074963
0.41255854296916755
0.87382971016135480
0.41826340415629459
0.87752971798760204
0.47544647281021146
0.74927413355703121
0.46235118367275807
0.87333440480254043
0.62402761361750447
0.89956782320469819
0.63849338393030364
0.71864657048321390
0.72397524354418841
1.04660765535587430
0.12819711784504678
0.78643189690194770
0.61413103382407530
0.96864009178565336
0.85831274064658247
0.66686915211772058
0.77502540408607323
0.85983156629991186
0.66789598959299590
0.81879254408896307
0.67092038831053236
0.89231655091578010
0.55656479954392191
0.88883692654953861
0.38015101341748370
0.24996909389507510
0.41823178120473747
0.74167167248637267
0.31210757190480110
0.68713354660973303
0.20860036150047709
0.61657851778659478
0.60638777337382710
0.38380273780151836
0.00789913974916709
0.39633331664720090
0.74070198798024278
0.64894347266816699
0.59481721818877453
0.99900721118604341
0.46847987221471304
1.05651560449808835
0.65850692682628764
0.87507232642789579
0.70815521202816845
0.76766129968634933
0.54774761771040670
0.47156818706660630
0.52597312698651200
0.59698587087434030
0.41633332568692694
0.55984685705553761
0.43728051634444204
0.60322103839039509
0.40816923641441172
0.70376049437342825
0.39779561422865711
0.79073799352193308
0.53204250853773427
0.69507286998499818
0.70683070546419946
0.69829514359084399
0.62511974322172359
0.44600029509217926
0.80221760099192185
0.78491124987254957
0.50378018170695482
0.21391210668672719
0.48454047688903773
0.15898432104023930
0.62730037084774692
0.09137596935487281
0.54123623641567131
0.07578327434487506
0.39638728830878944
0.03980787646064418
0.45848611115831511
0.27881027597222119
0.01812132469510351
0.24089518053283374
0.06265299195102322
0.44926522277105596
0.24610679230564250
0.26024113851250325
0.13936643635116486
0.50193310893324850
0.24720127496446584
0.78875660524937763
0.20799492589475482
0.28066823944459607
0.20851656393164467
0.56037621328863141
0.23819748307451100
0.52139860950572892
0.27906898333713487
0.75990732385138826
0.37793733815449537
0.91645379241938141
0.42400475751002759
0.94338193468700093
0.58345751086313136
0.94525246864143564
0.51596670862403160
0.91101851356146957
0.70000754775435781
0.74419889047167020
0.81228633081106438
0.51513431632758988
1.02631355083437414
0.54410689532350875
0.80435680580199254
0.46275736020864194
0.86338566131505534
0.44898720668682496
0.78434816285092179
0.35389187947992184
0.66470626425135160
0.54345634308029056
0.60089326117040398
0.46202935463273614
0.37224638879535765
0.53187133121595620
0.44109695603382482
0.63661338277938939
0.38891369637074763
0.17516988745223980
0.47813948004870394
0.45349599286995890
0.84417960004115056
0.39250641206345255
0.70445127995567758
0.56250415277265420
0.40889276785817102
0.33930262186051829
0.51489249116369507
0.36131696241604883
0.58154749772452130
0.61273998351380188
0.69072912237474582
0.73551402490427620
0.48216507434295269
0.99182906877059684
0.55091296666232170
0.90405439077955596
0.45108854568039297
0.86564639783503949
0.57121108387029806
0.78533225725657063
0.50248268203072377
0.72507052337702349
0.61932474267848558
0.93641895727201641
0.60697944041930940
0.79054216258560728
0.59970625269998434
0.94116698280148836
0.47657236369741357
0.83138669124880471
0.41880697135228512
0.76738230172070088
0.48584033696970419
0.70847579278064399
0.61135915826332898
0.54842605355229168
0.49843741136235131
0.72304796411682182
0.42922790678544021
0.42711246272495068
0.97631781385143857
0.80099640692596119
0.98442252379870820
0.69754906080469703
1.08498660892182142
0.80396559479059571
0.91207031083650114
0.69598339974638801
1.26076529392489967
0.83747105805931588
1.04694994023303556
0.77010502311967188
0.99536071618637467
0.69586044081660547
0.90296883842985587
0.70499369191109995
0.77701332292285019
0.60814256546386214
0.70715519487338163
0.65452358211387862
0.43396274947282970
0.55926398212790873
0.27437615279248828
0.43875186157812585
0.26790092815889155
0.45149094004414703
0.38453260053333393
0.36610662674308114
0.80543669306167476
0.78224777318168581
0.63626154449277550
0.80485593984193526
0.69185863527280322
0.54087712474205585
0.53768008865249461
0.70642130388417390
0.37399386707245608
0.80780719453126260
0.48018881883749814
0.84598922019668699
0.06062062218098587
0.47986363774760160
0.31795140040230141
0.87756794904434099
0.10422369836916272
0.65333407305550451
0.08844915037424589
0.51674282493641455
0.07521247944350365
0.48182725371339519
0.03751599987337609
0.49288950615829386
0.26071591298626129
0.35424850466968755
0.16682923992089904
0.49942231709935331
0.38820632858060089
0.61106486611978450
0.32057352988038668
0.54857267419177214
0.63943317437266889
0.63576561156506739
0.47507770388721393
0.57211494674114238
0.75343721448381606
0.62114819295112966
0.37352104608894221
0.45954807976842138
0.51959648303923400
0.21963225743746806
0.44133209887906261
0.03267141328641453
0.38365936198689338
0.14324768628621548
0.24461851545054572
0.11943836771919319
0.54421809642225372
0.11269919634940034
0.57576595803538411
0.27366269425581735
0.53237825637542957
0.45346440938668714
0.43069197364022760
0.54480956920429657
0.51923507420231862
0.21112115564594869
0.48810523637748937
0.36636323371188834
0.70967352162210284
0.31107450593361896
0.62795979696606030
0.45543284285078456
0.62253067679187768
0.34144211345631853
0.26618410853213847
0.25736100318970351
0.45850345438465645
0.38822655828857838
0.49979319606572731
0.32738200500292119
0.30856676767008695
0.43932237143911140
0.36242055884395369
0.45714352225868787
0.26624577164916985
0.30868416171742902
0.36855775108399452
0.46971554614488981
0.66181199588601025
0.42733181947313431
0.71844129400894463
0.63335650667573784
0.76267829114849239
0.72248281064810305
0.55207603923420079
0.81235085792563255
0.84256463664719905
0.64655012457877437
0.70655655721927668
0.74108160189572048
0.59545343684845242
0.46758787717652189
0.85140623338688004
0.31327111742054292
0.68565265828990674
0.28146384599558633
0.48552085665911682
0.24005601105524491
0.64844675197131052
0.23887312223095772
0.55642606428424057
0.60239808423105035
0.62705925674505625
0.77903791045090931
0.54575037521308933
0.96712581424650268
0.44710250984091604
0.83942044057479093
0.37812091746894844
0.30123943171622380
0.42334888042760027
0.36203337222174969
0.46213764800233748
0.56671016330321733
0.57894612114632382
0.47871436546711454
0.59564746548480785
0.47910465458466384
0.75148511285609865
0.24976814978938675
0.47812777159987135
0.31521056177526868
0.38029763722573184
0.49749252288619472
0.56086421222271299
0.13481865772837079
0.59939666881668874
0.17060331937194528
0.75264218057640730
0.35608061910886890
0.88284861566110251
0.63466633147314444
0.67174250225451893
0.38346730255756623
0.63522633494098613
0.61805841900439240
0.48654058335898986
0.48741016276016946
0.60751051308957182
0.37049199198225624
0.53572086950626607
0.36864895629200189
0.86307064413372014
0.38312602076887359
0.66578466084748167
0.29923416957147370
0.94630998199166305
0.43505524269481394
1.00979618979881813
0.52664063333556199
0.80273015023053440
0.57551443654098278
0.34027608278847638
0.99532048365177384
0.86229266346978850
0.73769267012046347
0.78398086224752594
0.77645993727537332
0.87901013265944583
0.64304396728367996
1.02967871263726041
0.15333733909165168
0.95154128495580215
0.41722621208582883
0.86096865805601264
0.31425680526207833
0.69458925449204523
0.12343138720293476
0.81394436102980705
0.33326684227886982
0.98761021757478029
0.34813400765268693
1.04876517766105981
0.41252245399535858
0.84937218606655229
0.48742425586608273
0.88544371383595399
0.39459225682346838
0.65964340862026205
0.42006573563719457
0.57919455496350070
0.28955021566266426
0.50818653815974235
0.66007733129892143
0.48017618674241785
0.77292759552025425
0.48879735948108827
0.86354190432883104
0.47406765934248735
0.67937211542047227
0.57903613275190446
0.70509137753233331
0.63571909714250752
0.52399405300331392
0.49861892520455048
0.63781091626907116
0.88843557225952452
0.38041151441010052
0.88902884276217331
0.23206441870315109
1.02791735485347679
0.49726108248227840
0.16961974041340799
0.59860321805700356
0.92169476565936115
0.44449466819615108
0.59560274140367853
0.04104497124722262
0.43716404469885589
0.17608715365178662
0.64391788636094438
0.13809852530827843
0.90754789550901493
0.26769092928513355
0.67921767069463812
0.37427242262813143
0.74625203402702223
0.42352208644416095
0.56378603531059945
0.31264311831429464
0.33926922433202400
0.35403168250708245
0.25041717790020446
0.12147967939003634
0.32403892595766792
0.19476343695912296
0.31137472136661226
0.14209868417909227
0.37163819057298070
0.02235278557433233
0.28948638920630548
0.09440781575556273
0.53504134837990258
0.22678855321543090
0.55612239565559873
-0.00443712542251797
0.62425032389823409
0.35511891252850269
0.47449887272791069
0.18515376181902454
0.50437060077718232
0.48046308916319425
0.95247506212313249
0.42169353172727597
0.26871533572335882
0.13245405578908137
0.34227808412104155
0.09936906134279054
0.16549929058508417
0.16438014079397931
0.50945302566195871
0.29570759689039328
0.28172691210234013
0.19745171652964794
0.23457994405540622
0.27935310511368916
0.31217266686273487
0.23709591052865575
0.48347368194341922
0.33725340891729466
0.20161696279167407
0.35290148228072771
0.35799765757703939
0.43676473183257331
0.29401141390991425
0.47784126848216879
0.08011925993789980
0.36643177969975083
0.24839385561141061
0.30703064655174284
0.38424526515548840
0.44056988552292620
0.68186865228114513
0.75551035848255810
0.96409359754618129
0.70665274870877703
0.82906460577887553
0.66545116248976099
0.70686726040063275
0.45614471906140974
0.53840985246657025
0.55838235097732403
0.57679616180847582
0.52947540086639322
0.69404896025639262
0.53463875772497205
0.46702354741256397
0.61385448378656182
0.55215567556940970
0.46828679140996182
0.41049949720831358
0.62191857691005448
0.52205493290972138
0.14120171107962515
0.59141973821650862
0.13684517278961975
0.45887892420668502
0.28470979126130480
0.58746466640915385
0.69280506289115262
0.69149304658577715
0.64232796599772157
0.80889514318488009
0.75529607935497856
0.28405573962112257
0.87269989080554300
0.21090862506990180
0.78451513977140930
0.13344162576304866
0.86786068047572251
0.24233292873770451
0.71953066415032174
0.14778862651362898
0.66634697475853566
0.26754209661969064
0.84024887832029505
0.18020321654837121
0.41043493659870245
0.82248907827614670
0.26212141767457675
0.69956388316066431
0.14257778202416593
0.54397895138512375
0.24889514985489017
0.50133937383196014
0.20949598947480902
0.61991919652223126
0.25161256935523574
0.26580737085390127
0.33726532054900493
0.09682488387350256
0.32025325415617634
0.09943077073742848
0.42810958115597847
0.13478255671726133
0.38263015498824349
0.12874129976833784
0.53606703647322018
0.23499358491460851
0.77816577264338016
0.29247696346330793
0.73749006194287170
0.51822652001805891
0.69290493763955130
0.65337922848389052
0.76994952204148037
0.79470282730635633
0.87640119706734787
0.89428408322803687
0.83525167202636574
0.87017655567572272
0.87143305950900218
0.83210312434244693
0.91923216011057474
0.77505756316498720
0.84579496912080288
0.64065724506291744
0.85264439865999786
0.51500732476415079
0.77676782012696111
0.89750307736838153
0.59506017272418688
0.28245922584918448
0.77872939628492754
0.26346515316074987
0.69058959572221190
0.30503363535329669
0.44928933583569097
0.41312890392461543
0.49354092223277080
0.33412877922830619
0.16341201892518389
0.19748764153422582
0.84066648896639584
0.37439841097948318
0.86386486076767022
0.17816530601778449
1.04782429171660008
0.28509446859648280
0.83309636088209138
0.34790552902904970
0.70953198679478846
0.81238084679351807
0.27416917130860302
-0.03932194032436712
0.30690794786779241
0.39369632537677673
0.62777000382394277
0.14098950944282318
0.84771997933739618
0.24281045647114852
0.78202414174603985
0.25396276293288539
0.97210060507161788
0.35631153505262836
0.84045692141082340
0.41189367009870109
0.65520618190069058
0.48581272126853281
0.75707963250435018
0.24506989981087832
0.57556842132403407
0.75622489042520036
0.50148639121723104
0.70039715151632376
0.28488321645600345
0.67366249628804775
0.37306552230006268
0.63143430854295668
0.24306623740343417
0.64201110059039523
0.37722495208063944
0.48690375129063618
0.52777137425679299
0.67989677254842273
-0.06847643814101664
0.43343003040329181
0.21763661000765133
0.57043469094971677
0.09759772053777185
0.63180724510168695
0.19826738777935238
0.58648198215045377
0.45129765523532345
0.56486620346200511
0.39822950432255810
0.42461499203243669
0.49848705483120398
0.55511149027783713
0.41683104890915501
0.47711695695009154
0.35203532328355763
0.59813000261020077
0.48877802353706368
0.40609450491110555
0.26070628556679987
0.64560371718374676
0.35476783435652104
0.62218369607252610
0.74342545774709867
0.70659993167960422
0.20486869884409686
0.68578908731237209
0.36047095125314366
0.75692821031002921
0.30586329679426977
0.66241785283598975
0.48415380712269751
0.26846777492410773
0.63854735957565467
0.50557281912325980
0.50725066652144468
0.32810882703793232
0.68919365382304354
0.31096630320693686
0.74026799221874562
0.38827869249511399
0.33824085897949036
-0.00876428932213204
0.47494209581716468
0.45549689865645088
0.25870576675667289
0.04249979273844792
0.51682890434567097
0.35398441856696533
0.97224618248238925
0.78603652149873304
0.07805391300999392
0.14029464555925358
0.87061499014209565
0.35228707537812382
0.87941715437578616
0.19903493855858001
0.74773895956891490
0.26457744352806067
0.45176465812170918
0.34158401256999960
0.31239915760419207
0.20824669371959315
0.43739952142727079
0.21117308780410546
0.43256662481354685
0.29333829076974760
0.32841272912004627
0.35504875022193927
0.43461552105973089
0.48386694563408816
0.61611894842750281
0.14800291320719494
0.58805923444897390
0.34510176029646888
0.05683844470797375
0.27406123874945787
0.22685983003733973
0.33270727163957037
0.08520309446991348
0.34895494046256598
0.19313938395024788
0.39914440278479196
0.04607135525479697
0.46083060095800416
0.13877107697817676
0.43374246663968047
0.27220299078889071
0.52767504606536719
0.53015757418756049
0.37632250274562867
0.20772057073886416
0.66119932976168150
0.09633766176644647
0.64399294798946460
0.20464675586734407
0.85769677387099219
0.48187020350290433
0.67902618711144624
0.49199665868092329
0.78253594553950512
0.56013855061190521
0.54195665280287708
0.67929276670252436
0.73200769791999432
0.11238998384827811
0.12165824377547935
0.27706136897223488
0.66043364821911776
0.12750368005378224
0.80699498752845988
0.81568517813259878
0.63115829356882303
0.81199321866918595
0.50527718648471098
0.62600908413644152
0.49225973189029298
0.43361547267953288
0.38059627993307155
0.57938198204095914
0.20447395417875913
0.24626230497894688
0.37549740842772539
0.35297033869850158
0.62565993753477578
0.31346159504786031
0.68113596527174458
0.40029173740866691
0.54693485030016198
0.76952420909623098
0.36270553627287350
0.66502554545944548
0.46715025097401042
0.71477796754481016
0.49666229191329386
0.55445277063527643
0.59644612517985895
0.29739196045600014
0.52770356636924654
0.50466141734607584
0.53767302673919737
0.21051788404738792
0.18103014953706845
0.17385617186547675
0.30181573334019551
0.21429636801851662
0.31000903436712535
0.17025420372169592
0.41705445019583609
0.44212931102630315
0.32610919817694056
0.38301557113433560
0.56570885502772672
0.50531441959412371
0.84890060344824403
0.51141818110411386
0.75757181311312471
0.69021641566065339
0.77606221480574400
0.49259002173850897
0.80835883296917999
0.15732034064995890
0.79087491369903407
0.24212658177912891
0.58173802171157585
0.26111887020815722
0.42007243110396836
0.37404049030680309
0.50070035384174705
0.37037982073130082
0.42198408938273457
0.54356688899226124
0.66541228164049171
0.20658332427333237
0.20960978676209646
0.31548710915706274
0.40438381625945630
0.15441132902538843
0.16976710067959966
0.37852669995093463
0.16864345063975042
0.50608347538963527
0.24974710167750294
0.13954251749775123
0.46086194767061045
0.19595974460217336
0.44735356273517485
0.07970492080484587
0.65349338667903378
0.12379089877396578
0.85174441655185495
0.11700024698632425
0.86683848384180961
0.34663832834516889
0.78605634591023432
0.17290598183668071
0.56552566027241002
0.22600617984990373
0.89267690735568850
0.29513738643231757
0.66216941193801260
0.10952120299734433
0.27257622858543235
0.77285411553688499
0.36473291168747218
0.47179437258473261
0.28001303663782051
0.85617981141087562
0.25687246760761834
0.68310735435298808
0.28982674637131894
0.81302728803255497
0.39675606106164407
0.70329779956789651
0.72104364462621107
0.65196593466009511
0.11557030197267727
0.75730763698184278
0.08734074543646572
0.74686879908108528
0.14176518546439826
0.79563100132969466
0.15995414695825502
0.65026146230027704
0.26781783561005484
0.83159467026378575
0.46819890143703352
0.72257401098893292
0.38727507232616681
0.63949012021510354
0.40444875542712277
0.64429173141722851
0.52278589846800383
0.40790406223466558
0.47067985437474014
0.40534418618292872
0.55113391643733645
0.50573888236454445
0.47145734280676632
0.42333366589728549
0.46092733341472186
0.69908264473629311
0.26758938346973582
0.68844294215614732
0.47371244679010088
0.88719672238207470
0.45858557478624862
0.63886469191641848
0.47528649766574993
0.37572543826874222
0.67264956264301978
0.66086227619464033
0.64107343377188364
0.54147242240672711
0.67825255422883812
0.57952029528894800
0.74863432240069305
0.66287269969290741
0.86073268858560070
0.35665784375241461
0.84892953287653306
0.44417331802671889
0.83199794856404430
0.72798498872450745
0.74771379293004370
0.62233883528307166
0.85962328620120820
0.72247754498564842
0.75649297272108618
0.81730409576657403
0.48792176216180616
0.80179921483647054
0.27794913706923469
0.82889540595316180
0.40458271401528684
0.55610126619066502
0.01866033627759768
0.66975389566146060
0.44823991905964078
0.44414964206501928
0.52845755268369177
0.40782087855066612
0.38491460589153137
0.53528337625528322
0.74159736561891454
0.42794088652562895
0.80403769347271659
0.79923638467346236
0.78142115575110904
0.61521424941592917
0.78817397325910887
0.57268738341652514
0.74563707678354141
0.69045653163420251
0.54250685375274144
0.71000638885049705
0.12638062564022717
0.69258848999047662
0.09425198877468211
0.50754368011732742
0.73054148175185130
0.28352929607294097
0.83495540077073116
0.35942339605659546
0.60621019524765241
0.28572320467447204
0.45455702350796268
0.94188142753818327
0.31390220476158176
0.11249143062253590
0.37844849099377476
0.78463069926315865
0.20408847031162325
0.33043031112378141
0.21642504001011306
0.29738350921083667
0.40283339499212645
0.30667673721926797
0.58965553234480272
0.29383323818770513
0.48540097688353567
0.46571111484452049
0.84365990005064284
0.26671738805532302
1.01715099189366143
0.35808382443689435
0.46238828430847373
0.43851163517475639
0.24349419124699917
0.69394800217744113
0.44145052566259463
0.68656368117667943
0.41580659991308083
0.69125332565779185
0.60632674190730751
0.80179917212611285
0.57329299052920069
0.17643447980181048
0.75488239083969377
0.22896404946975155
0.59929481791671291
0.21065171994183593
0.43877504648590826
0.20685995303769247
0.36168709605796490
0.30299395887710689
0.59137563552296135
0.19851912941680186
0.45498419711691479
0.37737961930066533
0.69921676154295576
0.32715695557694940
0.54478926585764753
0.33589786690100237
0.73868665419449986
0.44933877129293520
0.63668146470333542
0.52346648214589975
0.89698829981783035
0.50143623107973068
0.76156608852004359
0.33329064626717159
0.92970048658603688
0.32418094787567003
0.81711588957800685
0.47245007275331363
0.76662622560188520
0.94951764355086532
0.02183692097788530
0.72047452549498214
0.14108249782140098
0.63325815954370579
0.12440659760202949
0.66577580416140603
0.32025403001113895
0.66274178180328203
0.36855812387994996
0.52618078135206192
0.56220613170829248
0.69350899515854514
0.30121443369920448
0.39379862208818633
0.85022086092435289
0.70754052058397743
0.99351031738562157
0.69371625486596189
0.81800176396283786
0.83537000921773796
0.75993031117827103
0.81290691809325388
0.63772412199355688
0.71978934750756141
1.07693755480822007
0.38412164758125888
0.85456375544722529
0.44305644280578504
0.94119009428333411
0.35656717489769285
0.88004131057448642
0.22610220902511963
0.74465896783113061
0.53769613470244593
0.45158695264063775
0.90014834761941642
0.34649682035801038
0.81965680982342415
0.49975997250215709
0.78012126858153119
0.58898893730666146
0.47264553872148490
0.71051718405462883
0.32420002310954388
0.38145438437129336
0.11771701785227055
0.52398199835745962
0.15410354089871342
0.19486914535799960
0.35581415658711907
0.22897426137384513
0.45258969548044670
0.15545603860883306
0.33941948798578403
