0.53338918468402730
0.37754542370480471
0.53502336521885518
0.33599363744923516
0.52892315947243573
0.37292459995206118
0.54422190101205359
0.34217967743246303
0.53846344954634828
0.37212820154055898
0.56575396939830436
0.38818092503351320
0.51064611140367133
0.46483996355137108
0.52175484904245983
0.40473108783134948
0.53465478460261151
0.41095876556537420
0.53089782670963481
0.41042360765257957
0.51139030368364469
0.39772579392412405
0.53521411483825065
0.43839697865138366
0.56728305791594957
0.40306930389399198
0.53033639105593922
0.37341000778813133
0.58612580336750630
0.42231949230594390
0.54714759899855914
0.41523330448825890
0.55417974721273477
0.43870102845591807
0.56773142857727144
0.38473335392220498
0.54324612605676870
0.46673001123744595
0.53753193418364065
0.37909183098469551
0.53977538967923899
0.39948306234459730
0.54882733084002544
0.41550766806840256
0.56717600407944113
0.40841319769636564
0.57056784024020368
0.40753107790656562
0.56918588697852779
0.40686543060813785
0.52890428093971176
0.39950878579172766
0.56250051175714089
0.38467351280910023
0.54370912168300145
0.44401827921940812
0.54864052114799966
0.42548039447782154
0.58703678805052806
0.46340486922141078
0.56453507091090338
0.42436830729915553
0.56051983964839991
0.38118594866145328
0.53269321226257660
0.38353495728609821
0.55341960279418367
0.37723912135358040
0.52708797536261542
0.41719109464366261
0.52628029433295331
0.42515579381303076
0.57274419291094225
0.45286821904465857
0.56553664502218171
0.43097120803406436
0.56761573596720072
0.38798444255275122
0.58895449052054005
0.41728345002382400
0.59437832695379422
0.40923648611278207
0.56305843418818891
0.40074177309179032
0.55976636608447616
0.36435456474419181
0.55785746502827782
0.42605034196656855
0.52777280450542330
0.38554285213868345
0.58663816322673779
0.44510344423414916
0.56952890472170892
0.37080594557069979
0.58702196648372396
0.40333633358118010
0.53727627528216215
0.39929010685965416
0.53673414467820568
0.37540674465635931
0.56201346230307203
0.39076289062311392
0.55355563847833367
0.33725339706373458
0.55776956286471158
0.39030397784461379
0.55155515248267550
0.41792690201501648
0.53898868989210746
0.38700773314640852
0.55800612754176948
0.41259523955170002
0.54683640463873728
0.38745114812380949
0.55215897763540323
0.35858134417524634
0.53871885794936725
0.36883353233228200
0.57473223951195329
0.41123384767274812
0.52255864500384896
0.38671948649167304
0.57911395719102432
0.36109746713518875
0.58826425712658215
0.38218585602724819
0.57072897067013340
0.38783491820813226
0.54985089162118528
0.33083130632094532
0.57919180560268591
0.25461530254867409
0.57217794462471161
0.37828243222099678
0.59135111015501196
0.35348486240439675
0.52302252677721173
0.32557622917136209
0.52239897339951513
0.34216911073678202
0.53353129704326152
0.36657877421157065
0.58020752226677474
0.34294432219312049
0.51578994808940493
0.39790161269528057
0.55902190118898332
0.35904760626125559
0.54333162441560656
0.35299854277514298
0.51869798279627732
0.34847373791945019
0.51662988615052152
0.34073963813045616
0.53991992130193578
0.31758953012011337
0.52478178395823949
0.29579055342326876
0.55786478157180552
0.29099369530763242
0.56320636882996911
0.30233670674864155
0.57074179395472480
0.34223791016820571
0.53985146338501655
0.31853087040492745
0.55447958617296267
0.33802831144838164
0.56174854309139655
0.33129463996539771
0.52814340911443414
0.27696112137388840
0.54289703910300957
0.31368959203915492
0.58285970234771789
0.35335154949469849
0.53162046460055890
0.28280168420173463
0.56540890696125856
0.28533250382942354
0.56009796905049547
0.31790806380091247
0.54058184325469483
0.27517398559391154
0.55497463636296318
0.27487529855145321
0.53526718380860427
0.30429919984994919
0.53442341913200986
0.28559841369229977
0.51052167960306982
0.30227061567484592
0.52518192994277257
0.33071137259792371
0.53749728914922135
0.26061209078108044
0.54521536848817098
0.32958681664832484
0.53118817911366711
0.27591069273557395
0.51338190603996059
0.23298902353664119
0.53823732514293821
0.28622833150740989
0.55808332216325462
0.26838166817032033
0.55738817820121522
0.23094670276471352
0.55488019807769595
0.28766824256695450
0.52179618958440543
0.28736181618158163
0.53847222430663944
0.33212110066967937
0.53479968713300430
0.31337994182433115
0.56828844306557003
0.25339649961928967
0.55068190550535845
0.25694297969693547
0.53018783559221783
0.27740613175461376
0.53728851728381555
0.25619335339767996
0.56610895007500572
0.30100444261289783
0.54974542441988983
0.27839257620844338
0.56218651039031886
0.32921391152599366
0.53190704249000531
0.25343784645693812
0.54737303762473133
0.32381971633693396
0.55103564685205497
0.26856101038197355
0.53973138879018212
0.24771260876859230
0.52771558410934838
0.19554784907913461
0.53647438208775033
0.30579813783881760
0.54418930747028993
0.30717470676658276
0.56240487388143179
0.28984259390281997
0.50060638793051515
0.27702808255405242
0.53832674034684524
0.22518663475854955
0.53646593593148462
0.30851136713923449
0.55534747051685807
0.28233802427653798
0.56733981504537234
0.27558340738129494
0.55823739617198931
0.23223292602966822
0.55464362764289932
0.27888784555345209
0.55453056307935977
0.25262268887774303
0.50995681642188917
0.26989538984367079
0.58597229445884924
0.27912874453103076
0.57089541935046473
0.26001074919441192
0.58086786283268332
0.29188372842065374
0.55722022985698838
0.30019656459208732
0.56943376751110886
0.27797557026636022
0.53823651460362010
0.23102017518331830
0.58051850401841742
0.26328547871467750
0.58691686194938497
0.25217777600769836
0.54635490644081453
0.20257973756876357
0.54928356224736574
0.25097835529615065
0.59731675450774679
0.26308357121448378
0.54613738245758270
0.22652981075874387
0.56805994749171751
0.29524314394980311
0.55684564771163592
0.28456438722030175
0.58913817836730376
0.27685425132774427
0.51918698437212774
0.28852678298525131
0.55579524937100455
0.33932791677641683
0.53936875244428029
0.28109126930518813
0.57627014584715841
0.27458520189867669
0.55479613711760778
0.28402353334972169
0.60375068953228417
0.22453182730719859
0.59675263847591875
0.22676385673093205
0.58484644200819635
0.28718707915240516
0.61219898344432155
0.28915852467252362
0.58123186008681338
0.27917245691924952
0.61397279416190487
0.25662519978885834
0.59889966371650050
0.22471613968889737
0.56953737414441141
0.30680768587005081
0.58811727304711381
0.31184255201002525
0.58782951246877324
0.30102854278743890
0.58411991765233351
0.31232583393239305
0.59493085998001494
0.27896673745339334
0.56895304634607102
0.29036760601623390
0.53890495572698571
0.34181155055019585
0.56878977349511828
0.27548000880484486
0.58486265121739767
0.28268110858119877
0.63171969693475960
0.27676937928343670
0.54386875095242582
0.25249381369780599
0.59094508371603249
0.28617749133116605
0.59859569109975896
0.27645732250086125
0.64723469200608241
0.25709202693078687
0.58734277216286823
0.30194192643812734
0.62616017754096276
0.27885596972957444
0.59699869726758303
0.32326232643565389
0.61871827002567681
0.28311235595967832
0.64504507467884697
0.25467573242365293
0.62933487949928146
0.27508891809785790
0.59989062747709287
0.30079016172787210
0.62535537390725571
0.31938170739739369
0.62576077503482197
0.29051642596990274
0.61772334611111868
0.26229554141609518
0.59454405467021632
0.27922761795403211
0.64134658332451255
0.32483318866352995
0.60598743743951899
0.27575946574780508
0.61478649188325329
0.29002058242735373
0.63144762339864180
0.32245542031604107
0.62349837763575633
0.31176565876494133
0.62349193289339999
0.31034687824177698
0.62483879358892691
0.32818045691400244
0.68395005884646498
0.31440886293661680
0.60380175634567346
0.31372728695626922
0.62083908709207136
0.27966488168491088
0.64501173877965601
0.30118449943954895
0.58882653149949205
0.31804602879454541
0.64153243603382260
0.31790124132333203
0.64602952671073699
0.28396696479280970
0.63733437617880573
0.30130709085223584
0.63322247861500802
0.31172811615855794
0.64276267917783692
0.33375727596846372
0.65778252461930531
0.30245769174957032
0.60396996861307661
0.28899552623251035
0.66661338983560947
0.28625650615379500
0.62732851020865443
0.29435356889712072
0.59526787903004252
0.31393177879185519
0.58866811609412018
0.32595508167695764
0.58173383532400158
0.36728262759756436
0.58712931693493264
0.32479334599047022
0.66231038779897466
0.32210663409166157
0.62575762828552517
0.26661012194178335
0.60799054051260359
0.32362071419749311
0.67811662756630142
0.25281582529917812
0.63550391612466406
0.31297909362165233
0.63008960079067233
0.36255658374305011
0.62635791822669451
0.30442858070014100
0.65357129796468927
0.32942915672113937
0.62765908345047750
0.30857561201290817
0.63305559599238281
0.34335741266624387
0.64897701320790480
0.30484718366989177
0.63226053626783996
0.26164781266135728
0.63601800312262380
0.30330285601993934
0.61213614283444850
0.29617507346663657
0.63610102152581827
0.29739895836501767
0.57721755174040457
0.32179381803172913
0.64804018009963915
0.32339115577614069
0.64083326572154820
0.33574935054656363
0.58862404498876264
0.30959504825029988
0.63937829579482575
0.32917528922859940
0.61565203329046092
0.29087308498400688
0.65480302555701642
0.29593666468105362
0.65233035050284327
0.31074948047123008
0.61978003289579953
0.29342128895198849
0.60405678237023741
0.33234770557065646
0.63820496105937619
0.32739070088869726
0.63662827486691886
0.31203645520650042
0.61948845665869356
0.29883021181420533
0.64296007867139804
0.27796866601070269
0.60408752822691014
0.32323285343685398
0.65835619581792104
0.28901082183520527
0.61001387869014378
0.33317581056593298
0.64729793172249439
0.30230936702978733
0.59033900801431283
0.28089815687347330
0.63066037727677060
0.21770406269202858
0.65042413053989645
0.29965693768278956
0.63356119002448219
0.27036297669958148
0.64395638984336101
0.28844117750827269
0.60895204148463866
0.27289125696595451
0.64979102726066740
0.27810090206400656
0.58042113504338655
0.30721825962681443
0.58666540092802055
0.31320091839260705
0.63965711320165641
0.30713280951449240
0.59180160125841896
0.30004561006872277
0.65261851352360944
0.23796289079845084
0.58774395841367155
0.31030439188962905
0.56543455772974327
0.32032487468966037
0.63172114941385626
0.31569090247915532
0.63767801279497416
0.33681351076428867
0.61538467647857376
0.30148887071843833
0.59550001317861978
0.31253341473852869
0.59477999651030045
0.27629676285744076
0.59903381026550162
0.26641300474519969
0.60551233809681237
0.25565334150970737
0.65208905262151728
0.24130893941336912
0.62010657842547623
0.30769555855099828
0.59082056993549403
0.26806858655218396
0.62069457349694312
0.30802149372427351
0.61183539100555495
0.30638273660846249
0.62711474464634054
0.25957751675089585
0.59830273526177313
0.31709807350526953
0.61471364084286617
0.25252396742384109
0.59252017799120149
0.30848695957319561
0.63452410121874048
0.32065793854975361
0.59144060906028284
0.25612701950176464
0.64232999763097076
0.28889836893285431
0.57895181067001977
0.26749704831552201
0.64603656821745103
0.23911391022595935
0.64226748529602617
0.28664018093483723
0.60992603038923487
0.29117780079091971
0.60084227552847702
0.28467055644238171
0.62213468533063421
0.26524674547883487
0.61301167173862126
0.24401119132648338
0.61327932691701070
0.25174687219819281
0.57093797300616955
0.29499588496272910
0.59566730090846487
0.28358702343205605
0.55240728562008001
0.27235162974642213
0.58890429987015225
0.26327022453738802
0.59844385195334748
0.28221419741712689
0.57284123797906361
0.32555457938118937
0.61835229371372613
0.27126765923064222
0.60067844159721528
0.29047621618568248
0.61397901717772196
0.29222229805496669
0.59305578891642419
0.31063569204515812
0.64282645161548468
0.30363134465177566
0.60024249402736163
0.28834516776088992
0.64746374503003434
0.30678068834139832
0.61407184770918399
0.30351013760761991
0.58992891212015564
0.28516116895679444
0.61663706012682229
0.28641955596229424
0.62108594565758546
0.30367903012472253
0.61329210841487791
0.27953810026803871
0.61579273629887676
0.31649813634055646
0.64629195423633135
0.29443680841781605
0.63536277543983677
0.28228635742590091
0.56959519670649150
0.31152541982931770
0.58732540855001192
0.34258936766972353
0.60170960501900306
0.27647550827698908
0.61729837763768758
0.31228486367446073
0.64373616109691656
0.27463764664906082
0.58357051501384016
0.29078100976598087
0.62055004632011646
0.30845007927903040
0.60824571830849805
0.29281817659246356
0.60835014860577441
0.29322593761233423
0.62093540226951860
0.30189648638721928
0.58493220756392539
0.34021521777549235
0.63027014105394497
0.33706013825447412
0.62356609302494681
0.37447383136614198
0.60982593102839866
0.32753515379566123
0.63433011755702473
0.33981013255743903
0.59769347154023522
0.34447531686406718
0.62648943083946596
0.32320924707450799
0.60282938469538405
0.32962631440625545
0.65913811360161689
0.31629929858497613
0.62992972344894071
0.32196193672564621
0.62573332942075488
0.34604113195852254
0.60893393595254730
0.32558538260519365
0.59915628082406625
0.33337591468034461
0.62605547245017257
0.34033990426866007
0.65736463347699792
0.31557734507283730
0.61435235205279792
0.32872383802656097
0.64304660066860830
0.33640157207296290
0.70563195406391210
0.29870397514844022
0.60938947932800591
0.35086742559079043
0.63341290302197517
0.33952315492590396
0.61168815143386546
0.35893950954425458
0.61234002031650092
0.34165912282502964
0.56141674025366162
0.31150178132510670
0.68519992470479296
0.33892644430188440
0.61193203556141063
0.35151592949106003
0.64735586814313517
0.39845183551946495
0.63544650485902132
0.35233194926872802
0.65339053091335075
0.34819250780574418
0.64786572980465784
0.34405195952176498
0.61822114563835318
0.34151217189732136
0.62362392777848197
0.34982214528919076
0.60986446277520456
0.32720706507531533
0.62641898891770942
0.32089125914862021
0.61147548475104130
0.35082600846035245
0.64826170831274132
0.32517144262457903
0.60146860099156263
0.31900075554609730
0.63789587054215802
0.32701206766203195
0.62236890141098555
0.30425052757561727
0.59224019366258174
0.33390432093487710
0.65049243441276716
0.37225165912815289
0.68018217050122742
0.30411019328660471
0.61333744262139533
0.33024708421303123
0.59990600744737255
0.38286333221299090
0.55668347275260277
0.34251518003846460
0.57491304215322514
0.34811745988759263
0.63298417321676625
0.24717935803464480
0.60846028229212390
0.33101379816836773
0.58743658414468480
0.32840889488647063
0.60813393238699487
0.36990167495268245
0.57748677665238313
0.33651280280833495
0.60882296397025382
0.33978600983291274
0.63505467164346530
0.33226067117650171
0.58215841196747387
0.34226639431290573
0.60235098587604841
0.33728453858301199
0.60453838965699092
0.38070558268111798
0.61722033522952746
0.35997752493469054
0.58449102235324824
0.33046715307392510
0.59096220995718751
0.37392263571647300
0.58994703698911299
0.36866887029529033
0.56298717285482081
0.34048423999879807
0.54731914175376228
0.29444313877848038
0.57210464105230230
0.36209615435116671
0.55066418775254877
0.33954911639042512
0.58677100119738368
0.35361249233126013
0.53840553749206854
0.29320763301711705
0.58483498635825915
0.33406935558925244
0.56246199431529742
0.36259105410643355
0.58240057412024948
0.38457158934525265
0.54797049731780134
0.36778830857886735
0.56520455744387543
0.35668174488570276
0.58693318419969920
0.38763846594552193
0.56479231447434541
0.33152867069548592
0.55338464810593291
0.38325787515388643
0.57563677423631798
0.38685717820819410
0.51535541855684697
0.36082377686159545
0.54283498453123669
0.40054007664197028
0.54802068654586522
0.33903231283963692
0.58272187389294372
0.40581073158208175
0.56612365190830505
0.36046701929260766
0.56137789300271912
0.33133348994684186
0.55969064938321567
0.40573843005310023
0.54092056322244220
0.37403330632389509
0.55235071367556654
0.36525707991080414
0.55366133032858333
0.33638331864633203
0.64252910603349211
0.38440547785743756
0.52794124110388707
0.38962440549291177
0.54742245580723436
0.42236570281167740
0.50778174846751645
0.34701318989260410
0.53245387576467251
0.43594741497682549
0.51317769427021354
0.44549173940684300
0.55346273600548823
0.41628778819767992
0.52602577597250277
0.37155700476418524
0.54839300852044159
0.37823070021924221
0.56449582240013640
0.36889981500741431
0.55799940670202408
0.36310645506238493
0.52234156861603098
0.36121125089783301
0.52223367103200791
0.36004915857034642
0.55384445251672798
0.35926426643604109
0.48738960745647858
0.28066984280930884
0.49346405655398873
0.35120658853619807
0.50587867603196945
0.37737313059544131
0.43683828784542383
0.34623691685825092
0.52938152784221670
0.37479667023571916
0.54700058274164032
0.37348359037617795
0.53703245182622728
0.33385585920343441
0.55038650865488936
0.38450568569112575
0.54763850328561026
0.32018138709394761
0.53368767884099111
0.34537086599678479
0.54682011519155815
0.33862257613642660
0.51491504939802946
0.35325198695717752
0.53096016748125363
0.34660540090711156
0.51454493887497255
0.35043698740449858
0.54301634318998537
0.32812426202430905
0.52664438519709111
0.33155430174836487
0.56008185362855789
0.35014988341609771
0.52953473532266504
0.33488324803029634
0.55355290898996690
0.32142307791376934
0.51187853240040704
0.33249887428675440
0.51199033865711263
0.31345442608757335
0.52837093856984330
0.29863001085119001
0.50102483976390721
0.32336724631721842
0.51805438636548495
0.31148417312432636
0.51535209356203682
0.30317102915988953
0.47827249794510435
0.28659519280352913
0.50251585668431431
0.29753049122377634
0.49522465591452203
0.26750085173671068
0.52129555734408706
0.29634277295856198
0.52569013738448800
0.32060905342468937
0.50042208896458962
0.26848501922248624
0.49304628348524865
0.32349797020731469
0.44258143325241250
0.29419706072407209
0.52484408079998823
0.27227658694275053
0.48809349908504429
0.26157625114667937
0.48724597314890522
0.28541677710829216
0.55489409582182525
0.31652565737458221
0.52445944797298538
0.27276880840613793
0.50874519898215587
0.29486392905259895
0.52651749979971674
0.29651051255186017
0.55030760138319590
0.32794433992075467
0.54028672849496961
0.30927625966779515
0.52175185310501582
0.27009751454771413
0.50852308399294233
0.28538795032836495
0.51586084402612842
0.29382036153757252
0.49673865643404913
0.28546530824387045
0.49679586286052374
0.29394502216850182
0.51979880887079732
0.31987874596337551
0.52255759277977398
0.29377098769104515
0.49196531279318728
0.28161607346388939
0.51433453729402312
0.28227174994448501
0.47977406497169683
0.31814256710752409
0.50224987494939166
0.27888453645217165
0.49756313996096679
0.31264547853961100
0.49953436337711432
0.31177741016184024
0.53778187638628050
0.31771694569088660
0.47870768733291075
0.31198100463609529
0.50736114005375899
0.28188700168806285
0.49079517183827259
0.26590430852073027
0.51949676361002739
0.25516605150682553
0.50277242368938058
0.29969610843032485
0.51763973151736797
0.32362357105393263
0.50888621258087630
0.29927087295678184
0.50273658805000798
0.24966264593306703
0.53697515674675822
0.29720013543296625
0.48245566197747874
0.28078869439544096
0.54271643436162942
0.31104071348499107
0.52124740236419564
0.34221687670446610
0.47545911153283227
0.28397595424211475
0.47391932225201350
0.26751956335295884
0.46952462258023614
0.28667734248907073
0.50248519441883821
0.28917328489666355
0.52460517830286313
0.26695447650184895
0.47395062253215348
0.28750171174609568
0.49322161989949420
0.29304655657165668
0.51868277130793317
0.30580482386598562
0.49179350950181805
0.28599315610017984
0.45644268203532712
0.25115431724212489
0.51165217425664777
0.29045493711710979
0.52367085060321605
0.28386954487383098
0.49604392877897729
0.27167173374854187
0.53713258238852157
0.27811346931362124
0.48005851234321151
0.27218501312517590
0.51195323913635404
0.27551832355280248
0.47981155552614307
0.23948853472050258
0.50650383044024361
0.28380658152365801
0.46475229541660590
0.26743062676119311
0.49661113856318612
0.27070530616370153
0.44850251873990499
0.26082466951330313
0.53412479736234264
0.29046754990115936
0.49346514025961274
0.24390297007815820
0.55247412850137634
0.27685598254738869
0.51369376029492630
0.29867469904100669
0.53363510949405879
0.26503354476136026
0.51411955477393922
0.29143011401905800
0.50264882483083917
0.29729114452247185
0.51222477537489908
0.26762385105892339
0.51709648428609234
0.26130444058892111
0.49102988279333287
0.28725534757751370
0.49346786150299760
0.29360253714703566
0.53460967531916370
0.26647550913783696
0.51325849049043670
0.25831665830798994
0.51297418711086584
0.26743729744868983
0.53906845524015923
0.25527311890079518
0.54898793710435756
0.30545788786743788
0.51368875348636422
0.27490138477224629
0.51883538343539359
0.30634062288087976
0.55915474397772258
0.29636348755525516
0.50859022270468524
0.26325162426898618
0.51865646572912827
0.30764972528161261
0.52695184406863382
0.23044295311003646
0.52742927872681866
0.26485813496631772
0.54393687073592545
0.22021409034462647
0.53803004154564782
0.24878317035022965
0.51396995739790263
0.21686124421985720
0.52225689850437629
0.22124016747103958
0.48059041208775832
0.27619911703934868
0.55778980210612039
0.27563869190979390
0.55867452204766299
0.26324151640642568
0.56595767343918679
0.27769303453939631
0.51725921376089090
0.26897073080332212
0.56926724044459875
0.25013024761194036
0.53513258511808615
0.27394918114638517
0.52609290856682311
0.26339302996314579
0.56314353229498426
0.27566781257169626
0.53214084801181694
0.24134034182106565
0.52793661584242435
0.24780989446397245
0.51356666320215105
0.21521770841072688
0.56173229228646882
0.28082746661795860
0.56914551519966605
0.20595766482305564
0.55576563744684593
0.26015284944649109
0.53050956943191419
0.27218254219010629
0.55766105802204491
0.21711547960557631
0.59886129999110693
0.29302266801768462
0.55254022361549016
0.23102473070432827
0.53867263034000867
0.28587391592210848
0.59085514421498775
0.20218508016234482
0.58089693146486365
0.28990788727501060
0.59725973038692681
0.27095666883503589
0.59638248102841351
0.26345550169461601
0.56128425514178260
0.24887467809603514
0.56528846023397472
0.25797665199069508
0.56485012482381236
0.24688667034296186
0.54452731857489967
0.28707924327591100
0.53601950037903789
0.30580237125840215
0.58958473635976594
0.25885247411436096
0.56400924294498311
0.25266876342754546
0.56280650709251190
0.31494401941307237
0.56691660109236919
0.23607978798672064
0.56061782456408960
0.30638216117981976
0.55723621561631931
0.31567534463523045
0.61230974131357530
0.27060038175445211
0.57364268174313815
0.29543787266662852
0.58082908968129543
0.27946130394414531
0.55166100424643560
0.21211451366983564
0.64527464726804207
0.26950204974866310
0.60977215793532813
0.22859817582124636
0.55687071610547911
0.25227645489822570
0.57009050982870546
0.26281268496824428
0.56419013978757349
0.26023081523850256
0.59456714099232388
0.30449263283162553
0.55521102660560273
0.27908701553342169
0.56142535317193876
0.31223201147116642
0.57609293175237997
0.29046608037240890
0.63207392796901041
0.21953047524312996
0.58372004672540423
0.28297846985750036
0.58702486336483883
0.22026150111732762
0.59448211778141946
0.29547058599361914
0.62210991932873827
0.27636214828260613
0.58886493695437359
0.30416732493973031
0.55849608160287334
0.31180009695316735
0.58551508963901233
0.25935923545417916
0.56413697320744716
0.34135370014742950
0.56800319537886346
0.31545208279283687
0.57121845582865571
0.29051489958483590
0.61756214835503187
0.26717151977984016
0.58954037206506771
0.34142056007791033
0.54939067937137254
0.30133132324667178
0.56517848640201307
0.33093383288431272
0.57816352963440876
0.29699035650057737
0.57705417343850529
0.32516388979643684
0.59622050696271112
0.26696920517754896
0.56966073282374330
0.29925469443092689
0.57485976656850724
0.31345243463984607
0.58151996568190123
0.30616037156197984
0.55862249284434540
0.28913158190502675
0.53596367666723099
0.36989872206514063
0.56384529548253615
0.32351004405025485
0.56746139825488995
0.30371842674646987
0.57925517964901063
0.34711202449013978
0.57255723300402994
0.30443504505540153
0.57721602966537289
0.26343535739205592
0.58845897213442044
0.35805379835968126
0.57774883954509493
0.25329305745635494
0.60454353247794601
0.36283637205276592
0.58817092097905321
0.34035655383893471
0.52515528595227812
0.36428568872440070
0.56909563280109510
0.34230006678752334
0.63455469949028120
0.31824919641167954
0.60639359379971669
0.35123020534716420
0.64803209817091068
0.41442092522922230
0.61918151649995168
0.35037067329832516
0.57997964255879653
0.35517163313292588
0.60639853139343403
0.37031888370704058
0.57115747412137707
0.35175601201584639
0.59766689634255177
0.30488605233229493
0.56510919798017578
0.34017608551081346
0.58875186975145199
0.34780018688966186
0.65133593366615672
0.39547399582125192
0.60043327930463297
0.33878678539003043
0.58503949428170265
0.42037281401226917
0.58178558783824075
0.35599340439470750
0.61000961307314627
0.40458841905637655
0.58652368521437293
0.33593216557220895
0.60940056133013754
0.33941673603780786
0.60444611927811809
0.39320560620000183
0.56773710024836177
0.31878369427731373
0.58736960485822165
0.36428582173345531
0.62266593800240722
0.37294340536167159
0.58350630732253461
0.39374219077656752
0.59388153299933444
0.34257468962883025
0.62631584204555857
0.36703002335987583
0.60705356521946530
0.39409233353746481
0.63006025189973147
0.39095101009156585
0.59779854667262988
0.40964214858246706
0.59939495279830490
0.35392453498969934
0.60460463578710910
0.35696413908271013
0.63299312856113921
0.37510892891246950
0.61488924632519115
0.36541399593557844
0.66686582613200029
0.37440687875025269
0.58880528935899679
0.35675932982028180
0.59251590593186609
0.37323275838187819
0.63182490247347711
0.39368119983951300
0.58395832950234083
0.38067806862819908
0.59584433662275316
0.34597937759367581
0.62818969045333795
0.33833405534366423
0.58548841900578252
0.33183539373686055
0.61230493489080473
0.35863546461018303
0.59108955957652443
0.37502689002694706
0.60246749545756750
0.37318740713618881
0.63699460540353769
0.35985724113587164
0.61855763747675452
0.37531000357719679
0.62279245969414732
0.35992950010343511
0.62397646618404856
0.35319443389511285
0.57403381906564643
0.38154216917928740
0.62252236752569401
0.34206767465242965
0.63005142786607393
0.34051139387433182
0.58862747621961875
0.38501393674496309
0.63577518815941825
0.35088466145796365
0.61872371034721219
0.34951629419395275
0.57495361509551024
0.34532508031312364
0.59396897151440786
0.33318241236531559
0.60182448845234415
0.35776321288868157
0.64575790060740290
0.35540060606331730
0.59561528693555699
0.36626568395903858
0.59368512393874839
0.36753820073353460
0.63153264247993901
0.35989332922910183
0.60089901634807874
0.41482999268000020
0.62775132657694632
0.37653061967239265
0.63845413270459372
0.36312900574705009
0.63060162374545403
0.34181097227198282
0.61496563676293492
0.37742395767885667
0.61766203240016870
0.38169652876655497
0.63043484629544633
0.35810591471209785
0.67572585229615867
0.38847654894587524
0.61477986372388704
0.38257122179690317
0.62965646165380473
0.37572240592431727
0.58715934719334262
0.37433915926873862
0.63734947810408282
0.37560063857181863
0.62578699713511854
0.34752110760357718
0.63117142683511829
0.37117522417093268
0.59604364278826949
0.36038273994776121
0.60646035455006242
0.36887960384670532
0.63019959016001781
0.39031931889243643
0.61739486825667045
0.39558981565571449
0.61989188103251491
0.38187413903349804
0.62123660505275058
0.34348772812941503
0.59378793107141470
0.37946071147283400
0.58734939459401214
0.40587272285919451
0.56120064625504829
0.39166496373083287
0.63913481250466964
0.35581334419907440
0.61661525652356863
0.32887779060284678
0.59590859796134921
0.37210911172427807
0.57174526777841495
0.34569552714245305
0.61523138156541413
0.40324887193752024
0.60476202613713970
0.38500904379020573
0.61441107378808568
0.36942531450349197
0.60843733150231039
0.37736973237498683
0.62586417111440784
0.37618348514197447
0.60189929056223102
0.34646926369371067
0.57193662138627133
0.35372494018582790
0.61185336824126846
0.36343539983017659
0.64307208254763193
0.36495897774321417
0.61713681887361338
0.40581822214690016
0.59481601500690129
0.43104798705333885
0.62778741712243225
0.40815550813567447
0.60200092304659614
0.40367290908637177
0.64394842336879299
0.40544402058997808
0.62442445657403167
0.35242497152552293
0.64471410114385619
0.40811646304440841
0.60069275632914321
0.36414942973220077
0.60919931750083212
0.42809460461735993
0.58439886864098334
0.40092492418251069
0.57528801648759831
0.41691053317762050
0.60848611424200816
0.38443493251653560
0.58744340961041153
0.40893945660628755
0.55214977254636921
0.29940216502264022
0.62587754184971767
0.37747659395483746
0.59937115763776039
0.43046766951539472
0.62840998686498339
0.37769551837216175
0.62606528212736523
0.40816587536053633
0.60418884903432946
0.39250204860623450
0.65548906066914503
0.41716058936549116
0.58639422241174932
0.41916009375878505
0.58061770075435870
0.40417876740536895
0.57379648281394069
0.37694476115812953
0.61300785417692372
0.38628128650419480
0.62692121018681402
0.42459756125831449
0.55771337613562511
0.39388443300567993
0.60046307760126327
0.39837768420928710
0.61282793950051206
0.41606776948179730
0.60037449606897342
0.44652167541954302
0.59060553446297592
0.40858467507249102
0.62959476465972097
0.40014101708020211
0.58838607539488286
0.36757145977227423
0.61125781480061725
0.42059322979805114
0.61555412802769260
0.44134791614669111
0.57944057390401238
0.39072840214458121
0.61414379090501336
0.36190919767368257
0.56836212081943027
0.40479955068417339
0.58421192923670795
0.38812924660993847
0.57623974116649390
0.37838675951655776
0.58855612641459309
0.39428660257728809
0.57710332486063676
0.38821321433312206
0.59553325374162158
0.40042166876045987
0.60562533244800543
0.43912324336535902
0.59509043148948793
0.40615787455730906
0.57071839808280023
0.45072310068782384
0.51062076287662062
0.37074399692890936
0.59449999267879949
0.42531422377834455
0.56271574513539546
0.42280511558534295
0.58946628310498883
0.40895941278754544
0.58438586643960977
0.42111399257312465
0.53651632814208960
0.39033020921790296
0.57194746721007794
0.40138509102183251
0.59522937088008732
0.40569263561707453
0.49737288670501428
0.42372707086593681
0.53777972284615339
0.46092689898964478
0.58030483799243882
0.39358817380115668
0.53032810273620690
0.39702138182484381
0.56266366665841949
0.36492120074665613
0.56410535618636248
0.37408189224534005
0.53304975137904431
0.36312586085357124
0.54885463891074571
0.39134906440026385
0.51528746183217233
0.40477339387343325
0.51498624800247739
0.37053907002514846
0.48894110111767208
0.40666934854572639
0.51303171189094066
0.37227148071445237
0.55420876996258295
0.43567275628147412
0.57500391189804756
0.40378780242302981
0.52910435315506821
0.39633192049022037
0.49655517421118606
0.41832066297450193
0.54718352547723992
0.39435809766579139
0.52842993401542659
0.40777364722572618
0.54415882726735099
0.39865813779378134
0.52309270445661493
0.41322862028946367
0.54246431631375702
0.39278775173398500
0.52596672268644018
0.42419325284388015
0.54542125292106991
0.40748400497551041
0.53877709464267465
0.35538545359858170
0.52310646989590770
0.38754258290224242
0.51415523890529424
0.35712381804760118
0.51759836316598495
0.37688345806194923
0.47973399901891495
0.36319429938706821
0.49429303001953340
0.38412730405703222
0.51271295265509242
0.41545193904630517
0.53102140253957542
0.38561021613501839
0.46385598900499048
0.38956335766118932
0.47052985938483227
0.35614504715609929
0.45119009689148221
0.40492886221150476
0.50439182120294868
0.38189265914851200
0.49659815827257908
0.40229119477382191
0.49959997323341426
0.39691193368984018
0.50178442726331174
0.39239333885223049
0.48475450026253220
0.38034098435234542
0.49308260729955750
0.35795448394728924
0.49153934909151659
0.39576714399145130
0.50138692689624553
0.36028493756407681
0.44849612384659693
0.35841580829030262
0.51220771478616323
0.39988777980666418
0.49458460927990150
0.35863522365080164
0.52800449073679756
0.39499608707414829
0.46331397736061508
0.40032425100106156
0.52830527623086709
0.34134212972508382
0.47376169877607383
0.33362986908733738
0.47655017507985414
0.39622308410054818
0.48801278826000455
0.40627279556573453
0.49070583556631164
0.41175969232897597
0.46894575522639376
0.39672112635865620
0.48467188098434044
0.36178031399810123
0.48779061620700964
0.36424808244015822
0.47436685123846256
0.36930263316136852
0.47694413096284971
0.34285692692012348
0.48074079131376291
0.38403993481231441
0.51641452339097826
0.35921955780354081
0.50366343438305095
0.34421080602332443
0.48052005578623735
0.42903016569727831
0.52010589775890148
0.36065610720806740
0.48693515024916145
0.39023186621647099
0.48453119576172432
0.38567993148352969
0.50578462383479883
0.38747373876274233
0.49251611363017134
0.34776299084329781
0.50448840972889120
0.38182834521723552
0.47776674522711521
0.37289079337242187
0.48075721256791282
0.38053719516815454
0.48607184564777517
0.38123664859990325
0.51826126601881739
0.36757645977537245
0.52309876104368014
0.41672827930708489
0.50465937583703735
0.40187885387796285
0.53777279595551819
0.39352845033977307
0.48962792687775836
0.37913925356618194
0.50908490822583119
0.39439714424136096
0.47957772275622845
0.38144059347340042
0.49800594591376657
0.39082672400112184
0.51194032470945394
0.37156746913109506
0.54914676135553508
0.38202459578611003
0.47909955917776270
0.38266767347620201
0.48544029569446734
0.35810029854507325
0.54451663595848865
0.38750977750361759
0.52088449473699561
0.39922315498331729
0.54527380308690898
0.36103872150059196
0.50833228828068877
0.36779690984605662
0.49325215680321916
0.37796701011862804
0.51391391100521921
0.41213329978780006
0.49008560320914513
0.41507519075742577
0.51389703720278157
0.41511387326481303
0.53224030499605701
0.38350996569568918
0.52011215051802329
0.38305011856511961
0.52202809313897680
0.39678925188427749
0.50113173526949428
0.42406826951313048
0.51635800503921647
0.38447417428153374
0.47343305383527567
0.43522178893211882
0.48248400531826996
0.41257635421967082
0.53438096607470664
0.36608837637635039
0.55411423459067444
0.37813371618426622
0.53697811306968979
0.36703617581065107
0.52166827847035380
0.41952868470100974
0.49379548284607883
0.38909577457645506
0.47159094645158589
0.38565368448837989
0.51298283275926748
0.41816355221423568
0.53772764894731495
0.36792876116803108
0.48490831831723424
0.39827642630267396
0.53104889344989281
0.41473477648051538
0.51106339411865742
0.39450038937586934
0.54725786143051125
0.39061679082108930
0.49141425749710910
0.40505513534471016
0.51523166309364687
0.39360316879579477
0.49037275275959841
0.38627488051814790
0.53921203181293131
0.42013849121967595
0.45737457674888576
0.38490003909660464
0.51912052411319887
0.35330121663592373
0.52206560649806233
0.40546231136850142
0.46065594853265557
0.36983948576192627
0.51761977208306109
0.34086478596313258
0.54470111783579800
0.37456594882444705
0.49173968406825896
0.36748006533691185
0.49110732184741462
0.38845928972936949
0.49371445743426767
0.37097782066300949
0.50968731534306966
0.41237486972128251
0.50945940368956988
0.37610107399477682
0.50712303690362726
0.36481931237634635
0.50507138517639916
0.37118068738738969
0.53086181421123113
0.35574271496358045
0.51336492503737574
0.34861420489698652
0.53613567203374346
0.33973758991467573
0.51046154966465163
0.34963629958837861
0.50804998223196673
0.37418968067742919
0.53885935883412417
0.35253135867907121
0.49223625571454865
0.32504446687718530
0.48700596431727738
0.34329748599130733
0.51791701295419301
0.33870094644450133
0.48863553946196664
0.34710795074732476
0.49639114186470268
0.34778510334818963
0.47493309484614837
0.35305814630912896
0.47568117707828528
0.33767769586237922
0.49521210807045291
0.31184440236092326
0.53105705731534159
0.33730691949313951
0.47879347418659884
0.39306925148838345
0.52110716766674658
0.34001258975768034
0.53554325565866623
0.30678631994604921
0.44747110147217734
0.32786585748177299
0.48536462360729749
0.33740279350949803
0.47281789037635258
0.34813965515416717
0.43817120714913593
0.36044376413865731
0.46776503701195765
0.27106338231887039
0.51887262104455256
0.31293503173796455
0.49822654153462897
0.32573976664827903
0.53252581426475221
0.32824376383803699
0.52158217438118426
0.38487039405169854
0.52290547900486373
0.31638418941893587
0.51186546984524339
0.34932255259371187
0.52517595281035090
0.30649494525935056
0.51011584693971224
0.32839061633422556
0.51140207118998915
0.32322833499274223
0.50986572773357175
0.33030461879742862
0.49452718137608326
0.34047097425592882
0.46824942644770512
0.34167750792779783
0.53791394601477305
0.31787499108191364
0.48564157303852939
0.30789275695314267
0.48623026708332995
0.32779867419990932
0.50753116358129335
0.33074649104776538
0.47559853923772660
0.31168249637640122
0.44658380266863162
0.30927288453217255
0.49104617653057159
0.32074090710085812
0.51357168157846655
0.29191432573633880
0.50489390103995069
0.31773449943243837
0.49762622720486799
0.30295730410838922
0.52853926262311102
0.30514555398895515
0.48252297281007606
0.30996778175879142
0.52315385401642311
0.26686667235100880
0.50389903490290100
0.30256623235367625
0.50095506029589942
0.31580725516084512
0.48988030314420983
0.35206759676775323
0.49711931249134556
0.31576339596817421
0.49046407481284893
0.35556748941906025
0.47575387352636533
0.31366121451429607
0.47577038172378944
0.33962726809694471
0.48287075507030103
0.28655487266974244
0.49841377825744959
0.32525236443610611
0.50154438759711084
0.33161971630076564
0.51114726527025989
0.30786749097102450
0.49882311144209890
0.31753023495757338
0.48948933528326632
0.31296035400617783
0.50556290854975572
0.29923762412537325
0.52718682893248203
0.29974269911129570
0.48488648200028450
0.31646821381074208
0.50201550355751468
0.31706007336914321
0.49436238958323020
0.29830316892006115
0.48863485608504675
0.29344888185005719
0.51623789980700963
0.31833964457727593
0.55200345008939755
0.31669015540752166
0.46990746554504165
0.32696660772108788
0.49903305587081542
0.30849274084819428
0.46917522919169663
0.31160724425256786
0.47968929172362562
0.33003269354844161
0.52760611289541859
0.32104263267198435
0.50014324333776916
0.32761193429456598
0.47289375937144290
0.32742815380614482
0.48994900495623533
0.34643843133436136
0.50797135277577732
0.30914856759957637
0.49116118024749145
0.35302637718956881
0.53174800255503973
0.32631897101293339
0.48337893946185806
0.32722492181956964
0.50961641865836493
0.33047301864654749
0.51652497205879966
0.33158313741226436
0.50252615882369078
0.31583058314294044
0.48511521957045939
0.35801541466543396
0.47164084324334010
0.35483777309773595
0.49037204894115444
0.35943753058389138
0.48108338665062295
0.33248438148904769
0.48362412391253573
0.33811751068825446
0.50803687442944412
0.33915264185316502
0.51592769766294100
0.35338065633164756
0.47343065495885106
0.36609793167511062
0.50682062473293743
0.34812081833561725
0.47486050865673257
0.36008407579106189
0.46119118613762594
0.34798514797459379
0.48626119595603140
0.33759933415279281
0.47484345260380484
0.36527704801879624
0.47318190108998809
0.39907547233145801
0.45764779428543323
0.36898066721801276
0.48035926795229750
0.38064550362710892
0.50745661062775282
0.38503632016415734
0.52528255587679051
0.37141294877001785
0.51261245582087711
0.34080433681284050
0.47781510220011275
0.39784286493972676
0.53977043361384813
0.36029263521449117
0.51578822760822107
0.36214586494140311
0.49337042074049986
0.34457992426206685
0.52213914547638229
0.38104791852944142
0.49746287720046001
0.39681087541931709
0.53074743596965013
0.41893998242926556
0.44600969948335900
0.37703086036268962
0.49371492590016253
0.37936457413921737
0.52279163448675448
0.38782038930181545
0.51052580429475636
0.37273885635007142
0.52390788612412653
0.32383489522747244
0.47578760324510522
0.43582394394761736
