0.47418946964256775
0.25802464737853148
0.48763642896020082
0.25927317155927077
0.47640446312079193
0.29092184496301909
0.48380730548392070
0.25962728730790224
0.43492451705504076
0.27945077162334819
0.46494649602068083
0.27250860996683907
0.51505527223586445
0.27724422798965126
0.49223541552330291
0.28573159946530141
0.48192570825369196
0.30159470012596579
0.46451145530397636
0.25598178803352778
0.46362598486232021
0.25700517087732783
0.50802439220088180
0.27229640260371230
0.46604315506874328
0.26188360023002455
0.48318066246930125
0.27638963346765849
0.43154973335621577
0.28113791972330032
0.47141532695387450
0.26721506445644405
0.42235087120729986
0.28215634654438981
0.49143533771525766
0.27323903816849993
0.46657987939237949
0.28993979856634899
0.46751698112216489
0.28169543811107739
0.52284693893967182
0.27317654739168235
0.49251206931747882
0.27377865452950251
0.47574306795505811
0.30160396745573897
0.44838786589018320
0.28045686232310529
0.46463757237442893
0.28556160568367372
0.47461781474455711
0.26653047065816293
0.46120176732451351
0.28385361470213666
0.46557111561373182
0.28062885078119804
0.48701074385358095
0.26297280347245061
0.48719037888572436
0.25581673889027223
0.49551554537448084
0.25799799941203644
0.48759705303189832
0.27824329457342184
0.47938084735847625
0.26596300905081249
0.46044319818638535
0.29919354963012856
0.46778389926701958
0.27791699148283849
0.48952919702205655
0.25323926897731774
0.44952469653245097
0.28503371609314909
0.48890655445699988
0.28287572434840003
0.48682863047446284
0.25818762962147740
0.49113095108463473
0.30263471000248138
0.46580802532810628
0.28248803493696961
0.43887895053862258
0.28070230153665343
0.45891991337913185
0.27928298175796856
0.47631182264703203
0.27897581143192662
0.45003823532419307
0.28534897953241750
0.47470787278918364
0.29091476174890385
0.46819870995178064
0.27940852528962851
0.49429484321470663
0.26833213431742631
0.49041001308673721
0.30243506930865677
0.46564239077346753
0.28128070487515533
0.42363482635440264
0.28034775973846998
0.44212745462555009
0.28044754547460565
0.47161196925908666
0.28179705778652209
0.47355055846662547
0.27368941593615370
0.46920116354367442
0.29203033500068770
0.46725738986544857
0.27730258473930736
0.46806986478067886
0.26497444366503137
0.46303159701199587
0.28358744007171477
0.47633577073366573
0.26070718727061548
0.49529418298096334
0.25901241188608015
0.46698722012316879
0.30196423395926664
0.46651433013482868
0.27793089643135160
0.47440532271095398
0.29087017140281135
0.50549928471561478
0.27233626389656279
0.46562934227026359
0.28809046366277902
0.48528083159403512
0.26560241228538373
0.46085923286856162
0.28967931367068944
0.46088465310522125
0.25600225080642380
0.48065779892156762
0.26742000761409074
0.47862312548969993
0.29922562893432680
0.47700537657072739
0.26261760831850450
0.46295802456646956
0.25475934341153478
0.49175970729880170
0.29397182165596714
0.47371269820971734
0.28514223974007202
0.47082594205326178
0.27745932782866811
0.52269514339839029
0.27842205402068726
0.46921435633042874
0.28589696674319337
0.44662981592539525
0.28157969464094418
0.49251265266456007
0.27873799329335375
0.49142320392906352
0.27525485564737862
0.47994153677313800
0.29930540355776986
0.47531281550002036
0.30501294486207248
0.46859673587419681
0.27869655952564132
0.47623519513228368
0.26229350116410294
0.41729698750420829
0.28200094613014026
0.46801117386001456
0.27887775228947431
0.48324399335298757
0.27473609319850811
0.43663439809761473
0.27970605945832894
0.49988942855076773
0.28848483055249696
0.49658879851462273
0.25729004820202883
0.46357001890929578
0.27658010114209280
0.50394333064342378
0.28394259324617205
0.48476599491467015
0.27043396106710993
0.46883634517437994
0.29076160375110660
0.44984963726577898
0.28240635961121596
0.48625655668826978
0.30406717732944610
0.48834138800460269
0.30313451819214132
0.48494514255793375
0.28218075792033215
0.48717576179770450
0.28887323721326474
0.48581589253246404
0.28118794996318097
0.50603980095325163
0.28692013372638608
0.46255058842399416
0.26568437350122626
0.47859935559468098
0.25999131818190835
0.52475441059967598
0.27787426662530468
0.46627021764444998
0.26876411512381815
0.49048336571980328
0.30139002066631870
0.47623152337591196
0.28795965039596805
0.46994719194412515
0.27952023921078928
0.47050385880846390
0.28109547517132610
0.48681566071305249
0.26247520312848127
0.48074782002898420
0.28276107502968556
0.48772989292818036
0.28120559855659788
0.49098615576604832
0.30120185417632200
0.50359409169876146
0.27062262624707206
0.48865981344597481
0.28181002918825115
0.47783987900365754
0.26610197756266502
0.52177475167574339
0.27598390432692321
0.47283501548396212
0.30574377314858325
0.48091762276448674
0.30280442765079912
0.41964102823290028
0.28392842075088109
0.49024032496362596
0.27886634319810572
0.46852483457131344
0.28251079036625570
0.46749036213022427
0.28281328747942819
0.49201306548202367
0.28369894223755693
0.52386763403533909
0.27896851952502771
0.46210435276751644
0.26414638818630548
0.46828847180271327
0.27886367165067666
0.46406875079949850
0.27970198700344878
0.51090396374337210
0.27813309649384166
0.47909831583277046
0.25243003861000268
0.46663038726863154
0.26493004335316567
0.46811281301066254
0.28127931351113233
0.51949821884455938
0.27177038919249186
0.45735093362325879
0.30117732976334938
0.45717978138849286
0.26630498195092378
0.49482946260217447
0.25922398153565407
0.48690215853031893
0.26015714476958463
0.46373348958884952
0.28617895549786004
0.47462731789034818
0.29029150151342642
0.46938435676837864
0.27681122202674263
0.51685315685574451
0.27838130279266088
0.46144028848530871
0.26081647815209802
0.51676372356361722
0.27921626265072852
0.43486821036953560
0.28219329799251819
0.48802141486064621
0.26207898475403935
0.49192506773447364
0.28057067416433229
0.46323395697853903
0.27469973299258932
0.46651101874026368
0.28746027782201439
0.49175011348618763
0.26916691913320978
0.47183289111126386
0.28345837612925884
0.46605188703279998
0.27667045008921298
0.49484115588246236
0.30113557313019612
0.43661122368935068
0.27729196755768853
0.48777990961572981
0.30058840649095764
0.47496035137257597
0.29533381357422706
0.49158642049551909
0.25776221840464403
0.47861071118699366
0.25463894757850281
0.49108911271806599
0.28374126460200050
0.43210067442142563
0.28178371287425719
0.49513960222942011
0.29221653510932244
0.45912496373694944
0.27049580654343885
0.47209733874682985
0.28454668532145710
0.51206547800739532
0.28561610397908876
0.45678107906363219
0.27656453510592494
0.46289033852219252
0.30642789121753572
0.46708935050683792
0.27842429943183039
0.45980295085526407
0.29734121883737064
0.45031533823354186
0.27750692226776230
0.49610467611361109
0.26794515042577216
0.47099169196351143
0.26513193511889033
0.51749972379077436
0.27455506301650845
0.48430529049487037
0.27624885056230108
0.42681032635757160
0.28049726793552637
0.48616437379787730
0.30733833729281934
0.42534702734769636
0.28128081389435888
0.46199532170182916
0.29485936436766469
0.50715947139789552
0.27460865006871771
0.51632831180500116
0.28419435898122070
0.46477180535471235
0.28560660453557030
0.48920432801600433
0.27888257619372003
0.49535046932523835
0.25603860650328691
0.46829448722000566
0.29773755352709913
0.47156166744720446
0.31133078197476011
0.49581643707030221
0.25838199468013812
0.48453283589201929
0.28074599713523191
0.46677941853686788
0.27820121824422611
0.49296527575192028
0.30146947688153125
0.47263520114506274
0.29869300146149030
0.49039480000042757
0.30643669157079112
0.46825518189843707
0.27783033939721291
0.47336633365160830
0.26767142357496398
0.51732342392064090
0.28156099981586058
0.46946515183674126
0.27103074040482938
0.48748866229601601
0.28796142209967146
0.45043960964542834
0.28243758971673910
0.48060406208861572
0.30012942463148906
0.46436362330861547
0.27646745946507811
0.50125537718553648
0.28098227796184272
0.49517531597216768
0.26100826576202130
0.46465792130951439
0.27140242499100115
0.49307327951977381
0.25857299711237747
0.45506109148424351
0.25847437918218463
0.46621608486351396
0.27844050593682279
0.43166765991564521
0.28084189605170262
0.46520158248101567
0.26356357046579304
0.47787542666500782
0.29178448317497596
0.47014550482653256
0.28196799880122658
0.44677211086414215
0.27911565207090194
0.48889754537359092
0.28259514509069045
0.46341559312729586
0.28183358701165762
0.47786308687135182
0.29955128331507230
0.51780215749152392
0.28010655859617722
0.48438288084286091
0.26740436495688630
0.52721441692208459
0.27702486396984327
0.47084077477925679
0.26996777469632882
0.47278275245006701
0.30228346522142741
0.49396908941250123
0.26843123279655684
0.46156249934982380
0.28327974387188815
0.49007446640897911
0.27349589956045567
0.46657911202864710
0.28736869019213307
0.50187599700862062
0.26564879816766551
0.49722058594595026
0.25862788830913763
0.46991088695765426
0.27962414147757092
0.46470532339764348
0.29226761229688658
0.48468412718268872
0.25437875226122525
0.46866395503500868
0.28228632417099947
0.46560278437315317
0.28969678457248227
0.48793025154041991
0.30405587004381129
0.48139214342993414
0.28231087493644064
0.46261946518327590
0.30584201940050121
0.49642381857814444
0.30065965873440098
0.47107639558376191
0.25268526434193944
0.45483663166939348
0.27336511718211937
0.48256556425176517
0.26932255810415540
0.44885261857988695
0.27897940672129445
0.48866214836317540
0.30216379155042206
0.46698921932751258
0.27849324722161084
0.51689427864839799
0.27897649825511872
0.48308573697776003
0.26044335818701153
0.46568406680987340
0.27506234356295800
0.47698888976691778
0.26712663520787039
0.49553417733685040
0.26333022525927358
0.46669099550542748
0.26998150054200681
0.51764238137269236
0.28078572525986156
0.48655983227825861
0.27736429446998567
0.48234691859858775
0.29000272514230419
0.47128845406558434
0.27837006973813549
0.49133592764595113
0.26339766484106508
0.47762316209939215
0.28957961423644674
0.47915226816527573
0.28515794674090700
0.46657869587046363
0.27875890555613536
0.45546855823881199
0.25953846814106446
0.45410598680877956
0.27499864214780240
0.43417737467803835
0.28068775080171449
0.48978153542895642
0.27876745329858094
0.48799947363300916
0.25191207881954319
0.49950889940294813
0.26461592139663248
0.49555352970475136
0.28155796249952186
0.44856309387303228
0.28160161428916941
0.48570428228234108
0.25483250254364281
0.47057039955925745
0.28135697673142385
0.44295704397166391
0.28013658958309468
0.43422431081393714
0.28130297260457959
0.43677748120663740
0.27961035154573338
0.47750215684584457
0.28468929002623988
0.46632952088929641
0.25487182101788108
0.46577988989200958
0.27518029720884429
0.49026882200256339
0.30435082244129452
0.47516916948723659
0.27130127021994460
0.47822981077389709
0.26267293840990097
0.48098005936920285
0.27054193821526551
0.47835142101676187
0.30834891613891002
0.47951254058424692
0.25560755951682240
0.47307656459807457
0.25004270415894875
0.51493790381682070
0.28599715063129832
0.47227839602915972
0.28067372185383066
0.48884219075714508
0.29120472284258975
0.46124402888264926
0.28534738563284040
0.46777305734389207
0.30684937533375339
0.46503689067437859
0.27586743454054652
0.49354089621868219
0.28835794896337519
0.50026811619266620
0.26679883270316029
0.49230966738104359
0.30179104953999986
0.47210383033510739
0.30076989123970921
0.46060646058791954
0.29319706206758550
0.48444691164288500
0.27569571451322944
0.47357112704971144
0.27945140782195821
0.49119480744227439
0.27453983519776337
0.45884831120316116
0.27462616055716427
0.48923766344309105
0.30446411934893169
0.47367959724173331
0.27143531479049515
0.45887331607356424
0.27557045325162266
0.48156827529301044
0.25604180562988815
0.46104470187846958
0.27942243975456243
0.52887839587646845
0.27300191340050312
0.49586896742266223
0.26473109130513800
0.47063672927707051
0.30540663700513049
0.48973129096878931
0.27756224929288925
0.48788021062421055
0.30606896409164558
0.48761416482673836
0.28164808509873407
0.46666849853069486
0.28851057670005625
0.46941304539544404
0.28097932444499846
0.46615164407905713
0.27772200578369288
0.49355265345461435
0.26544841944971936
0.47273327216926353
0.30494562877875575
0.45911926425555316
0.26806642602983521
0.48105100335853634
0.25839551700398822
0.47112416046110250
0.31038323668571649
0.43561600584632476
0.27799901397984755
0.46796947650930493
0.27157254514214929
0.49173420726973149
0.30364075279645331
0.47366640129204951
0.27049502514104701
0.49260920068497116
0.28014943529909186
0.47775690515677194
0.30708464185208684
0.46541759861536020
0.27979353271783686
0.48979633771287306
0.30459127400768776
0.48123687672029380
0.26370395320381429
0.46182812337782342
0.27541242258687493
0.46420906683887991
0.27520939187450300
0.47162094309163571
0.28118095633498030
0.46808486971537050
0.27972907494988158
0.49090227258258001
0.30433612336511895
0.46859953935208676
0.27865359181563215
0.48812819418808018
0.27474506304110741
0.48766132863240758
0.29190412980641878
0.46152288300655364
0.28483145245007413
0.47028188651418784
0.28325459286740784
0.50273828927995845
0.27073990701362438
0.47480999688356190
0.30384227307073908
0.48861984704980976
0.26141595866174605
0.46381897823666562
0.29298279200246757
0.51657539557008225
0.28734436500863580
0.48198726954499788
0.25303833852727348
0.46218823342650983
0.26460729905547198
0.46630323175846083
0.28300061555474676
0.45072610873237468
0.28094036303150244
0.43393134245983894
0.27866492681430116
0.44144891394879981
0.28022492992103876
0.46713062904096819
0.29441932799122927
0.51045486566577358
0.28821837366677333
0.48558682020994809
0.30304390608948478
0.48558302288376043
0.28057320052045398
0.48959740895418818
0.30437342969854608
0.47828291414489688
0.27028213438847754
0.45171690973207057
0.27570174877028580
0.47623201153174766
0.30281118340593982
0.46991734727674017
0.29808177681141657
0.47213378664428890
0.26608331457366891
0.47575929116455096
0.28116615407479739
0.47463192629459527
0.30063617507325219
0.53110278618171380
0.28074777115613320
0.48743019901046147
0.28743704713648055
0.46707016417468827
0.27104370969639474
0.48818567116108974
0.28014288313171326
0.43747827702729308
0.28031824307513220
0.48165166069756582
0.28461760516000878
0.50376020129132260
0.26796264400982189
0.45479891803386008
0.28187766755056315
0.46698415596285897
0.27910993074061063
0.42140123592824102
0.28452405555509680
0.46893740486629387
0.27928395277129647
0.48427211125649666
0.30319523773377949
0.47009913547267412
0.28007591636462970
0.48012724189048328
0.26307780637161071
0.47967987987781147
0.30230602713574112
0.46928661752990292
0.30353450882431487
0.49130117661388817
0.28323960346594629
0.47371913826927103
0.27976549332889078
0.49236779460675129
0.28467730134073466
0.46661667364593229
0.27860902339770743
0.46449217987017394
0.29967967808278839
0.46638943676289762
0.28886708789791693
0.51185848471887496
0.26895605278001583
0.47514331870525889
0.30435329475825762
0.46334476298743776
0.25758273820947308
0.47069975709779766
0.28024140828683786
0.49223105684671054
0.30411258276057374
0.46872571090541559
0.27962615589058459
0.46968645285135052
0.28522845633268706
0.48040498651341756
0.29019518867462801
0.46856640861779297
0.28288701979012942
0.47772496749032700
0.26588848816558375
0.48024572056190412
0.25931110951493924
0.46017665406378666
0.28384622811940824
0.46774217518358796
0.28217889416036857
0.47933580766495942
0.26151218892956402
0.43115213884677867
0.27832853426465848
0.46555601290003584
0.28755208301653540
0.47101837713725098
0.29136300102838475
0.48016000668271713
0.25789148107928050
0.46309316847142806
0.28229888861161906
0.48703744957838113
0.28367928990760305
0.48476324348500255
0.30356444825577100
0.46513886297260160
0.27588631532643881
0.46725997451635842
0.25439769066420037
0.50123960863857742
0.26808759264153426
0.46762834967889322
0.27923045451064354
0.46374451686831913
0.30529065023180668
0.44380334310468256
0.27524098102481409
0.50975463118239994
0.27660295425629761
0.44661685823909764
0.27608670819253561
0.47680085404578199
0.27280316893910861
0.44206704270197950
0.27718748802399212
0.49788647787292967
0.25738962726733483
0.48169185273811149
0.28253005844369228
0.46234216526003147
0.29593625952091568
0.48423250049058858
0.28279898462849873
0.46177165480060323
0.29117957153681062
0.49572322516837597
0.28887746098869405
0.46987937596892970
0.27978303104927615
0.46699895654094609
0.28430624643979263
0.46783852520492475
0.29969756556401550
0.50532807009297209
0.27850525901704770
0.47157425854570134
0.26405353355871231
0.47427206072422917
0.27529536601843962
0.43455596563933374
0.28158070131049667
0.46181417305024286
0.28722703424094109
0.44513581776020611
0.27924369694030460
0.48310958717908170
0.28044837807986361
0.48204304270225562
0.28199703637227991
0.47299080145153677
0.24946383503816921
0.48287209159779909
0.30480424918643706
0.46676361129929250
0.30352323897356670
0.48256667865399727
0.30545395887387294
0.42778544010029163
0.27965132795221737
0.45953103048557270
0.26031432627872930
0.49494368599582950
0.27949011129999224
0.48495824782488245
0.27533380039349498
0.46528900925209832
0.26914044838347712
0.46192509877010407
0.28934952646626477
0.46682585024239587
0.28157984571783234
0.47848774061392718
0.26753634501467261
0.48977532675934493
0.30467652033483417
0.47778240306936504
0.28061221459152608
0.46190997468523992
0.28547723635407402
0.46380436640854972
0.28598129320810761
0.46324899218647902
0.28090722758329040
0.48598226380058401
0.25768518512523297
0.47499309425147945
0.28272697978176869
0.49280334342151666
0.25881779171166858
0.49105854009285077
0.28411537307532336
0.47793157982628154
0.26794372345991863
0.45341329498585881
0.26487958411629497
0.47578393900929122
0.30842045830337972
0.48019817445899549
0.25229773199080130
0.52970697010391010
0.27348242910032966
0.52518325776058405
0.28728875044763941
0.48527451536638522
0.28241881468046431
0.48605747858221782
0.28597582980640474
0.49611275910812563
0.28392037904241380
0.48715733743235651
0.28817326335560300
0.46824207226576103
0.29663934579717843
0.46771714266448627
0.26980893000404915
0.46524604298134842
0.25629820764989986
0.48670521674641704
0.28426729277053137
0.45006983644433451
0.28020768742486407
0.46368550979413614
0.27377625707973152
0.49324275656058958
0.30287617204923800
0.44940714574761098
0.27678319246715832
0.47252489398840530
0.29583623570170814
0.48248350237317750
0.26331682173678139
0.48020258961830331
0.28863562603541765
0.48811662641833520
0.25790831893422339
0.48313282095786930
0.26803831040563186
0.48985166822218867
0.27617222819453829
0.49527409582326021
0.27953135264986112
0.45437908522074177
0.27536919925538761
0.48232631758231781
0.28043066512225467
0.46920774852168334
0.28394422463599400
0.46578498014747971
0.25379213351240715
0.48016813694760457
0.25229254464015222
0.48092885033832067
0.30123638943535413
0.47034286401184794
0.29137373183067378
0.44560092821603692
0.27729063261842035
0.46403326480150398
0.28547525376608196
0.48334467381700930
0.27098320119554664
0.50183290380386170
0.26996978956091827
0.47172832167207740
0.30051683955540409
0.49458259381535202
0.29872745321049937
0.51202660632299202
0.27515884649018990
0.47655498830319482
0.28441131511757373
0.45808773239219663
0.25654231891932877
0.46212511857452049
0.26556399912277906
0.45862049549664452
0.27741450908319237
0.47271112221185507
0.29529106546373052
0.51158521285697323
0.28069359946555794
0.46047573738039588
0.27986447851349344
0.47617321507679156
0.25938212422342921
0.47774836820557043
0.28843925549232119
0.51387022586553177
0.27602686743791627
0.49167029961392633
0.27842608895609910
0.46075857040660817
0.28748912493813233
0.48311604748965142
0.28054787723788022
0.48211013244191664
0.28574577092783443
0.44210810484198748
0.28004641518434553
0.43821725147177409
0.28074264378510710
0.42856591846928888
0.28287601265855777
0.47297279635078793
0.25972878702690910
0.50422209596755807
0.26622946322680535
0.47086687649404890
0.28093065581200521
0.43032124936887051
0.28473537829507461
0.48898382609131180
0.25429968980220929
0.49030696690775410
0.25463003331993306
0.48091829543685238
0.26438528597945316
0.47588554231811780
0.26540855192742197
0.47311690354091884
0.30155003018478682
0.48501630886456737
0.29700650300164805
0.49240100411187909
0.28340496255235398
0.47086653413597013
0.28166923233410063
0.45480837122810730
0.26554924368763311
0.47346284963993895
0.29728378323623905
0.46836496017326557
0.28072214947130819
0.48661142255864759
0.27365400420379005
0.45582278594142089
0.27141129557360116
0.48028888631863154
0.30836573553839719
0.46633914674241700
0.27929438602461909
0.46844838539959716
0.27845651131630988
0.49073039136688196
0.27106541787749960
0.45417399096892613
0.28276743932022330
0.44751903522097752
0.27924173631563520
0.49019389840578959
0.27909054403861344
0.45942198447617627
0.26005439762584959
0.47956214060813052
0.26907188801549242
0.47015366002705039
0.26951185107589404
0.52711670883885797
0.28543758436545891
0.48358245475631090
0.28349177429331601
0.51762079532335181
0.27848105241982557
0.42489207284925634
0.28123037859271777
0.44116802072782568
0.28071756479882154
0.47559487761738567
0.26826716554061536
0.46628905450981151
0.27966202757681063
0.48682115293297401
0.27775880571858474
0.47246736984930804
0.27103822661543919
0.46267134902237000
0.27602398959043883
0.49369818980176639
0.28228953168468901
0.46084296622511906
0.29588863853974678
0.46496491990456879
0.28273537876132743
0.43523718344927376
0.28064324148939607
0.46279630890083956
0.28757838369188921
0.50933219751623549
0.27523664137999504
0.47328085368046713
0.29804121139278994
0.51985387534232108
0.27743823882985530
0.48928104287230068
0.28093025183578541
0.50832523829522169
0.27102611061261395
0.45614156364303210
0.28148340049138748
0.48748173536602601
0.30490894133581148
0.47011567346324679
0.28053408461306223
0.46847889840489720
0.28489713364295860
0.42547709543979456
0.28385552455934976
0.48487643689587551
0.26293441365530712
0.49106661749826930
0.25897169841254541
0.47898536713464696
0.28200335949938554
0.46467060280790518
0.26747891525846457
0.46882219259640445
0.27672766104958368
0.52128268789796051
0.27959932788890834
0.46665650684150822
0.29662231557423102
0.49384452397951395
0.28786390769815468
0.50709072279163336
0.27593514158082322
0.48200159821394667
0.25721106192822663
0.47555090537299194
0.26522196325528036
0.44276811073300487
0.27922452107089102
0.49470089328490918
0.27108898491088063
0.48818259904648342
0.28152087302371359
0.46882343198280213
0.28797706070126822
0.48393137076200754
0.28703907697470749
0.46484292527262561
0.28404908067846363
0.51763378843791019
0.27530365781009913
0.52222656698025816
0.27818383667249313
0.44316714624550679
0.28210130234829323
0.49210181596061259
0.28568856651033120
0.48483641642949721
0.25769808783796366
0.53317949801223607
0.27603939712998155
0.46649119489386548
0.27935633961829925
0.46991027622007758
0.28998060521582658
0.46743046144632744
0.28946486516203723
0.47458515950957725
0.25221599192506938
0.47864786295626116
0.30381072071686072
0.48481459877086186
0.25033303203186319
0.51098494744959411
0.28386908948545003
0.51615973306567464
0.28006560570895817
0.44422889975295921
0.27855588910717866
0.49520943943997536
0.27267460224911272
0.45938104979584732
0.28175853155611003
0.48992956788071246
0.25288036409480569
0.49364468189917615
0.27241304423137380
0.47645271537323935
0.30013122217458416
0.47289399663271020
0.25656181309025311
0.43984321048867980
0.27948274940299944
0.48628551828432726
0.28346027507635119
0.46368934643264842
0.26389790436441074
0.46316066976892561
0.29898118731088097
0.43633673336065087
0.28135857904199002
0.49159146633659834
0.30407969401216361
0.47293703791042541
0.27066711034940882
0.46145237377899945
0.27171721607915084
0.47140526878837946
0.29310466538979030
0.43726382344538006
0.28053420094345788
0.51774640919946158
0.27717086927064732
0.42437336523400188
0.28528096923233159
0.47774472640720850
0.29105942564868181
0.47792060820048016
0.26125293156511586
0.49259994477588043
0.27478750675625307
0.46836127948163586
0.28055828469761313
0.43359914703123631
0.28056476533165819
0.46206141166718578
0.26712917895061239
0.45830173072331037
0.29336488132836630
0.47506767954864410
0.28519398494572856
0.47049038372014979
0.26001945266962478
0.47909297065416812
0.26282036965890465
0.45597699521849966
0.27677195617201655
0.52942664729547639
0.27818735623048163
0.48912833099418851
0.30101447927452407
0.50969533562550562
0.28819783675523597
0.47087384356290940
0.27735263946584654
0.41122148478537757
0.27849826223169505
0.50610992817738554
0.27703827908084616
0.46271474832584436
0.27458914827443331
0.48544438377360188
0.28394721401625039
0.47135625207379267
0.26292217918626815
0.47020587437201461
0.29596443232857089
0.46434219981627356
0.27931882903242627
0.46133758377462292
0.29691286752026680
0.44730258744936569
0.27797827666669578
0.46217501871663846
0.26634533307340252
0.51409320144651949
0.28474469335290753
0.45843154927979551
0.27838744683774097
0.47046675620110306
0.28371502924504266
0.47775070364660066
0.29956655973849133
0.46305794727049870
0.27785767643704951
0.47068246616214732
0.28533499193124068
0.48268484625313995
0.29490085850865766
0.51423803192265172
0.28225243233798297
0.46994491019298396
0.28031608825496701
0.47236152359955180
0.28531584440678026
0.52557601617413707
0.27546534104348169
0.49687039366867858
0.25940718578494160
0.47654604751259216
0.30377615518186663
0.48043944044846643
0.26823754855983112
0.49482563419133774
0.28085402679153210
0.46283609398723424
0.25821891791146967
0.47770339902944758
0.28872550756626314
0.48740267377524632
0.26222894592660001
0.49034066034337909
0.28179252330179266
0.51166491679819526
0.27972189500352374
0.48502680718490004
0.26933012324124606
0.47019509478403460
0.25585824277400360
0.46260170269432882
0.27699919040648763
0.51090993118865835
0.27437351624282069
0.48678467359562888
0.30100785135837443
0.47057621617365136
0.27789770778691225
0.47601932711443457
0.30523380602629024
0.46105312086020722
0.27506516789096969
0.52436839950568281
0.27094115102870997
0.46532801615540792
0.29724065819557477
0.44343053048031589
0.28318754184826200
0.46783865740178665
0.27770622955851776
0.48378653991084375
0.25170672719590459
0.47694722275010026
0.30953654784276058
0.49321470195173578
0.27975505331936884
0.47653555051112723
0.26026949734411864
0.46944893992329051
0.28173704189323773
0.47953661354401345
0.29678667733364977
0.47067965132744632
0.28863599292152803
0.48395800550247975
0.25057461117160029
0.46896545785510746
0.29003268947431698
0.48274378547229535
0.28163678683580662
0.47248538969525222
0.28924310349016530
0.45738038072640858
0.26765621931863293
0.46648101627040589
0.27734806073999796
0.51433879038967534
0.28087088591351717
0.47285685850815296
0.30196701624785732
0.47472952414041353
0.30332842008412764
0.46460651307436374
0.25284235794724919
0.44637783879065707
0.27759205342646326
0.46501533061848721
0.28042987114031870
0.49411299409796000
0.30188128168713069
0.46283215010472167
0.26978577980711477
0.48445667609333520
0.30708515555679189
0.49302165679564597
0.28530264753856083
0.49277793884449794
0.25660014560277367
0.51318106590970547
0.27491759290894263
0.46235490854181654
0.26411994571597575
0.47056727018468736
0.27456158984067575
0.49049314083954221
0.26032756937334728
0.46589108609078300
0.27414455362201795
0.49129306761327257
0.29497597115275209
0.49419398291516214
0.27179557762429707
0.49144221016151912
0.25437063121601183
0.46976434268594291
0.22574020836233222
0.49307367041078409
0.30129417572675637
0.51252890465075451
0.28023381112196905
0.48984014742447513
0.30193775696171776
0.46511287652121192
0.27805188436847339
0.47521205872835776
0.29556925512065363
0.47257961539960819
0.26377497989911874
0.46283188033204475
0.26917571501118448
0.49615506072770493
0.27755728498676008
0.49270050490390432
0.27456965475990119
0.48339004203364466
0.26046195665423627
0.48428351226057403
0.27837376188692536
0.46889081881211281
0.27999457959842106
0.48308694528453094
0.26335955647632348
0.46107604030592941
0.28123993832715050
0.48314374815015415
0.26440906908949119
0.49068914128230889
0.25336057896525677
0.46695083161371409
0.28053279317000335
0.48583754081422681
0.26080528812499848
0.46624919247256708
0.27729882665202510
0.47455465602787050
0.25785197271491300
0.48363893178399014
0.26535594069067059
0.47708085238061082
0.29482593230264792
0.47010944563756618
0.29386989246866763
0.46798330747582090
0.27842392640343061
0.46096961258736674
0.29375033903802722
0.48521663170453583
0.30532957652979370
0.48724978485275883
0.28438707082533904
0.48739772891873451
0.30711884196828054
0.49267633029823510
0.27655968924846402
0.44096948774659533
0.27957497094131811
0.43473583157315271
0.28112546251199960
0.47531587172003370
0.28791533088566573
0.48715421488932126
0.28346954615033026
0.48033897424223876
0.28474363154344068
0.45540735213042943
0.28400548119535185
0.46835279707036376
0.27614927946836443
0.45755469688601219
0.29747149310461751
0.46883032541470893
0.25788759028994013
0.46517711541794704
0.27608168709933473
0.47350603411624242
0.25967262423808912
0.49826489280885788
0.29172031478864041
0.47605922714910298
0.29536369164210124
0.48311397116371047
0.26389325556010834
0.48068922823537957
0.26110551233832530
0.51815788248639771
0.27898217254337510
0.47687256837563469
0.29968701706974488
0.46538971964381326
0.27056236112420051
0.48696434728893040
0.25229902560112655
0.49013827980830998
0.26066556536745128
0.49606539465219124
0.29599024561019549
0.46906264703327349
0.30061851021049374
0.48510823112769114
0.25708392438935013
0.47874882064771362
0.28672471312151099
0.47423246520831680
0.24613929336758594
0.46509479492015826
0.27893457881879374
0.48669913680739818
0.28429506576188590
0.47102696238554337
0.27909009623833109
0.46435242180456526
0.26650596090977174
0.46501503021782242
0.28468214524546881
0.46830218328067730
0.27707285336492599
0.46460817630934281
0.27505509277178758
0.50485814172705257
0.28835826028819705
0.49379001015187773
0.30122389330057520
0.49593148225640987
0.25920855805341325
0.46581832871386092
0.25509592109552220
0.47115859102079133
0.24956485426945280
0.46644948879120163
0.27886857293385947
0.45991287299977068
0.27500331478134149
0.49177962063689989
0.28059286338895345
0.43066150141933152
0.28117494760998979
0.46897069900929955
0.26854406837364619
0.46552461175534893
0.27604374579487556
0.48082101132972616
0.28708262907394078
0.46937075601811551
0.25544431811712426
0.47285784052575691
0.29273838967645205
0.45263107172627054
0.27826715871190538
0.48289762882695081
0.28241783443258178
0.46004069267052072
0.28405259926562160
0.46331075736392996
0.26179507840849225
0.46002715172766229
0.27695550501726951
0.47855017650137732
0.25734878341087147
0.49204208335288019
0.30048479141921147
0.46757056777947026
0.29981858573853382
0.48360376872942745
0.27782852885851439
0.45627813825683178
0.29368869357495403
0.48521497256083435
0.24885876437449500
0.46172931877283718
0.29804618468005484
0.45385213003877345
0.28792621788548112
0.47727725485982631
0.29763865537308792
0.52068897860797891
0.28056057726012501
0.48683825029016925
0.25497403613456099
0.48575513572058121
0.28798099011560740
0.45210756555534526
0.26896969560904899
0.46131634801660426
0.28065944007536536
0.46703501357554134
0.28573941698792227
0.46390875469950543
0.27951328542587411
0.49212851819312309
0.28346401472406207
0.46958484537937351
0.25177044008521332
0.47519469581158724
0.29952612624865937
0.46630028452837302
0.28156074752361449
0.43932240948930013
0.27946731443164624
0.46905335127072323
0.27233561465656353
0.44795275510379334
0.27496386516649823
0.47501409450963206
0.28603559155203612
0.48467046505896971
0.25888949778421383
0.46750543354356328
0.27950714272555921
0.49431131818839347
0.27761903704650998
0.48435102830963978
0.25890393625672781
0.49177450219750557
0.27656794576271682
0.48544055689133891
0.27591764187655943
0.52963585799799251
0.28354350386897048
0.47055714011011562
0.28243535140634546
0.49016566131672851
0.28744802737708736
0.46239235315877725
0.30563766157655403
0.48149664679224530
0.30532531132644025
0.48261132708982774
0.25431387295891794
0.46931227625137828
0.26618545031047641
0.48465771076008102
0.28363968273351570
0.45002668619491915
0.27386883273006851
0.46597752527139441
0.28600257503125731
0.48320697356202436
0.28137975964192213
0.48939860370991961
0.27725089035525696
0.43021332829802045
0.28055649616849843
0.47672976144770962
0.26013550423611242
0.46476029768431820
0.27585847366277511
0.48411447029099208
0.25606483735543495
0.45929567138140681
0.27260674671558288
0.48617462447485926
0.30105325887138912
0.48406465536653487
0.28496697995674036
0.51166668070553667
0.28456227792856259
0.48974156203428598
0.26154974613805676
0.43288588214369073
0.24034013197504228
0.46899305298777971
0.26976872913571537
0.47814889720944964
0.30187501624098045
0.48433520191798451
0.29975369280214359
0.46788321514271491
0.27672324924315744
0.46844648641329911
0.28260036573413627
0.43289849246168055
0.27941841393756828
0.46403460914205319
0.27359161979981672
0.48601446861293929
0.25664464918273094
0.47442004390415016
0.28325212602691496
0.47353121365788226
0.28969335111430150
0.47564505209771651
0.28552715497280401
0.46519225633195899
0.28843441517724533
0.46351784389442768
0.27367556640028889
0.47518641499835323
0.25968402940629393
0.46391515044496423
0.27067056681917662
0.47375913609258291
0.26947622837383323
0.47033648126897476
0.27788678672779266
0.49039681140557445
0.26566586938676623
0.46874911622209253
0.27801442912625712
0.48619032321127209
0.29968107710709047
0.48474019874686181
0.28293208998787706
0.47429464921898701
0.28151942861460266
0.45712003464160311
0.28613662245254845
0.49589066910814034
0.27585229651338261
0.46276414465365301
0.27709345549599212
0.46651741874272279
0.29810680530215716
0.46513125076760498
0.28104032641859583
0.50995291640698970
0.27332968016660869
0.48315566375172386
0.28633742186994593
0.47952501791737129
0.26461794253944515
0.48050301155337816
0.26836703894128006
0.48427469857515687
0.27048896784239362
0.42421022666206148
0.27739113491747286
0.48177987987356469
0.26775508970441109
0.47372689692692044
0.26337461709617715
0.50908565744546685
0.28214781366823227
0.46919178366454295
0.26313324726261700
0.48667366712148080
0.27731621890574087
0.47183476496778531
0.26612091023396761
0.45840998040809589
0.27699828130251547
0.47346738900830693
0.25121454286293088
0.52007932842218518
0.28003723947449871
0.48510926529283499
0.25908180892825916
0.42508845979719623
0.27479522529312816
0.48396077451112862
0.25369647461918554
0.47375442834585868
0.26132845649650127
0.47179600011535905
0.28747613722861753
0.44587399991208460
0.28104455012550811
0.46083444067197477
0.25819369632440536
0.46665481458414682
0.27975919005837790
0.47498158429199494
0.26409343785113043
0.46028963268888856
0.27587265558012952
0.47880103851937267
0.28330822928506055
0.41639303089940333
0.27802318339551485
0.48426742203642509
0.25171022627792011
0.47921456570901466
0.25253869562331482
0.46282444259697431
0.27837402159240493
0.46134681254347143
0.26643417392436453
0.48326764451565429
0.29495880809563740
0.47092570982309145
0.27708777610105523
0.48040932719557794
0.25729071146130755
0.47553530015515905
0.26249266895497592
0.47743320240097237
0.26196481559883944
0.47644774474674173
0.26402671602343702
0.48344622060340792
0.28290941769053751
0.45304565530823382
0.28873922585794576
0.48705368986335040
0.28730038439099381
0.49465647082517394
0.30124168270189255
0.46709069241692575
0.26770328642079705
0.48086439643238094
0.28775606189938452
0.46567605082832503
0.25301526063591134
0.52309031761133351
0.27520553171052364
0.46409700112352392
0.25962448687077222
0.51372152953826078
0.28097639310629663
0.42974935513331097
0.27770408886338205
0.47268342667755536
0.27435525775777497
0.47595688816034165
0.30167746498757786
0.47559943435927954
0.27022009107921863
0.43265972119552393
0.28219363534553776
0.47198767025512439
0.27643038888318877
0.48998681690788404
0.25393459492968956
0.52918173303248328
0.27250945155898021
0.46939010740340220
0.26338553145301619
0.47008628546436149
0.26656416720676634
0.49090141130060222
0.25953384696234066
0.46544201149286551
0.27370783709015678
0.48093264620377169
0.25770553777731553
0.45796596398314560
0.29557553136800629
0.47027044994749728
0.27105481012346105
0.45938031332905982
0.27337530964243351
0.46893377922855661
0.27844983464513595
0.46830531402008402
0.28396508524464520
0.49022192587724639
0.25748732501308791
0.46407871769455283
0.25800956978505740
0.46363390217803646
0.26438565032441486
0.49351276526506233
0.29846287041713626
0.51961863426441479
0.27125592266789539
0.43956027155119265
0.28154025600107885
0.49258341984843662
0.25667286377369264
0.48285697489557700
0.25839608427064059
0.46608604661722286
0.27266894224841226
0.46202477000491632
0.26429611943941561
0.48597320845006470
0.30127916107407893
0.42139802961719336
0.27444267633821912
0.48481537537270480
0.26156283270737879
0.47905211582958512
0.25685954106851183
0.49176880506866610
0.30402169919202437
0.45163362440532639
0.28524768810917028
0.47548800493007121
0.26039879503599905
0.49683408011755675
0.28893884335715453
0.47082797789634567
0.29890492537015828
0.49057546802626439
0.25674209947867110
0.47865067119455340
0.29218639252476802
0.49265466896616600
0.27707758333265070
0.46792672001287594
0.27910019209195808
0.48217611768304014
0.28060734081508509
0.46910081596675873
0.29088029432747436
0.48828720759237171
0.28025939762238300
0.49453002128905948
0.27252720533019659
0.49966252983051074
0.28952765758821863
0.46257171848463990
0.27660953339830585
0.46052556732686850
0.29599327329417086
0.46791133150942532
0.27327595285953088
0.46986781684702150
0.27572165274210397
0.47816916213989175
0.28673836489258386
0.45980094175585062
0.25940391901502624
0.47176185558003031
0.27556491869007216
0.49155213501914558
0.29926082669066512
0.45883718779875154
0.27595553183675031
0.46685050780281317
0.29277030680101634
0.47694711145503838
0.30204694979975977
0.48745305949140660
0.27469087788996605
0.47566313914854014
0.28436438198587743
0.48534955436934951
0.25897791521747371
0.45163001307706352
0.28388232910924177
0.46730603454148623
0.29403519824097252
0.42960194899923443
0.27892873920903977
0.45722182209131718
0.27392236761363598
0.49891681419634809
0.26191103925335180
0.45004460854387207
0.28299786252129411
0.48665304391397957
0.27888489497590652
0.46953529475739170
0.25498053670533155
0.49612024936211885
0.29799099461144385
0.49310879446189793
0.25750364246624147
0.46930395985570628
0.29295271603144801
0.48767620855801630
0.28340263264597559
0.47430215790893937
0.26797162694738152
0.46839927946283899
0.27293618716424572
0.46786218140580133
0.27927535849679397
0.46524846495151800
0.27700945833823143
0.47902943205006637
0.25774050721782771
0.46791300945120617
0.29313993526156523
0.48641416258744019
0.27886368773930698
0.48192816194046983
0.28264688229858836
0.46587882073644293
0.28015599826034004
0.48933312513279392
0.29775624288091573
0.46245417191718396
0.26870358694300683
0.46368087828430904
0.27668667651385959
0.47212158657469011
0.26291617493773933
0.48736053309658989
0.25233584963538752
0.46808817119113794
0.27585475014230987
0.48829033991795351
0.25644396777285539
0.46358081186954808
0.27156670503462499
0.48728962588040642
0.25731617294052805
0.46148176596600965
0.26166622864883499
0.47956547796447579
0.30388435627919985
0.48683094492618195
0.25036706043295365
0.49433952739584536
0.25582315553342250
0.49483392102298468
0.27813123450538241
0.48668770644430792
0.27653395652201296
0.48855085134506770
0.27289778057560160
0.47003811209608015
0.27907006027996767
0.49717542912446450
0.28907306945009958
0.47563091752764319
0.28137626604272892
0.46073826743443480
0.26102751824077458
0.46080101864183953
0.29554572038744231
0.49085112695786609
0.25513041886466015
0.47733895848281782
0.27131328512856601
0.43149259036781734
0.28086220751996627
