0.47437316833748461
0.08132812839028403
0.46998777985898882
0.08890300756417195
0.47216752607575280
0.08213421719726005
0.47454578024875849
0.07861987245152491
0.46539423530239771
0.09877419522643228
0.47014465874751399
0.09019525958402061
0.52073576718001391
0.08211471713725083
0.48035394888352895
0.09374489917081819
0.47023423389789593
0.08532073876593392
0.48104271718538455
0.10067848063244632
0.48200427834800785
0.10075024950737824
0.51009295890992667
0.08175607685179692
0.47291035387626468
0.08139431406789778
0.47121293735064551
0.08553307818379562
0.45521398846975386
0.08400033921543193
0.46821984196815880
0.09126195468918781
0.44102889787834043
0.08685146937299910
0.50852482108204167
0.08267331242596578
0.46076363327013692
0.08447693088166124
0.50952312969453717
0.07997717647655619
0.47186431461162087
0.08360610748616974
0.48063089690242644
0.06363596486702054
0.47479107182809627
0.08326972019208913
0.47137851484261534
0.08793573617960269
0.47230343879480663
0.08135213172535426
0.46748951237911823
0.08416845740517377
0.50334244045330723
0.08591038439550389
0.48331581404526036
0.10045620169399223
0.47162362680350323
0.08582046256832777
0.51013153870051131
0.08031138035974209
0.47275759266788608
0.09566892796457103
0.47075702580172291
0.08814544360572300
0.46952980360089325
0.08555141293774719
0.47524179855045279
0.09335924377699258
0.48478923319477513
0.10013171145197211
0.50614309502129884
0.07609135386373928
0.46881066631275586
0.10601583701890301
0.46888987166534990
0.08414644334823007
0.47673543971733012
0.07726441436357945
0.47505816721726329
0.07875361561427992
0.47134250514734299
0.08508643028761242
0.47291231372310766
0.08140977860595844
0.51003032325101361
0.08222330562113586
0.45821764664386305
0.08531576768838631
0.46788168626253823
0.08679079562618963
0.51265966618850856
0.08106634385125695
0.48130782490489138
0.10144074646806289
0.47282538575612587
0.08503213102943800
0.46984406872766094
0.07916475569631443
0.47050294027348089
0.07807032706198266
0.47092339597621835
0.08528657123093371
0.50234799919306417
0.07085011670597541
0.46732099276388361
0.08102801701328737
0.45842393445545437
0.08527159957646767
0.47973015000886587
0.07626030685827015
0.47140925449815951
0.08346879055077198
0.47516863789343089
0.06694484856851049
0.45804499022370082
0.08359976910771916
0.47479020235513059
0.08797900664280750
0.47159908164169140
0.08833144422431223
0.45460941750827827
0.08411452356533052
0.48008330409402428
0.07801351673339943
0.49018417603910280
0.08606534787155810
0.47330423536628669
0.07440898300160960
0.46952068640955952
0.08039410940905539
0.44961371979878600
0.08559369955173936
0.48279019279729118
0.08157254309201492
0.46758385687894927
0.07143118812407578
0.48129330339880561
0.07535654546019799
0.46550278979886511
0.09841420267535189
0.46845182110110262
0.08937303582251707
0.46475226146657073
0.08186550293428613
0.51203631543458572
0.08103467390377837
0.47567476480478676
0.08810771312086114
0.47696323104776350
0.09798043739732182
0.47834429347118174
0.06455590040796701
0.44998766581598948
0.08547907490985555
0.47526223135767603
0.08849150232952395
0.46856804289193860
0.06787401606909668
0.47275208655789769
0.08504101941447745
0.48881001903163002
0.06821612177570847
0.48197564995525793
0.07651917816307136
0.46937075656337129
0.08124422224681255
0.46921869394059168
0.08171505684308442
0.47124396223225906
0.08529779308289409
0.47274879078119753
0.07943223418756143
0.46568090408270446
0.08228594758416087
0.45114639902903714
0.08511897744247557
0.45035758216225036
0.08536427972955418
0.46050145429420208
0.08476120873617768
0.46703796817093268
0.07584411135801161
0.46387501131781850
0.08288116378052808
0.47723926222470103
0.08885469219642331
0.47473849618225872
0.07798592721083944
0.45842276504382273
0.08527188135343604
0.47159680169272261
0.08841251422588489
0.46896001678573818
0.08940000822875765
0.48054829693732293
0.09939736020097142
0.47007165110672544
0.08533421974247921
0.47269808185729401
0.08161075407576178
0.51431163348641751
0.08639561773927375
0.47264584747697025
0.07201749431318466
0.49722180235779123
0.07033495060882351
0.51993501820644894
0.08201974472037628
0.47474028881071983
0.06271621941310961
0.51325736942700440
0.08118351150091646
0.51348788485098640
0.08122327320803489
0.48159331604806410
0.10087872821388781
0.47545252716502540
0.07779638002724361
0.47078854177757556
0.08856980598060060
0.46802425560082622
0.08495840940968610
0.44902295917972196
0.08576473212689992
0.48173223180600494
0.09010115898966295
0.47303847638254659
0.07668487846495686
0.47049906566233257
0.07963372962774677
0.47003143128892899
0.08526466212661843
0.47347330193807169
0.06939421520820484
0.48072659504677284
0.08798581862173233
0.47521427259860788
0.07971438957463919
0.44026829038544363
0.08692033925110748
0.51045329723152821
0.08301439821642190
0.46991461040118720
0.08242088337641512
0.47491876629582019
0.07966841521577804
0.44999107531376215
0.08547783233662082
0.51952727241204311
0.08197273790837471
0.46021713474189174
0.08461872333808146
0.51400183474018035
0.08341326820787721
0.47115628244128321
0.08782118728313393
0.51194552325299236
0.08107644735882093
0.47590748935450844
0.08168398599547165
0.47491560278140293
0.07868692644861064
0.47327472364528916
0.08067061284313926
0.48331558096029509
0.10038262406296006
0.46981169487252156
0.08188149649682688
0.51422143293252798
0.08715449563523646
0.45138769042786020
0.08503937098601488
0.47216659773709829
0.08203231264255048
0.46613315835488045
0.08031520514583411
0.47012504334506711
0.08524082533150495
0.48152610595507511
0.10088389711766767
0.51598859672461261
0.08158408702751382
0.44982772568453572
0.08552865424472980
0.46957504363584956
0.08408650957872534
0.45184536491497745
0.08489195755651496
0.46771987134320436
0.08819790694953429
0.47024902569900384
0.08519584002790681
0.47028867421556686
0.08531563998363043
0.45962881085091001
0.08499417615744836
0.47283737036685219
0.08503087411656143
0.46673524362344876
0.08021574083682942
0.46000543906338009
0.08494293116184599
0.47097614180949615
0.07939379489550585
0.45113702564227171
0.08512197293612800
0.46890891307601007
0.08487577758456605
0.47695708765960187
0.10129345986810320
0.47833327132316850
0.09185403759262267
0.47223689662572710
0.08512668453781505
0.45790337620743338
0.08361777925122768
0.44926992574241609
0.08569665177359069
0.50771597042716221
0.08121647345727934
0.47119059236552241
0.08415484652322355
0.47240234332964670
0.08344009887230906
0.47496132047798173
0.08763101437528109
0.45024937631951623
0.08539885231171665
0.47570433237613702
0.06207778529428748
0.47197003376699986
0.08734236060412444
0.47496680953994613
0.06255695882693579
0.46781079376102730
0.07296246391358599
0.51084111733530801
0.08060446784583793
0.46174758521025921
0.08375887228383401
0.51074478779445676
0.08057015480149568
0.47216532727079175
0.08617266044368888
0.44320283330621485
0.08664938974038618
0.48215808659687276
0.07651416216391255
0.44170284824389472
0.08679213506740079
0.45502405360125459
0.08403145267397216
0.48495773123407931
0.09258924391160614
0.51843307427212026
0.08185538053676894
0.47560069442129360
0.08871225277070724
0.51216210521120364
0.08095908444808575
0.46133220335368796
0.08442240701120329
0.47504103648695539
0.07875036816981315
0.47409077931644372
0.07986112874303015
0.48280066580034320
0.08564008745896683
0.46619679941210013
0.08187682623125597
0.47421418443820534
0.09707537843143078
0.48197846063147282
0.06339545074894336
0.47723521847464279
0.07704273851069318
0.47478669933130530
0.08313422269882165
0.47700646438787420
0.08844898590806885
0.50183566062965879
0.07411274065855632
0.51887649380604661
0.08190233657031426
0.46943166897517291
0.08880057227051733
0.46658177885587959
0.07424765983047719
0.51105836294877660
0.08067500014356789
0.47268056323098179
0.08994888516750613
0.48023315637163277
0.07731652603284994
0.46756860162852654
0.08071203863752165
0.52122781755659497
0.08217526664298318
0.47121635600003914
0.08544412199583717
0.47536759525654992
0.08863907251552763
0.44848372453203222
0.08589379300862689
0.50284839474292842
0.08818765989707052
0.44278018150682091
0.08669198784900671
0.47430604700626461
0.10382527488034309
0.47064156332616586
0.08832337864384558
0.45727184839560497
0.08366488754414418
0.45663426781539806
0.08378547730317837
0.46707442415074041
0.07247406963227777
0.46685321620450959
0.09124907371273262
0.47271980873378688
0.07744769227935379
0.51951207035370606
0.08197101271421819
0.52085560891590932
0.08212949962544971
0.47289303947696781
0.08136537290503268
0.49015714529903037
0.08720131356872915
0.47210099979590481
0.07955310106227061
0.47125823484903984
0.08532446352726593
0.47348408192897035
0.08192660733757334
0.48674040106498051
0.06699204785082163
0.48378808871863815
0.09288852641859008
0.47290256865062530
0.08086979488745889
0.50254127332118037
0.07693342282925449
0.46838660990280317
0.09162619571836883
0.46024644243224272
0.08274907099125664
0.48165480894364016
0.10230602152229167
0.47936193537815586
0.10346786294815769
0.47738685449307300
0.06966378273587034
0.47142949256964728
0.08346863002101464
0.47110096502199628
0.08546539684810603
0.46694890828921609
0.08400883108250885
0.47335380454654363
0.06964059255898215
0.47368516080601930
0.06364948464602116
0.47362696343456262
0.10197653746261369
0.46664094342237955
0.07359822044206785
0.47195396430592401
0.08271316168577154
0.47414005977309859
0.07708981845363182
0.47631349022525932
0.08454481764246069
0.51438840628237514
0.08136981446994418
0.46183987732680276
0.08390124971408462
0.47161057324974687
0.08401130447905100
0.47914310251231557
0.08977972145250002
0.50669486465576741
0.08057134716063828
0.45733148503216947
0.08364880999415247
0.51739881573530000
0.08173996975747851
0.47468293774753495
0.06280750067434082
0.47231150717231912
0.08915112073784222
0.47779264159035173
0.07016684300697705
0.45146831038224711
0.08501449221353040
0.47456142336457235
0.07933502266729862
0.46804767033665434
0.07162074762607457
0.47216843128778879
0.08800154508277813
0.46805430635325751
0.08912025921444157
0.46672263390603419
0.07693787652302456
0.44793377540390589
0.08601204844048439
0.48963076954539297
0.08380409262774011
0.51307327053345930
0.08114780325911232
0.48199903220344592
0.08836331296491537
0.47079355608952095
0.06691377040317026
0.44775698862578006
0.08604314599491000
0.46842671538313213
0.08421838314853204
0.46937652619782361
0.08562936659455310
0.49050002008453664
0.09795423573488923
0.44319198852997344
0.08665055244873451
0.44803741258863572
0.08599120882440518
0.48376327484780840
0.09887983084181190
0.44763290238767978
0.08606430491896742
0.47148214354188495
0.08825232729083279
0.50145823144406276
0.09116218972701139
0.42970155826747541
0.08973725757568034
0.47482462899302746
0.07909734184821045
0.46009144667847512
0.07727126113175645
0.46922203926954592
0.08170695242273640
0.46696162682618730
0.07776889298613046
0.48109048563777457
0.10071163425018052
0.48059994405805140
0.09022750688970846
0.46682711530824783
0.07940319409557969
0.51785501120233701
0.08178968002887127
0.47355179513153967
0.07690499632539557
0.48105814915540451
0.10154210787127349
0.47156692723650684
0.08422913111150168
0.49016307297378858
0.10029424362092415
0.50028563395791725
0.07401270242881100
0.48144089913958554
0.10086193655353082
0.46624582796608782
0.08299005928768080
0.46745623433869748
0.10149305629445489
0.46657845198157055
0.07427724404619085
0.47738305975703771
0.09729356928124314
0.47445205622689018
0.08632770731345288
0.46774000461937926
0.08121195163224497
0.48231061328612845
0.06982201425035747
0.48058909271962064
0.09912167582023622
0.47885571529647614
0.06984694253522455
0.47011045832074039
0.08532633749987170
0.47337415427491975
0.08637790606164618
0.45522541117206944
0.08403070826142052
0.48025562033201336
0.08893204574756383
0.46023180969842148
0.08199360128112328
0.46177825869902139
0.07029119865133779
0.47493573849211129
0.08089876873261032
0.47617128118274282
0.08694888869609620
0.47577199803729864
0.07803653539659657
0.48053826149433865
0.09916432149156341
0.47032385837059365
0.08385175113822277
0.50863047429219188
0.08163363786147383
0.45184067304344727
0.08488735432308764
0.45848124839825860
0.08525113300907135
0.47243524050549512
0.08000736865000452
0.47828026839737892
0.07654649876946239
0.44684437572330771
0.08620169871817458
0.47287773083865975
0.08144383488105469
0.47168740853669250
0.08481160698433937
0.47127076487179798
0.08527406872589928
0.50401634898747660
0.08513962019506678
0.47564887922734489
0.08799432915449439
0.48079391114498027
0.06963389900890628
0.46789217632928309
0.08854842293101436
0.50294050885811992
0.07739050546508534
0.46780556089554054
0.08832474610639976
0.49200260728129064
0.06768318855962302
0.47061162457539518
0.08530495021397924
0.44909600648217746
0.08574579213008864
0.47210945016455375
0.10138126417188068
0.46170296698086505
0.08380523387664948
0.46635489437032412
0.07469385464323608
0.47261964511467824
0.07665253195136461
0.47236195441531709
0.08909941609446413
0.52230567488474922
0.08232686263208812
0.47854694161436095
0.10190025615477011
0.46989496012994009
0.06829754659920391
0.46833097370966520
0.09152855486650795
0.48175335857747575
0.10082114163120369
0.52036885717790182
0.08207018744711723
0.46915602983367410
0.07460062593664724
0.51502274659780412
0.08143921907284755
0.48135501538863423
0.06951765398424087
0.45851871354432294
0.08524879756741904
0.44088717510557585
0.08686428682800805
0.50755962088286921
0.08111847424442836
0.47504529206134893
0.06708787480169114
0.51979308068071861
0.08200301679761975
0.47270848128211124
0.07731913744460027
0.46838805340432144
0.08271251929265241
0.46966529270141133
0.08526030140757310
0.46620895860229272
0.08187590767503927
0.45860767018177034
0.08522713090668391
0.47693149687782871
0.08754203894582804
0.46952214266176118
0.07449320748170199
0.47512033914926199
0.10147137703230472
0.47435228765885656
0.10244732573307590
0.47428636189224099
0.08574969114139032
0.47670208626602334
0.08479319218521592
0.47301153393383999
0.07399785774939824
0.50642026115156946
0.08037689070477114
0.47507417920273587
0.07869511366339398
0.44674695784309082
0.08621713751699661
0.46019267965127053
0.08476749437078800
0.48728028373648324
0.07852558879369534
0.47317223103701073
0.08506144714071584
0.47716769906146878
0.08896948150282033
0.52038569929562450
0.08207211443054148
0.51315298681893995
0.08149993646803572
0.47356800714984870
0.07691073683755621
0.47216576761529139
0.08512685849052704
0.47279664486043077
0.08067371469061399
0.47006397320285470
0.08570806411211113
0.47738613079813652
0.08783165563137094
0.47191272681193358
0.08722257996243732
0.46758661754677094
0.07158939785509576
0.46768375590038597
0.08754101334985943
0.48285849970220174
0.07670953293187185
0.46657772238994399
0.07423648863923113
0.44923414039630288
0.08570828400530472
0.44903641177990261
0.08576281506382759
0.47952741102611096
0.07598169669501600
0.45773052000145065
0.08361500643869892
0.47624964510079543
0.06585049966587402
0.47301427449268696
0.08108191675178630
0.46941045432877809
0.07430853817647662
0.47056780531670683
0.08320673903448911
0.50362989173691597
0.07810904407889976
0.47271430878278137
0.08086577923910677
0.47635477691410322
0.07755507488772800
0.46754496386032746
0.07150076758132876
0.44609048990820832
0.08631197072730955
0.45438326692575953
0.08418051289001137
0.48199398452317666
0.09744683561280203
0.50839288230935709
0.07892381070516058
0.47187972107668108
0.10121471658229550
0.46862891837472537
0.08604879905436250
0.47139869808845186
0.09411404583467983
0.46739937700747336
0.07173949849020192
0.48442964336647704
0.08297431294568267
0.47889559079760846
0.09299355001407515
0.48086200775652838
0.10055661361389283
0.45906969326116143
0.08487049859738659
0.51074386832701957
0.08161203208342800
0.48053024456146642
0.09986870884421575
0.45390188718240365
0.08429918596815027
0.46044386630202627
0.08470709621467366
0.51279382948676933
0.08110713899258112
0.46573945014764573
0.08270982505012632
0.48109982552773806
0.09895123591592243
0.45996702869842659
0.08493411925792096
0.50608673450796648
0.08013502077263732
0.48757904240744154
0.09929759355311442
0.48376767704103546
0.09888053076693956
0.46981244460115279
0.10378074329738994
0.47572909188527246
0.07087555028704060
0.44915589067955153
0.08572224237592900
0.45008675925413333
0.08544846404223183
0.46655293625141947
0.07496371555737974
0.45959337031964803
0.08403393741619532
0.51412175711291930
0.08372367459893931
0.44755906497212611
0.08608087999328884
0.47644078422199759
0.07723654074386553
0.44567418960518845
0.08636568089864911
0.47533062498453027
0.08583530485136730
0.46039383006808471
0.08237157101744767
0.47327396647753528
0.08166614421120877
0.47921416109650589
0.10231263119661681
0.51352010238410351
0.08122868390940986
0.47264229278891950
0.07659922484928267
0.47379860263332862
0.07518166903926252
0.47419124230473125
0.07579965852307027
0.46647239052166573
0.08414754260560275
0.51118992626162618
0.08162139652734500
0.47313520221729966
0.08078408410444259
0.47336636038183266
0.06610823507797156
0.45999819241968198
0.08498099843843133
0.48409009428431371
0.09457869708690284
0.47477011088250892
0.10233366615544680
0.48331015133700711
0.10044869726699324
0.47078909768090060
0.08550740684808673
0.47156365883329004
0.08607357548252333
0.47143127823045439
0.09415591531481729
0.48043267635610154
0.09997277465509812
0.47603169730683675
0.10195593168593987
0.51278756123432367
0.08109225276349956
0.46423477904783600
0.08399763138673168
0.47421557874316367
0.07985275055402478
0.47017471546195760
0.08558437335997374
0.51250623056887445
0.08116858807094020
0.47389444590134427
0.08389808548332628
0.50846470048825743
0.08163362949976904
0.50988108617350436
0.08017977803216332
0.46886787382161027
0.09090777099269175
0.51961775493547901
0.08198292536410734
0.45877214987654197
0.08392969305261627
0.48390832353695040
0.09890246455318309
0.46753121331160752
0.08255194152851691
0.48954982518943335
0.08215662887046574
0.48000450683180568
0.06386286935610530
0.46971702004574140
0.07899035550293776
0.48477103581969561
0.09265136310874085
0.53597306825840407
0.08595513601988911
0.47501626758224669
0.08443535263422686
0.47450900446582828
0.08654044453376795
0.46649797641153989
0.07417444574740620
0.45888464489997405
0.08515718246074865
0.47317254925082680
0.07902282460335425
0.48943312426433611
0.09188397446419470
0.46824076974603224
0.07168437809341022
0.47435675450660242
0.10244619150941273
0.47186939803246664
0.08253286178923563
0.47277160439588362
0.07658245122823146
0.44885959865708208
0.08580938296742806
0.46187352498445955
0.08360937032129444
0.47533521527701561
0.08830041655423231
0.47615448820168549
0.09660924776003538
0.47476031266179636
0.07911413047735534
0.46723299174028088
0.07209835917929877
0.51389816512618069
0.08375423829181936
0.46713800266892713
0.08778797491959825
0.47485233002317240
0.08799586442680435
0.48818531213641464
0.07934621179837496
0.47185973848339019
0.07938268195495592
0.47470515743498476
0.07932676314607366
0.47242859769215073
0.08887622441516622
0.44937837485805765
0.08566372592640362
0.51394960478180374
0.08308164578245932
0.47466781928280571
0.09660500091517346
0.46172366686526545
0.08378389893136629
0.46760253684367525
0.07352358626420546
0.47177678387326716
0.07932222528105168
0.47163512960207349
0.07523150411061312
0.51147002989778589
0.08079188847655491
0.46055361473520046
0.08360960129745780
0.47486022154287655
0.08729078421249482
0.49158186238070156
0.08033391241010593
0.50865330128769992
0.07933136328959152
0.46433588485482175
0.08119654724459426
0.47953364351350952
0.07598150858856403
0.46215673735750717
0.08417552754679668
0.46883650756563605
0.09153276578690199
0.45100293405107911
0.08516446638862277
0.44023282484488735
0.08692377282375860
0.44375995222162112
0.08659010326294850
0.46700004132841672
0.08071617479397347
0.51070812647503361
0.08162286195009778
0.44823751553152807
0.08594673166300901
0.44659099863051954
0.08624143403255148
0.46927440694947892
0.08096111929745324
0.48127354836390557
0.10109524936490272
0.47069378476957097
0.08650108675518443
0.47193018742019599
0.08242643556715194
0.47469584276725718
0.07782177474063623
0.47344218845808295
0.07686331328416035
0.50149807938676139
0.07557663358772201
0.47580944830167465
0.08659004745096877
0.46604232708081034
0.08027129880793028
0.44724260200048027
0.08613252777896499
0.47523385107168525
0.08543857284084595
0.44705528402629019
0.08616583041478905
0.46658781382650366
0.07606591577542027
0.48490379263367828
0.09260773662348448
0.48425451530481733
0.09279021176346505
0.47310311235898911
0.07415238235981732
0.51243577574731636
0.08101396481871372
0.50219044162230786
0.07706563670324210
0.47315784752347978
0.08139880239081800
0.47434130754573317
0.07926561388787667
0.49499107322282376
0.06887632787446846
0.48015180642345279
0.07092376666530514
0.48277697118290136
0.06684248918704465
0.52112950309626616
0.08216315526561514
0.47692755408111892
0.08256249255718173
0.51614240568378955
0.08160278546309557
0.44059597474481649
0.08689037560295913
0.44612765387433606
0.08630737289566251
0.44766910050894365
0.08605968403937207
0.47422565408646089
0.07584432076880457
0.46715485555996367
0.07254698785466672
0.45031158205775501
0.08537890764852150
0.47131393511147740
0.09398841253463038
0.47588806109828585
0.08563978725801269
0.47606987245855187
0.08546193460032697
0.48177187169349711
0.10081541584658053
0.45097975866627787
0.08517176862822580
0.48378732997960733
0.06698329722958730
0.51053138294526446
0.08167081925382064
0.47975943590613479
0.07715136771444669
0.51731031543821948
0.08173007294073394
0.47154908758512926
0.08314658204505167
0.51107362503288201
0.08149246036975036
0.46655272710493900
0.07530656467148730
0.47158906890513819
0.08768034827507334
0.46848549117526361
0.08450203808831948
0.48161121029182541
0.09887366921078479
0.44156411202583673
0.08680357314799837
0.47453587206766495
0.07936384445633822
0.47197346868871398
0.08214055906003355
0.47706764276530783
0.10286806280951510
0.48555547116239423
0.08815363275334806
0.51147216644411997
0.08131300385046775
0.51923735649272218
0.08194018172639501
0.46785866863718717
0.08514880812325623
0.48087642849587975
0.07096124114662349
0.50663765524550841
0.08053030990346026
0.48143207319407599
0.10197264668803606
0.47095024139157782
0.08528553067694258
0.46708534657773160
0.08266475069940293
0.47207667259808772
0.09490717243610834
0.46944312374773445
0.08923222267906142
0.47851242178105108
0.06084982378880104
0.47311488027305737
0.08504620756401372
0.46915184536542920
0.06982924225786868
0.51561332574438357
0.08153733843939200
0.51855381370886855
0.08186849856253943
0.45869550868406761
0.08398827285473011
0.46902899730255887
0.07009693034145668
0.47109021323378120
0.08759955531024992
0.47270242219296660
0.07156753605554753
0.46621614012625906
0.08396413659902033
0.47504523397222598
0.07873536564163254
0.48397601789171690
0.09987815033500939
0.46909582845733039
0.08079862066816393
0.51147985903737703
0.08079452016170439
0.44652019946921367
0.08625128443775763
0.51463244060097468
0.08140546926745132
0.46762687972729899
0.07141323863581153
0.45537370145504830
0.08400188905787301
0.46769560437889235
0.09275911058772969
0.47039160558780380
0.08689375186839364
0.53362737677788341
0.08499029479268980
0.47168261082151208
0.08542277354359311
0.51406092627514677
0.08367076690757895
0.44759723528287548
0.08607472778897660
0.45789393725783029
0.08362256418059076
0.47722806485071373
0.08854125463980522
0.48320720565935071
0.10047327778014259
0.50877097877219957
0.08411858389577247
0.48042138920586575
0.06561390310812037
0.48187531510872617
0.08241974774374050
0.49595147582678845
0.07039001571742448
0.47725721750009437
0.08881051019951480
0.48863999744283659
0.06257424531421124
0.44749359900882341
0.08609390765839568
0.51536252545486017
0.08150453015347189
0.48814767415560223
0.06264854067168309
0.46965601154096964
0.09407260216623686
0.48061180438083956
0.09910692480921761
0.48126815175246829
0.10108874973245158
0.47527057452917654
0.06683028376438026
0.45009112182446231
0.08544779588814393
0.48153171315924270
0.10088479534503711
0.46938486206882901
0.08561499923511642
0.45999123989045776
0.08497558423978860
0.47225615677908916
0.10146835407824835
0.44725674517584690
0.08613267359845282
0.47178521572046234
0.08539020770508321
0.52055422795024464
0.08209247538567084
0.48774243042614113
0.09049419238649922
0.51218379328484176
0.08096428676005415
0.47614429367916211
0.08652448592363829
0.46550087718286104
0.08393725876694712
0.47299600187436852
0.09071816152210435
0.48248409065995090
0.10062251570088060
0.47112280512706106
0.06977409548684767
0.44779483964058292
0.08603778788202902
0.46893771390569172
0.08459645448832079
0.46681894402534929
0.09086905398085314
0.45016674240334942
0.08542357517711861
0.45807358898430750
0.08535052886766656
0.48113407704518629
0.10073777744001410
0.50286389862681791
0.07146080337399455
0.46629474624073808
0.07953031046884659
0.46849300772980423
0.08203620845373538
0.47486785947433940
0.07893459352652778
0.46688121786764297
0.07734111022954822
0.47624994415521521
0.08964786998524607
0.44930875010921995
0.08568466979808884
0.51461435887699714
0.08140286125978077
0.44728199002389007
0.08612876280859345
0.46613304432885871
0.08031589907255623
0.47022478841046700
0.08541326621007295
0.47957965451598772
0.09385222069881317
0.47180014702229528
0.08280633625399217
0.47126374147188688
0.08792518811709082
0.44888828942435188
0.08578986544302779
0.48159979147295773
0.10087688402615512
0.47627473580302288
0.08968188384319034
0.48313426201891546
0.09496521646893116
0.47164191741284062
0.08595554128598526
0.50362150143461903
0.07241901287870237
0.48447902706231916
0.09825112859748719
0.47232366827042416
0.08525590816002074
0.47707050710122634
0.07705602444321426
0.51375038821341867
0.08255144692551565
0.49194776614568447
0.08760313771917030
0.46152302363756337
0.08398074151423976
0.45878771669020219
0.08517239514100629
0.47116140576082693
0.07932444088261974
0.51801996768083070
0.08180844598398607
0.51178425864923216
0.08086464727070528
0.45833250455212843
0.08528784685853844
0.45152717282895255
0.08498779483120895
0.47712163365833427
0.08817611314718132
0.48110989750811911
0.09894904115786028
0.46705953515933130
0.07277722959527834
0.48996815223623996
0.08498661510038559
0.48776279599542488
0.08232338179342653
0.46856899785872441
0.08238703757511390
0.47009148260422240
0.08532885222897858
0.47291290111167117
0.08462698760054058
0.46193892823012223
0.08387918711326321
0.46706765743526107
0.09405211720945947
0.45036610806415611
0.08536846991929942
0.47147760166093960
0.08340868780899831
0.49022796593980184
0.09015132164668768
0.48038338349803333
0.10002089480435092
0.47112774539581337
0.08574839552262280
0.47207871904322568
0.08252790070382017
0.44252207117296538
0.08671799284138898
0.47121674571544209
0.08426548601278640
0.47129011280529132
0.08523630633513664
0.47844146999878429
0.07648483142407113
0.48176925436774931
0.10081594247022409
0.48758003292706281
0.06171595448330913
0.48329222138379851
0.06328001978204660
0.50808141054103162
0.08141823352061224
0.46747876492640050
0.09321913785149447
0.51327251034264953
0.08171776831362243
0.44358345320747072
0.08660965290277088
0.46810035748320800
0.08297747437349717
0.47554920900204306
0.06495096795975523
0.46761393459282996
0.08301073024084167
0.47726873876490905
0.08874639864920239
0.48054084565482408
0.06570644663479640
0.47363381186784664
0.07493118638848693
0.47447658212885785
0.08101866751672393
0.47314671669677821
0.08118300585766201
0.45283635356343838
0.08462006623938295
0.46692816558477473
0.09452067340567737
0.44962731569285808
0.08559066610231952
0.47260989792061325
0.08419479697635139
0.48756376498224857
0.07462597912938451
0.47939834791909863
0.09040384379324612
0.47279757743620487
0.08067542444424936
0.47275145300498111
0.10172615817556599
0.49018543542132226
0.08599231299784919
0.47217838720041533
0.08511652256045296
0.51190985054665128
0.08090498269951660
0.47104208579633061
0.08530162969308067
0.45244443394828082
0.08472284284972063
0.47193560429338199
0.08606890598799838
0.46917344202454692
0.08192587201012627
0.51709230198538236
0.08170727135304240
0.47221692574618235
0.08512698232314568
0.47205969941799530
0.10135040851595936
0.47338558534588854
0.08511287953056039
0.44758931644361472
0.08607613832413444
0.51344775145551669
0.08121696911322568
0.44870886690762812
0.08584285823301221
0.47770692249655949
0.06973972665241943
0.47331715120129852
0.07681610195576867
0.45417410709745354
0.08423382851426905
0.46960883781947316
0.07995710419678931
0.47330645920788528
0.08509649380647492
0.47151856475356058
0.08356006250831041
0.46763586219247288
0.08537503465767296
0.44580806558643887
0.08634929514848561
0.46600518037315425
0.07742538984239247
0.50123995953361911
0.07524203168944255
0.48782536266630422
0.08163495974525417
0.47779726454518612
0.06975462365675755
0.48278915648621035
0.09766935796761360
0.47726008662024677
0.07693426239027322
0.48314473258680457
0.09974557400084967
0.47086268188146402
0.08638982494094183
0.51163259856814902
0.08123102928173591
0.47469445833307256
0.08729858311328953
0.46610238746242760
0.09761841798603051
0.47352509918426344
0.08241876407139370
0.51683156418876230
0.08168027796266222
0.47262956500559877
0.07662037785154041
0.47729703494056347
0.09109528601686731
0.47515879589878984
0.08841960720256462
0.47090525663083510
0.08561589955064597
0.51222986917181879
0.08094405111235961
0.48973373778964086
0.09857684336174154
0.47769474058901962
0.10049273441770883
0.48309230189636809
0.10025839026147615
0.47734286261688624
0.07741869770988655
0.46611776444435454
0.08035308067287675
0.46836962851217778
0.07082962410664356
0.50322940431215202
0.07190014129198746
0.48013967098011845
0.09923474759428627
0.47790868405109999
0.09165000737792232
0.46714594086318756
0.08229088660333855
0.47125992489291729
0.08531462515694807
0.50866483544206342
0.08164316436717065
0.47121052476451075
0.08534530051674344
0.47148939882860458
0.08825949081280580
0.46779679472654395
0.08700579434584170
0.48581256256463090
0.07475757796112693
0.47447364847355333
0.07627570471984850
0.46362664307973267
0.08292315873849396
0.49141310534295429
0.06765564187797432
0.44509858841554550
0.08643630383586928
0.46871068454141634
0.08408258105090610
0.48048886333985924
0.09993036309872660
0.48071030325856245
0.10058263925036515
0.45663441241643832
0.08376591209988370
0.47166919336109231
0.08385895720494167
0.47625171232855801
0.08737714131039798
0.48559511399711530
0.09914417488673727
0.46747713959663456
0.07685486177192316
0.47611032493512828
0.09654485823213987
0.47127746163994100
0.08553209083693802
0.48199018799975757
0.08683620981857829
0.47920781086323638
0.09919521193033690
0.47305207210168682
0.08503638995655878
0.46633285356650012
0.07505680591183897
0.47537555657050989
0.10165511176248086
0.44706883091039162
0.08616267030758090
0.47847424447404741
0.06990655982563435
0.47102380989405573
0.07784679658874220
0.47267740442471645
0.07173322666509531
0.47178189970526779
0.08260447675805273
0.47215485591325090
0.08175329626804670
0.47177664365212946
0.08687405582400906
0.48184078116628637
0.10080036383707591
0.47169501183168672
0.08806000720803062
0.46694276164014753
0.09142710447294722
0.47863400473062656
0.07642797148601924
0.46725791755713914
0.07204459625557330
0.46027398122796137
0.08393333750684973
0.47134830579758902
0.08805253703744453
0.46903221803372630
0.08445373757741623
0.47114364441699608
0.08736989665597332
0.47450100544606083
0.07632797141269437
0.46605636623844443
0.08302263463322671
0.46896483169122000
0.08086269265883447
0.47233768266736809
0.08214365487961629
0.46726693792220653
0.08404956450643906
0.46613567464746780
0.08029973560235565
0.47541144701214100
0.07173164164375766
0.47458998268320807
0.06282400817528604
0.46677931967297936
0.09128564863518455
0.46772349059987089
0.08739274091703751
0.44879272532626130
0.08581936036053751
0.47386905678912977
0.08641419940840425
0.47157221343926281
0.08665753687129710
0.46935385879542668
0.08129160467906543
0.46599977233292600
0.07774352495772943
0.46608716386077620
0.08990908182859871
0.48163511759031330
0.06958237491877883
0.46118686161813194
0.08423870923412709
0.51393991763794467
0.08130189047160011
0.47127022097596916
0.08527537165091040
0.51201844160721655
0.08092601255564429
0.44631497792247821
0.08628185219502643
0.47110032451285710
0.08531661390385793
0.47186653305682114
0.08686108813920713
0.47705863189680792
0.07706309100028891
0.46872385192858668
0.08598883257287532
0.47454365556921591
0.07746152899474817
0.47056112572622744
0.08508802093233889
0.52105697385380201
0.08215418673963204
0.46784678021497306
0.08705607746169174
0.48534584869625252
0.08822282839879994
0.48140742090663213
0.10084409535308070
0.47588310455058225
0.09507681834604155
0.47295630368812869
0.08502638610037294
0.45893007426417459
0.08514518498661731
0.48073361685196536
0.10049813889623686
0.47682754660416315
0.10247392412495507
0.49015715955140104
0.08787201315701407
0.53345259434243464
0.08492865097579934
0.46614304777249493
0.08166258262438675
0.47299170595302281
0.08112553070959055
0.49027347570995350
0.08984828117070656
0.43015562822968006
0.08953657794469108
0.44785943632753800
0.08602399894980871
0.47337183228105922
0.08509594569678938
0.47105791195590901
0.08530558624197405
0.48252849543825205
0.07880591010511094
0.47542821903733601
0.08844886593524909
0.47660209745578264
0.08492094484759453
0.46748845685307056
0.07382829754633746
0.47816715548282868
0.06944031229722536
0.47126729079731389
0.07678600358476304
0.45876882651059581
0.08517573854868675
0.46594787064925602
0.07986386441945061
0.49025927165955485
0.08995911184573122
0.47249897717758721
0.08555510040921907
0.46620647131867321
0.09041710172951355
0.46632884646538331
0.08185565673217296
0.46938182316064359
0.08559728281273164
0.47799047093676206
0.08370267356303485
0.46686423526312348
0.08299972872972509
0.51015697968774498
0.08032364427265080
0.50311782621535450
0.08087339699872030
0.44056481782441509
0.08689325509402074
0.51281286234168055
0.08109925385692536
0.44951680905609037
0.08562334336928647
0.48757163184449165
0.06699471264731113
0.47470613237567144
0.10207595339557524
0.46391410484984563
0.08387758782738435
0.47264035508872665
0.08098667403248065
0.47416466926434514
0.07007702073924994
0.46715621865772200
0.07967676451111506
0.43445657273915950
0.08796212728223449
0.45575231617234169
0.08394329762389666
0.45427520700593310
0.08420909037655569
0.48302187487525294
0.08211560039903724
0.47408958946985436
0.08469288571535817
0.46680343857068929
0.07317857321142104
0.47131769499084814
0.08420695124970483
0.44908665351812299
0.08575083631109189
0.47682648335609884
0.07044171925595213
0.50385746151863220
0.07831657795290355
0.46660340439880571
0.08065880009300685
0.47533150966247684
0.10272382618982072
0.49607130424790113
0.07016043532454411
0.46700076709175947
0.09145154082780825
0.46719191268847360
0.08396579348884402
0.46703822703734355
0.08809828843504840
0.48090295750815593
0.10058042263665322
0.47193178751449938
0.08276126899552023
0.47615665287499226
0.10302227956313585
0.47133662486572836
0.08598001491462816
0.47499943958811147
0.07885287449383083
0.46823301001031820
0.08186188549711054
0.50873325404714176
0.07925108339574397
0.47651622461876353
0.09762107664325517
0.46216304292522148
0.08322652210478203
0.47277024415871916
0.07781885272469910
0.47672670121592065
0.09074037840940219
0.47091057830115346
0.08517547384746742
0.46488606187332643
0.08354827398875928
0.47687750622077996
0.07715968761434644
0.47275419826384274
0.08161062257731176
0.48418025541956489
0.10034988954426273
0.46767032772617823
0.07172741764242718
0.44438928026565527
0.08652040050123393
0.48035756058622475
0.10026699582682180
0.47489974273295543
0.08609615097630965
0.47383359170064865
0.08025309966762430
0.44806384108154923
0.08598585460744576
0.47107668452675483
0.08272093081245470
0.47462501887370073
0.08615595227586562
0.51993855454483340
0.08202016068163274
0.48214312110931412
0.10069677145692849
0.50884757103978173
0.07949411347936583
0.50863359718784129
0.08163450476882358
0.46656846492323772
0.07441495828281938
0.46739737869513748
0.07176058071968547
0.46953088702879997
0.08053783290283598
0.48676804728499418
0.10023162975838426
0.46210434264518174
0.08333815154083093
0.47220620505146405
0.08558572743698850
0.47028319139489883
0.07768167281169712
0.48092739724085609
0.08831092990853415
0.46764345426127113
0.08135360991195348
0.50754509970887218
0.08194850343479304
0.47437541712059128
0.08431749733752784
0.47126207683006915
0.08433125165756232
0.45094710898861329
0.08518202848342611
0.47364551419700029
0.08286745789356656
0.44923366796196845
0.08570548975113736
0.48078970379614766
0.09289737548106700
0.47227849681984591
0.08040573710272361
0.47099709128749184
0.08539194353307081
0.44048414265757935
0.08690037494137748
0.46685110912322142
0.09137064844184754
0.47559751287877428
0.07819556976018466
0.46185977975051168
0.08362552507798454
0.45830222969530704
0.08530054444703448
0.47191936674953811
0.08244504508098090
0.46034473957153610
0.08466015761611098
0.47605507343314357
0.08921718353850336
0.45893532999939401
0.08512497187108847
0.47626103480728654
0.07762935304033014
0.47484420247551007
0.07902625172344677
0.47288211679986814
0.08058639532849241
0.46711016435603614
0.07967301446483818
0.46647868650847196
0.07413223340683231
0.47080052703517233
0.08854567599777576
0.47312994592802382
0.08504958466300161
0.46985866500836193
0.09409567251318891
0.44951194147186191
0.08562598140270575
0.47217941689834120
0.08617847613013155
0.46787451277579895
0.08829269735252838
0.46783775141807021
0.08225196235486265
0.47045693257213955
0.09088422669837200
0.51153562746424863
0.08080892698406901
0.47127416576985587
0.08527719469136964
0.42539981014205669
0.09167616887696145
0.44963729180532286
0.08558652230130284
0.45107925103528135
0.08515534469984666
0.47271331831072694
0.07738663700693039
0.46198572446360231
0.08348422355474586
0.47848893966743411
0.07080948902926976
0.47385732639953687
0.07978285107748037
0.48951215069760001
0.08459992519161873
0.47882641611754762
0.10671417023612756
0.47737723143693084
0.08933629204039477
0.48055349117882962
0.09959730340841486
0.49025405207567746
0.08939620521807715
0.46908068971114381
0.08473863837058168
0.48055368703006285
0.09914956610674368
0.46593704962385601
0.09873957124664196
0.45954241039710247
0.08497069015807419
0.47659312703136769
0.07736678272021058
0.47274564017165382
0.07343120333572821
0.46655826327259903
0.07559226891587201
0.48970624087519427
0.08392462611519076
0.46613794743341114
0.08028585800558066
0.48005239318341075
0.09968009880070507
0.47496936663318762
0.07911791860286305
0.50066163299940203
0.06913517363804438
0.47837759891583664
0.07080652225339355
0.47079104619875245
0.08506451075479884
0.50040443560790904
0.07381646069112530
0.48068464986031995
0.10047482826237876
0.47702143980140638
0.06525127863991549
0.47380124714110727
0.08354305481176787
0.48612153506746358
0.07740471031590110
0.47621021757014792
0.08921175140221452
0.50386262804581838
0.07832111208265451
0.46953455182184889
0.08012918362961602
0.50843161929810732
0.08156972893103667
0.49018784296263695
0.08557392735278795
0.46606004815703850
0.07725908976102809
0.47457987612412528
0.08210533980961826
0.47282852972053124
0.07805419125479206
0.48563097890027962
0.06879309984321444
0.47505840683032702
0.07875408044167201
0.44975228802071998
0.08555150302844364
0.46729283635446384
0.08313027065689836
0.47487336091035132
0.07895714512554940
0.47625127270781742
0.07007002509007042
0.50977705557559250
0.08012258909823616
0.47667784009435848
0.09504443229833451
0.47570240544580056
0.08570948295769903
0.45982495559868430
0.08501549447900268
0.48649493650278380
0.07772931223823887
0.47222733639068581
0.08512703886486711
0.44160331760375848
0.08680034333291198
