0.03277298676615892
-0.71805264549792192
-0.10987600729537157
-0.48601167242575471
-0.20997379290720442
-0.34566379425331301
-0.39273330848847809
-0.06970717921414693
-0.50161837322474734
0.05497405912012593
-0.67779111425365624
0.29260636975664367
-0.81607187750460564
0.37719594299721015
-0.95608872083033836
0.59268767983015025
-0.99796765033140189
0.77949348059803769
-1.10186000024991904
0.97257074513507469
0.12851659972175472
-0.55146470036033168
0.06289437540449955
-0.41068538822292344
-0.12425312067434688
-0.14753678718116583
-0.23158492243884810
0.02579864824481343
-0.41659205373148334
0.31808180908489447
-0.52248388393505285
0.41670141358308355
-0.65627945299675305
0.66799403235213695
-0.81766989322247263
0.73042577314693335
-0.88333805286000300
0.97282039901903250
-0.91822086766293309
1.15441676289924056
0.40719930118025477
-0.45575882917056820
0.19456262514239925
-0.24144433341926183
0.09569421199213257
-0.05717441960139057
-0.07570615326987006
0.21398016677830653
-0.15889073584675820
0.38284341634043884
-0.33193746109650446
0.68720071097885160
-0.47298414928660160
0.76805859726618331
-0.55360936418431628
1.00278686137347917
-0.63351531532595484
1.17493923364127495
-0.78762326977132313
1.28112629626860186
0.56778343500898687
-0.32571430979879801
0.47808470977508355
-0.15702770504345759
0.26170537368435531
0.08218999358909135
0.19974764913655094
0.25633432657041783
0.05202542853383979
0.54907631024996884
-0.03433384667452965
0.74199244042098833
-0.18493927824873890
0.97723440475631951
-0.32825028535848172
1.09368069936040824
-0.45351557224082517
1.30606021078082035
-0.45254606965606226
1.46145067644297355
0.88123885874803254
-0.27821299101610775
0.64731748565750402
-0.04234354774461498
0.51442246797224989
0.17384391956639683
0.31862651868267822
0.43754913507887128
0.33134978648225527
0.62508771274867181
0.21119054691015465
0.85302797601239633
0.14563068062165602
0.96725904902834925
-0.02802328334869771
1.25256178328037793
-0.08372928307336204
1.40538230797607211
-0.21546025384141421
1.57087260361431968
1.03319521889318744
-0.20934288773838705
0.95051109909717280
-0.04536382185860065
0.72433004827406999
0.21730752546994725
0.66762774571079619
0.42918396522206964
0.59289962369106686
0.66046310561550403
0.57833946272461667
0.83054532981218099
0.40493961845873827
1.06127826087602894
0.36529006871840630
1.22738494982285262
0.19150900973963686
1.48612370724141463
0.18239112590213408
1.61996399784404077
1.26296878485858133
-0.22000330033342691
1.04033046297882059
0.02127031856139876
0.96134573743767138
0.19698155628564157
0.92094410616494859
0.42660642747736865
0.88708993205816355
0.65071642387215201
0.79560024179739663
0.90358611540153688
0.74116953163201749
1.08702033197963721
0.59064003374623253
1.35789669162080640
0.52943724110890722
1.55014256107074866
0.42888462605826999
1.79909754058217097
1.37167875952950036
-0.26458771190896746
1.28957867491274314
-0.10719846745671840
1.13342964070666774
0.16430573837261686
1.17603994842639925
0.32354001419788425
1.12395828504344530
0.60425791518044858
1.10000550104183836
0.83222822017590681
0.95616541182861559
1.16364985441265634
0.93220594512290489
1.35012624824993921
0.77685627055628248
1.62280249042544344
0.72109669672968812
1.70685823088706612
1.45285318474997172
-0.54667086937024978
1.30388621059938026
-0.28154339609650447
1.27283467373164938
-0.12631035735472296
1.31917901187430497
0.21141780727029347
1.35200182593484475
0.45593673144435043
1.28045809259685983
0.82916017081585414
1.27412318420736770
1.04330660613083670
1.17090513416597752
1.36023017319694994
1.07057787767861146
1.60909338106359079
0.95267449355868683
1.78290315277404110
1.43514568522255925
-0.60707452408163720
1.38811564661942577
-0.48501887840900820
1.42466914489039675
-0.13824205496162156
1.48651620451696020
0.07423455528575298
1.48846206213434318
0.44404580332831467
1.50283275931387927
0.67432188217897038
1.43561015456332020
1.04181406087002459
1.41674884372406651
1.26842244626591061
1.27546446479942488
1.57902479739197088
1.21914339526320958
1.71664344138475222
