0.11514319770118170
1.33956096656022328
-0.20204974754398097
1.18418586775024548
0.30332904939851113
1.15832322105149177
-0.05774224126053193
1.20981537933526551
0.46221009758283216
0.75088092057389721
0.41405540395496809
0.67750516663077753
0.62810357150010487
0.39492285191178922
0.33307292330653054
0.31376320007464009
0.83641846740486803
0.14652209210845329
0.52633453872715807
0.01812991812835754
0.80053291554203132
0.59746559626890083
0.66183147269119236
0.39371116706365877
0.76387202535339038
0.83063725203267702
0.81009707121160457
0.54557867814759298
0.77225049269465973
1.03656156381983688
0.92444180018514466
0.78014407010232567
0.48082384379546245
1.06181997881151813
0.72924452262329831
1.02763633691166234
0.19363388842371715
0.83848354734156194
0.37759144266569888
0.97373448078657243
0.10607719334165587
0.39902571289181410
0.10342426018118714
0.58262102748520839
0.14159765648026570
-0.04625941654748578
-0.00115593097950722
0.22988263663561878
0.42259810292292721
-0.04512035307568635
0.22746505208520107
0.12771380589344783
0.42452894595494806
0.29244457840714655
0.26848422530538119
0.09024793209977175
0.03530170126979587
0.19886764896195269
0.45164423508321228
-0.08804906224355351
0.16812637361225463
-0.05279731263269767
0.51414940498549111
-0.25663801244613904
0.23764963206680362
-0.11184536025116815
0.43734001952483920
-0.33577909956562657
0.27022739215958957
0.21425977930938292
0.24459939225982125
-0.21229560863575750
0.49071921976537758
0.20087402236981192
0.22120580571562676
0.07484050518401157
0.48973616652154417
0.12835010206725803
0.09962326917317810
0.50197718925365620
0.13440524654855521
0.28082254644778931
-0.08556669260369762
0.87240737609523034
-0.13111258979371657
0.53031837221858935
-0.11659851965410317
1.07177833524115762
-0.25015852630487406
1.10638236388867917
0.22435021633174290
1.26772019740505004
-0.06144090154815762
1.10511167509507424
0.42971913059485811
0.99418490558179085
0.12382830497799024
0.95828075295109738
0.78210890253194942
0.59841017486752623
0.30814960782059009
0.48604548676601733
0.79414321792114684
-0.01825202410479243
0.47837081892033112
0.05340374684899162
0.81302248174017189
0.45400312597237258
0.62623852470336294
0.16018304905106612
0.83466698629516989
0.83206249186952608
0.73403047678105093
0.58711431969285699
0.79469503373153327
0.86006443874671845
0.90903444928973010
0.56872952368955310
0.63691419765972102
0.99774777589778529
0.81004683186160076
0.84715148871819346
0.26325158916682984
0.98717757540255691
0.52669976822427156
0.96715511543458876
0.08535953568690469
0.60873644562236850
0.29875239703009654
0.75207459284094713
0.10848450056010032
0.10359323960387889
0.13826814778458824
0.33795165629471413
0.29651225030572231
-0.10558028213650694
0.17387950468538566
0.19266060228903037
0.36373688615749378
-0.01438372605891247
0.38053471232706243
0.16297490933682512
0.03109745277775766
0.23655735809765835
0.49102084266543550
-0.06247151167137702
0.22274396507839644
0.04160779387804044
0.56934467339819639
-0.18122504450428675
0.09226836213392686
-0.19295406331281778
0.48793894044913833
-0.30621273139132865
0.07369551770399280
0.14205392419575333
0.28063951566906298
-0.17296909074943287
0.50732791938222410
0.35174794983319591
0.45023561258804540
0.15648289447894845
0.71537631400078050
0.42611702237544591
0.25092978319920944
0.48565715016636635
0.38721323122137519
0.25931062312222619
0.04204236145350866
0.84768919867863191
-0.04930005353958519
0.49637452291847750
-0.01355267604099423
0.99017585994508628
-0.14128216392987053
0.73196058993994373
0.05866687524420064
1.29582459084570134
-0.21739917034111406
1.00847996677410667
0.25465250258511318
1.17833992177066693
-0.07163042860501839
1.02298737787821192
0.59855537871356668
0.78787385387140940
0.28645163072670143
0.62030865542447966
0.66051018677364948
0.43474418029825201
0.40068724536459882
0.22807923647160949
0.81685062323765711
0.18048721786782498
0.50998048323573386
0.03726592734083964
0.75490220474263348
0.44298335969648966
0.61391306464107676
0.25771635132149845
0.80020762717673444
0.71307897052055758
0.99419399069869885
0.30445814001934329
0.77742502624011989
0.80298963031857484
0.84536463133188322
0.67565515384208119
0.56759098974641897
0.99684280456109686
0.78421072335966124
0.94096713787817188
0.34169736905333314
0.87928975144988741
0.59194276078920294
0.97894246923572537
0.18341415031850819
0.44426052404005273
0.31184093931922202
0.58613070547358304
0.19708939917551810
-0.03433553256746030
0.26945416057748411
0.35568813923176684
0.30750089978078238
-0.15407853081039785
0.49484114219216452
0.42144988922438947
0.14988402499379838
0.18257188344134045
0.48040891718625295
0.11404976136174248
0.22034218779450526
0.13327827776631457
0.70317312568697110
-0.07099233755115023
0.12791647093853264
-0.14648179545610068
0.49394044713690327
-0.11667121626865057
0.11991210550017023
-0.01296028824627365
0.38606381831101111
-0.04769087910528413
0.22180229946134811
0.34754372477249446
0.32167707906337761
-0.03707225279005016
0.57030815913832178
0.58661910126723049
0.29746199173266674
0.48065063641142836
0.42912284404807965
0.50064488402071494
0.14182799915813818
0.86312363343504428
0.10007176084182898
0.55220178106702322
0.12516797242551456
0.95092071457959881
-0.07817460207113565
0.67039816477025715
0.00824717085751263
1.09997929567792974
-0.14256744375222888
0.92178729791868519
0.10418023246300502
1.23796109570082380
0.01593277039540869
0.89151468058235084
0.26963613768368699
1.19380562884150399
0.09145281454429810
0.62003736694210243
0.55222029251300730
0.69626821906258685
0.33783079798220328
0.34330635654217589
0.81708941916357936
0.36442007280241528
0.46511177572440715
-0.07041241169889059
0.81963037300698349
0.23077808350248030
0.54876735423475254
0.02303114130185652
0.83194062197461016
0.48095286558044353
0.82281249138903834
0.19793670534333613
0.90579215950866243
0.57703485721215020
1.10074825478721228
0.33714974402928266
0.75486908319051260
0.88222190337729445
0.89754857893067042
0.76165619114618432
0.49838421875516042
1.05813394651244663
0.85978605685338516
1.05526187177253261
0.36459671206649596
0.72502187553917830
0.55635580144763952
0.79502650345829062
0.27192912834508498
0.28268997017386360
0.25292448447993071
0.57395264034427129
0.32824456207865271
-0.01974522978551518
0.52982641665029151
0.31334617779190072
0.39930762871881531
0.14707267544670038
0.57923590187471508
0.31824875842504668
0.09081681861941154
0.07986727034422789
0.61622753630630434
0.12615170231169015
0.34355070047418446
0.10480152853466122
0.61389574032320748
0.06757641170784234
0.12679888394075128
-0.18071866724976476
0.61072517087979272
-0.08333032292868467
0.22626929409990415
0.15990283438999378
0.44693400413885598
0.08731903832041066
0.43069324986152929
0.51689190132321694
0.43176326460947667
0.38611705405531704
0.53471253561536058
0.63855708877438611
0.14575547200499334
0.65787684683697756
0.11916367685913740
0.53195468477788654
0.23154964039195772
0.88482234204709398
0.09338625693400746
0.70896338184526964
0.10479161415869545
0.97295545867936073
-0.04020326449019797
0.66347518131109418
-0.04469666748056880
1.26959594055504277
0.02158726563650078
0.77262276640056693
0.14480556072253636
1.10039427628244102
0.17073406031632521
0.72879222370672259
0.29673450054656031
0.98310094733941900
0.31540441634806016
0.42633130330594732
0.59018431234161317
0.63415097663090703
0.47568509881079080
0.07490328585712236
0.81928582346708390
0.33968069615573215
0.54617999285809393
0.00647350827939519
0.85820953993253712
0.32963773756466797
0.69104700514025108
0.10138384741402523
0.97194784799161449
0.47743249161877205
0.96442868613802446
0.15511093177475405
0.91874780001658662
0.90468922769991245
0.92448480624553664
0.66930603358741025
0.74258494422892773
1.03151222140592447
1.09013456426574384
0.83936158825067009
0.51478506961657033
1.06314465873254638
0.87202966170655438
0.90213739616095201
0.38204986986442269
0.90147604484541743
0.70936786096171256
0.46828425636507864
0.64684628860756588
0.29257541633875628
0.71249356127630903
0.38180260342050271
0.42011399229798002
-0.05325072772703571
0.69975979743769035
0.26933061325689178
0.26598088690044253
0.16525691736052306
0.57797134259821825
0.29958906209470809
0.28160859805894389
0.25236009231597728
0.47913567134200685
0.28346341561458377
0.19607506756525631
0.06741999996400660
0.43667298929419396
0.27146259867924849
0.14652245125090271
-0.10184782532470797
0.55981512599284311
0.21180315390027146
0.28631220820400199
0.42730959030215199
0.54965529562214654
0.36166408327145921
0.44758623293215677
0.74582736771032443
0.12701616470758326
0.54348015600639332
0.33257250369775093
0.86512354562421645
0.55562567897478754
1.03190441936052579
0.12577720759530758
0.67308272996216600
0.19960939284058177
1.05180313788113011
0.09880344553666411
0.48412832209802253
-0.05713881256270814
1.04820023451785227
-0.02154361487919863
0.63322031114999955
0.00816931175386053
1.01247377193367427
0.06356233577997331
0.49876725566313379
0.17074235320134701
0.93871959816471451
0.20435166154474468
0.39851179241514367
0.33560830033406563
0.80504430129186377
0.35151204685541315
0.22276945859667438
0.77347840343381780
0.49347921466377065
0.60769278643802227
0.01344658046253422
0.83247678185641782
0.39403642575076658
0.56012891184123781
0.10331722719084241
1.07245997575414798
0.40107377564390190
0.84573340890239845
0.13195957342771020
0.96428092743564942
0.56952261343772403
1.07826491516014045
0.39376187065074442
0.85270674977352490
0.90407475759232847
0.94207286601414408
0.75695881374787688
0.75471466059380987
1.07894585068590887
0.88149839360062787
0.87927701554235649
0.67296229207331348
1.08705421627872711
0.79610938883506144
0.61816279090427395
0.76870306605998506
0.96106580004683040
0.76835064517586171
0.32366424307284752
0.60420954709342556
0.38893702816176429
0.97377174407677503
0.22094215040591719
0.33138237435690082
0.07796566631066079
0.64197005948407748
0.19852555331024399
0.12131493884926625
0.24185399718176909
0.55059057135736433
0.22602968790274414
0.20937148178452988
0.32039167892461878
0.55369565259773590
0.23851987483021395
0.12990856272801204
0.06075856711408226
0.70468678585009448
0.25681866392570563
0.47585147107164322
0.24243981493628841
0.60520479645612346
0.67007107847872271
0.55792533917532638
0.68552427320537168
0.59904019867962521
0.59551983542170661
0.40138515221884663
0.93065822155417555
0.56972042684255408
0.69765415853762358
0.26781433308022079
0.84992874653244943
0.52671513740667764
0.96289290807132266
0.17185385195416750
0.39615471905135141
0.22605168719526361
0.65265267333705168
0.25332566550606089
0.42622522553690634
-0.07565574836221239
0.90156136530647590
0.07889961575199560
0.42256724886582625
0.01967072878697733
0.76898578301348353
0.14367438425590115
0.26239123314958990
0.27010768939845575
0.71706871737739575
0.25651735594210157
0.26674805745878050
0.48434382122792191
0.71404661147031256
0.51066335870645130
0.22474956579360805
0.68647380446564110
0.57694097439082737
0.47797982676050399
0.24166430429469440
0.81542109072754665
0.49852837257117277
0.64421796297265232
0.21223393348913328
0.91235869384216661
0.57122479433684270
0.99361913246247557
0.26796623099122879
0.98882736940672045
0.99378655867643617
1.10828724651413446
0.56231855349121806
0.84065840238358502
1.02711252607324477
0.96757588613148737
0.74685541085936047
0.73894452378239983
1.19498835525499847
0.80563523334880283
0.82440613871054969
0.77825964307794215
1.20948191793014148
0.82366828164412775
0.56837300384729339
0.70599008924438689
0.83870641954283331
0.92954343432444031
0.24881030134615129
0.45057173756686314
0.31559653832540602
0.75424012337744162
0.09088657927940327
0.23526387600143200
0.20400050886429039
0.23768152927597525
0.29691064622728403
-0.05692519184689673
0.24337702210961132
0.42517979543156637
0.69936224176717376
0.13105910689389974
0.27982499982143283
0.36986101660675508
0.66748802693664822
0.29983776066009882
0.24607379999433751
0.80614101553804685
0.64895328457439205
0.37402330157553954
0.57586533769538173
0.81886920774544913
0.56324039477614474
0.47230112134166974
1.01434792200151547
0.76968251317773362
0.73258185970511780
0.25529120231716412
0.96504738300714510
0.56286105887599569
0.92434254287046502
0.31019276204782331
0.60147162965895129
0.43881315483919164
0.76416594344236222
0.31489631635216547
0.24868305985575712
0.33848496624512769
0.71723381573935652
0.07512060686594921
0.36573326478567031
-0.02753813239641659
0.66591414436456964
0.19938797551821089
0.29268404744926163
0.14530851961441321
0.52289181838843635
0.19593619641005011
0.08543924471624725
0.48108149796610206
0.62376482048140036
0.40826874295672594
0.31173436017097411
0.63638485755851337
0.75243522761806392
0.48839799881166096
0.40078730720620775
0.67793436432333198
0.67108836628178481
0.31429678457074284
0.35144153830974706
0.81845558541322683
0.63621553541434694
0.74777487036910906
0.23284402426896950
0.81716744608072200
0.76734152922673893
0.74657985201561827
0.58990531525768941
0.84963299674183113
1.09884354023195074
0.93168848895347689
0.61298319704016935
0.81305684153382773
1.00523652750845360
0.83337291922434853
0.70311407357319511
0.75106069176573653
1.11731721255774752
0.78117513116615722
0.72793949286347570
0.79346089306505618
1.00912534994413639
0.89731219254860617
0.41437103129792008
0.68184174026375532
0.63099301763217586
0.84737450608664244
0.23390567377926652
0.31255968417854785
0.22239618427704144
0.61372925723800176
0.25198624496549277
0.16397141934187581
0.32770640076341806
0.35612616326607310
0.57571290537894582
0.16852442474297080
0.43085477348502421
0.42485042302970893
0.65121903054255292
0.30313504603793096
0.38547365202250838
0.55184312040897643
0.62693657615332676
0.30452538992582906
0.45120935080489966
0.74080680735363480
0.82516345960841275
0.40677361488184033
0.95398494008334644
0.79488727889768018
0.84243014284657780
0.48700455265148496
0.98781409892508232
0.74174760247845573
0.92632101419108304
0.25887801517396292
0.73129714540815738
0.54293043004767005
0.81284263367205356
0.39819798051749289
0.36785207336267650
0.60351555736771378
0.68169142054736198
0.69886251789638520
0.42333967704042430
-0.11064156545846943
0.59314777244583017
0.18343710079621839
0.22225541522898962
0.11303626450832657
0.42750778978491233
0.31952337211221010
0.05035780701704318
0.40863034493506034
0.61628255592213033
0.42094291674969864
0.34481179798004513
0.54558223316164789
0.81896837956641866
0.51221989256543188
0.44380027797244387
0.60979567486853947
0.80613785800498960
0.30012667127283810
0.46488005793782922
0.53178767390310000
0.67051117684030759
0.22736553587429781
0.42858649163536733
0.75968976294141921
0.84348281988309892
0.57152807554134277
0.59293106326369327
0.76229796872148214
0.92912949071780604
0.70524164206352424
0.58713117110971569
0.85282300527817734
1.09527915227915495
0.74094672254613325
0.67550762857738955
0.74935169831202408
1.08646618571437559
0.42903251637875128
0.56270354678826962
0.81272853966583436
0.97652671627977639
0.72342947798132717
0.27021900111693159
0.83147267662664071
0.65588233617483138
0.97782314101281720
0.16482879778483850
0.41832093863416930
0.42064190280701180
0.66881412165322707
0.25888045573337193
0.05557863053361764
0.14652059472391649
0.34100919327495227
0.67614765615139905
0.08282769658405417
0.33969432813410955
0.29146365128647905
0.65826641587811496
0.09034735357225818
0.22912412941654603
0.39266134733218261
0.57982645561030199
0.19777308471739161
0.35768679047829516
0.55428806892670657
0.92709151019945324
0.32286375865381467
0.79352215545668625
0.65593214337074546
0.94242708115403540
0.30939989904839832
1.25657593049861793
0.81903488539692670
0.98600463391962545
0.37680891519322945
0.93412729079105061
0.74022303187043148
0.89419053567167361
0.64090192774263699
0.34915893536758297
0.76023632135436170
0.72642900349762085
0.80695248934225672
0.23709597730544063
0.73721415002077439
0.62754319204913644
0.17689826479461307
0.14571625816065120
-0.14332040795801876
0.44548150130272773
0.31484437458794262
0.20597676323351927
0.23633484241629854
0.41775258088030415
0.57947438597097001
0.26169498539733171
0.51692964463032376
0.80988740067433929
0.58416893040398499
0.55881155663768856
0.54654288826523612
0.73536420443037542
0.41016165787603176
0.40733314013121980
0.49037563670685236
0.75690867297328801
0.15137661157087481
0.46786856483687589
0.64245934452159181
0.84885197145956437
0.26622160571657499
0.62512940900081782
0.64549141966888790
0.84619376558707338
0.24648751864882118
0.67568838021432853
0.65608527869677946
0.89108084719752922
0.45664695510605574
0.80115347394902237
0.69282827816605552
1.08832943558673634
0.41596626580854812
0.63553062297420060
0.58517876642538047
0.82304080160755233
0.71256293120042646
0.65875638860188102
0.69937385366162608
0.56111419998701173
0.65519630728170453
0.24822293140178298
0.67120317079449832
0.78965465410105229
0.69170190978900803
0.27200888136592505
0.17284197252234629
0.42411174296644610
0.57134378203326253
0.41813132721297275
0.12022412264922741
0.30918292982696105
0.21605605784005266
0.69440852193689961
0.11597318198006948
0.17171745422070112
0.18266148689802136
0.48765967038744706
-0.13753451830428853
0.25703878317045586
0.29806420940170658
0.72421629391941533
0.13108197305800989
0.53798026058299964
0.56440267704359404
1.09231953618578603
0.18236192399289780
0.90636537815079732
0.66931674371165206
1.01253027505336313
0.43334826379891084
1.05219283164074429
0.96482506569827775
1.01087820366133263
0.59362474125410314
0.72218181361010059
0.84502887653792580
0.85528835915275669
0.79446248825633958
0.31260243007749700
1.10068641823487035
0.73847275893644171
0.76019697276165099
0.37684584370400087
0.05061215138443556
0.27280037804641899
0.41985445364874630
0.01810335611247685
0.06659864721102249
0.27677257614880924
0.65968041657846865
-0.02823073051756692
0.59821842633787481
0.24492108277192751
0.72175271959950305
0.25442535716131498
0.55890148569541287
0.77060379690040226
0.69457698971555271
0.44065591555513850
0.41715577760016614
0.76460707000905037
0.09948243845736918
0.25532692008412483
0.41719135803794138
0.62557686124095868
0.23965941955241093
0.57954554762376287
0.73768106931274058
0.63531510170610739
0.25982318571948748
0.67603719198613055
0.66420271664754083
0.76624055004626868
0.37074358428794968
0.70953863304090992
0.77506896063528985
1.06491657970551223
0.29127143137883071
0.76947940507000889
0.52554760283253965
0.97512120406055569
0.38090241149110948
0.63693072752848012
0.58888028647450263
0.81268663728753165
0.34837072886378229
0.35056120872458019
0.76245554574366015
0.69686211990564162
0.42727738449106312
0.53008510607389869
0.67262454244541936
0.72338230726547414
0.25397051220627942
0.64632875872680984
0.31882507504619811
0.27777505026167620
0.25173347628242809
0.64395381048617861
0.17406120167816064
0.03631222651198213
0.14230358928057418
0.41053308403356703
0.05855908501420020
-0.01400437948325117
0.07702529612164682
0.47100131839970832
0.04483578153221912
0.24783680105125477
0.31097384064758965
0.95195079308309727
0.19452889321762978
0.71144153275625377
0.48371876250233181
0.99197567387385188
0.28432997818080452
0.83481670830966126
0.92204929323712004
1.03917157111667802
0.68442074519079199
0.79059032897790460
0.97776780923187767
0.98724945711871659
0.82249414485948469
0.60228686354307059
0.85563705321793970
0.77567410909093337
0.89525337784552272
0.43024106456917033
0.96833566766973822
0.88445155517186103
0.43256059395794422
-0.01789398176542981
0.20645493099655110
0.11573803009133257
0.57366592841414643
-0.04696043371880332
0.27050407347142219
0.07868288336334929
0.67967239317761663
0.05967373928852601
0.47283207705763902
0.27611282961536876
1.00021733367430254
0.11682002831508526
0.69507936337505205
0.36190118261129445
0.75063769469317054
0.20977144482729324
0.08760930371336642
0.52548662246686129
-0.00807415821357022
0.56167144695905979
0.40744319560010456
0.43434232920840921
0.31634582662812499
0.50443998412379798
0.73047705294574827
0.32371221239813575
0.38555117691230761
0.66242349194378414
0.84991478213710048
0.72335620051460037
0.20762596386308224
0.96162680287866031
0.55360986292694725
1.02685782128162262
0.12909227479602903
0.92847788828516276
0.62579821239471234
0.88365993913819119
0.24972404079254767
0.73304427426546104
0.72264366395431667
0.66208537002337564
0.42586432035409366
0.67971780916780655
0.62888088147553411
0.68015698480645759
0.32163274918383705
0.70492614967821321
0.58223728297916288
0.43710379396817489
0.28877046268964418
0.65835733247417572
0.29006233516504315
0.19280263531331476
0.21505048594376119
0.50986788668015426
0.23556130164631819
-0.00234269781758206
-0.01038275435681241
0.51477887915141740
0.15799187302469836
0.26111120989342818
0.08237796861243975
0.62582903015864466
0.09426393676213884
0.32059041692172979
0.23431579232481242
1.01038982931071764
0.09094356503101891
0.81540961923560262
0.61967150615438460
0.89078198558671051
0.48909852654760133
0.65805846809314805
0.93971034006472387
0.92423252533796207
0.86175940936885498
0.49224843367174226
0.77200406720854697
0.80067540933127423
0.81871335200444872
0.34108511607890563
0.75421635969119261
0.69471366524676359
0.72745703609011614
0.38307517540005692
0.24279193214372535
0.04093468597345586
0.67577091190413274
-0.19078482812115133
0.37533218696623100
0.00439972044955839
0.75776040285488477
-0.05379873125653793
0.45258444773815587
0.00779835066248123
0.80701143549899479
0.09039051502944684
0.60230752171189517
0.12067212226375849
0.95465565842944600
0.10458083770638173
0.29661169329344450
0.23314223967621869
0.60595747990050541
0.37198667301196947
0.21751691868024592
0.19869200373550899
0.18098869380954100
0.48070415566835606
0.48726963788277444
0.09794024403743937
0.27894042539873776
0.47436174572366407
0.73674312753175963
0.32140347545949777
0.40092167794658762
0.73514032019242304
0.64191575119461053
0.76007761509248684
0.17276907589668405
1.00895102921541291
0.58618523727938732
0.91177022967506660
0.35740981886681422
0.87205319144551408
0.64661326591258272
0.68323520811124816
0.41894456086323117
0.76259187694418773
0.70520329176651853
0.60823920990941560
0.28883660871274675
0.83836078265084901
0.59434179045388702
0.58429305914701202
0.13722605866764054
0.89650786301542840
0.37279440981738210
0.32984663455303548
0.21741518841004528
0.70927125890612586
0.38983995065538291
0.22336394617235439
0.25099645222958217
0.39088708853339715
0.26966361870140876
0.31651406787894831
0.11064157827752291
0.47102183716055190
0.27123401666887675
0.23522735222211344
0.21945409074513642
0.68351281623385474
0.29185303550990471
0.37509813858968394
0.42895217349829023
0.89682023526495513
0.21851777167542630
0.57064164744608459
0.79691505988371014
0.83163906078872918
0.80263198819029979
0.51553903314784777
0.76017892789649633
0.76740678915746829
0.70394341187172937
0.46760145591321089
0.58764844731864996
0.64731264420997658
0.63774761122305568
0.00455675197761651
0.62511563727236963
0.49347175280273642
0.61089733858444617
-0.08069373917136984
0.26272227002744097
-0.10693838732724156
0.83050613063335310
-0.12215561723801971
0.47444171725744250
-0.12104518036387332
0.84319413426695289
0.03030702715294130
0.55910498741309611
-0.03414396041538670
0.90153018201585189
0.14725633475277047
0.49411314778713217
0.15812140479833983
0.58924224754356291
0.31997773059283197
0.23963111689017630
0.26950362488915447
0.36123961282574907
0.57225486720871621
0.16808958904945109
0.05011873333774503
0.17914512641691221
0.37817795853861819
0.39918475384075613
0.09706212290102437
0.28469601972373293
0.54560909701643368
0.50051836947931250
0.48629549206291256
0.19362441497614338
0.93718095780391275
0.52803719087040135
0.87396554453637898
0.17966077181921231
1.06131927245771762
0.81146576223278555
0.72812402313033531
0.51704221940703898
0.79816652243159236
0.79514002147316687
0.44689573456266696
0.43824050173545920
0.87015800091780049
0.44054961889680905
0.38573864192319018
0.26102893633957047
0.79344947236616215
0.35466754389344268
0.56353271385798664
0.12490534863999991
0.88795180364202786
0.30725272914936586
0.59623613359234584
0.27420726496400538
0.63948555896752146
0.47678744575718418
0.11454590306665102
0.18752375496050325
0.49139775617227371
0.46154526367455229
0.17832518596811309
0.25304590592055287
0.59991553562557043
0.37731170184881063
0.30956333296062055
0.37987930238583978
0.64785386127566658
0.48077364721023669
0.33341290992921080
0.69842146523472737
0.73778844559510182
0.71802259552182823
0.48980531709450659
0.84774687562776063
0.71270987968950095
0.82929990247710450
0.22457286208685601
0.53228219866936199
0.59238845057959710
0.63046141076903095
-0.01121008000944568
0.43288333640260979
0.27386108809489262
0.52337640037808919
-0.10467543241403812
0.22093112500500761
-0.00365504062867357
0.66632603817167857
-0.04883235432267362
0.38462980552143339
-0.07551645453275201
0.83511892298146662
0.03644545428504650
0.57827505404386725
-0.20485821147149866
1.04306397709578302
0.10204879990264074
0.62102925289180566
0.05868727261722867
0.78545243583294799
0.34189421033937750
0.41415522239998070
0.27343606186715308
0.41602584860044256
0.69644020580288379
0.23645883550089136
0.18321577208155754
-0.02629166378916546
0.58434280655845594
0.20902398034031883
0.06219369044887169
0.15077704274014359
0.37819589340672582
0.55335589662819573
0.17514790905142399
0.39854319523010651
0.52647773252470753
0.57852507438832146
0.56089531237832457
0.19738727889580407
0.75738591262813526
0.56443586810985380
1.14000211035358312
0.41839659290877551
0.98963367196047614
0.55822756843521604
0.47349196359701934
0.57566539128939520
0.81988661435282451
0.43510245925646357
0.51552942759430342
0.34292120715417002
0.86952521728137666
0.29614295746948593
0.45435988900915319
0.16988805565708481
0.89191712409090718
0.43679969026387433
0.34008782982767677
0.37963714705301088
0.48881690356238428
0.52693657780221737
0.17563841140626296
0.45933704322987173
0.64154725605869944
0.54202134273748781
0.22974920374809249
0.42233882968211189
0.55888158648200448
0.50228818775236472
0.31127124059135025
0.37680426768770747
0.72437954872792931
0.57678303474730075
0.34167248575456960
0.69834049539849663
0.70856976170901698
0.64256672483784061
0.39540905790058406
0.87664939427417454
0.79745905713274556
0.86308474063044238
0.15418198514083037
0.57815175225579485
0.52427472498015204
0.62905523220311821
0.04308714517161624
0.20941848829659554
0.16992029217558219
0.51930075955992827
-0.20677089827778405
0.05861280691886533
-0.04703708039780229
0.50508053474713999
0.14809036952986343
0.15727864900595295
0.11769309620486437
0.80558953113841014
0.12556730098563454
0.54074339571647112
-0.05000547382262130
0.96180986599750184
0.12102429891605049
0.70664966114710537
-0.10680710722427214
0.93543514217137824
0.38463843423708832
0.65007395147133218
0.20862805640003595
0.81308932579725435
0.47579962066512949
0.21506837934468181
0.36640190879022388
0.37781051398800497
0.62751978275843046
0.06071202405131687
0.21071271466575392
0.00792275941531990
0.47477898232453686
0.31024909895808844
0.23427509195245141
0.39930504367536740
0.30415996906961745
0.57992749265065469
0.65743626688928236
0.21932718049374061
0.48131205503398444
0.46833393452408290
0.98687440488065226
0.59602264600179033
0.98440844084903767
0.71332424618480850
0.98339912376743410
0.94341642789251767
0.91671563152596858
0.34509175732499420
0.63645481993782227
0.52358886386457448
1.06205636120744873
0.17597426219860410
0.47461866535393199
0.32545623491105924
0.76105317598237265
0.43048059539689221
0.25977458710988144
0.34065346505173588
0.55590054144464507
0.48510661882838546
0.09061222453026319
0.69375605750177838
0.62939816327083042
0.61476947417550110
0.28934199388917520
0.63326003053873203
0.89072100788607977
0.69846301414634193
0.23113849947276499
0.65124321486759817
0.78279809052042404
0.82634932953055251
0.30387168381421109
0.70986501858102824
0.67151358664957306
0.72899320822742775
0.22595839940653029
0.93235893919068524
0.73005876753180110
0.71677742660589039
0.27591309946391734
0.93857551671068495
0.58476992188621446
0.62202579337442454
0.11668202613538275
0.32824612662369895
0.35425614151194068
0.51364089186488382
-0.13352618565459198
0.01510651723683604
-0.11975464362034519
0.40281675251236754
-0.22741637251529631
-0.03989990110845798
0.27461107580645033
0.55378309720942320
0.16578826222714368
0.35619352138357113
0.28569852959343450
0.87384340207895961
0.12266344968459811
0.59698040756259352
0.01750782775027543
1.00273311307127933
0.13102156836978401
0.63160371490384914
-0.06981329024648197
0.91859814126151496
0.37258015009188328
0.55176120824240837
0.06232657249684243
0.39041927572443208
0.62345917390151895
0.21862522526048567
0.35732481555898710
0.29275821964318671
0.66554536422360444
-0.07247316954543623
0.06845141468880089
0.00692878485145482
0.34831899439837866
0.37728272704669041
0.30960347349181139
0.11821571674158443
0.36985789339664743
0.46128524705973029
0.78394333790205906
0.47491287512806946
0.40723948247911185
0.65689111381617149
0.79114608268245346
0.94402316217571802
0.67710033572246542
0.49838458305338346
0.94310222377164199
0.69445359483009939
0.95063064126993779
0.12730500834903891
0.94007825365827946
0.49643176319087323
0.96839268138131140
0.26546535461826393
0.43906632090312542
0.53191285374866393
0.67261693118563615
0.42912873929189871
0.09136961515248876
0.62366543598911239
0.42347592900414249
0.62856975184265895
0.43412349966679642
0.72558628250509749
0.72444531885680052
0.66805616495889453
0.43296087533662098
0.70708307122116321
0.69382705878827799
0.87556628105226952
0.22803634300260894
0.87202722303798241
0.64257533997460037
0.81776052105790442
0.24584321967383371
1.00111120761647499
0.55849040597015631
0.59400944824394941
0.17840374124548680
0.93060886237125517
0.49085032487559577
0.53591989197848255
0.20086771154507710
0.33704078685709321
0.32021521882398807
0.63821335690948000
-0.08462777245600248
0.07419142364408299
-0.08969293254667832
0.39467064891763742
-0.21819583377963514
-0.06293427711498895
-0.21916203375717327
0.33138268414660221
0.49469898030144555
0.00316202045617242
0.49167048301381244
0.50428345138953334
0.35402218685598297
0.28170095709637288
0.32383913530441660
0.86838911299410126
0.12795284555003034
0.49265793532643642
-0.06602785720299356
0.91978022950180827
0.15028132308572273
0.60745383053624458
-0.06015986073491722
0.76977980386090328
0.33502675447250763
0.36596861080815107
0.05003835404557427
0.48345092186932415
0.57061267459127940
0.07887682134342242
0.06069989260645181
0.21260297281305263
0.44823953285333940
0.38616377924418110
0.28296991362273710
-0.01924208757948670
0.28921916728174346
0.37144436027008587
0.82287525493001989
0.33375734431678394
0.46128725893948874
0.30903623443740191
0.92912846320068265
0.86115877982086708
0.66986306232667747
0.38633128281214024
1.05300734213434177
0.73018714503282278
0.91931675844280691
0.30940749080245877
1.04170334787275554
0.64829327664699776
1.10525255388968091
0.25220109681429925
0.75546038892924683
0.63536903793330612
0.71081000674995620
0.41636121405838122
0.33105547565291260
0.70586366007457080
0.42244426738339025
0.46566903381542135
0.08554906214950736
0.61110253077928633
0.40514276543969813
0.49218621403172469
0.19824433209045550
0.72525861716310314
0.76012881142476707
0.73635103332951779
0.34734367124988774
1.06429623648484384
0.61575009700653571
0.89672038851890457
0.16011736629187151
1.03217391656087676
0.53397628216220561
0.57619638383238259
0.08657454747151630
0.80227811889117362
0.33791063064432802
0.22522254804106812
0.27238840969967693
0.70719875532791066
0.27002503736940592
0.64582007055968615
0.26636147375402353
0.12522189708567433
-0.13892393816779311
0.46100788873139514
-0.14114109126639951
-0.11683291422391251
-0.25371479542638542
0.29207657283877880
-0.30125562436629866
-0.18680662913559121
0.56959543827254167
0.26380123561207275
0.63945779124645385
-0.06847523759771063
0.47924492430124166
0.64365809531502305
0.40181228668235963
0.26543090369621236
0.11632682654074840
0.75737981015425970
0.07925187769403039
0.40308130694855532
-0.12234249837471095
0.80537085826193144
0.12294756971061552
0.48860759770661327
-0.13943916136659867
0.77075867286731425
0.17582872346082609
0.35743604113261107
0.09468785561590015
0.49973449220764177
0.46455964961045504
0.06142399609673832
0.02001667866212445
0.23130447094004702
0.39022592596491140
0.25812846719757138
0.67338223000893482
0.30186722258446896
0.57536262976710462
0.28772342533879702
0.95323366795637043
0.62671768145835660
0.44152388660528197
0.46322806108353520
1.01538488342508559
0.67124340386386405
0.81670090343526114
0.17321036408346321
1.17153412932103373
0.63119937753542255
0.94577246349859156
0.18667720584581105
0.99002996409349242
0.65864876053367916
0.81856354287312716
0.41814852353197685
0.77347535787205735
0.95169189237055130
0.55597125154734806
0.43543432874502463
0.16144712637588415
0.68890100911265273
0.29015295609066016
0.35135109670487341
-0.01568419404687887
0.66142571657219051
0.62030808538648152
0.52831390630235964
0.31474575816753664
0.54268238118771739
0.81529722222861190
0.70986483397169031
0.31849376358808285
0.79628615861214136
0.58407275486115562
0.70837689746585086
0.01478021663653162
0.95766642765070564
0.25627913291335469
0.22140809761451133
0.11306908617037856
0.48426165666728133
0.23990667048034017
0.10896516098012954
0.34348911368929574
0.34092392356382761
0.10825008476125572
0.51372010722799677
0.17531791230293114
-0.08782893784042439
-0.19143542749788234
0.27247832596235533
-0.19914779804540489
-0.17320546071043019
-0.16873876626814210
0.16983476151159876
0.93285206393291342
-0.08517480019813431
0.62874566808591337
0.43880367657870972
0.73700506483093675
0.22301644357717199
0.43677304604740530
0.57125626299481658
0.43900415276579030
0.25364555812593159
-0.08064924604047599
0.80145506807483025
0.03440135900632697
0.44382515917203180
-0.17807005141447388
0.83145274129864122
0.08305114547442603
0.46261113133592102
-0.03694272414988045
0.78901280675528396
0.20395335538589199
0.26801122380578207
0.05075165387815669
0.56769376964422635
0.24798607964381197
0.06750799221783499
0.23923934793548302
0.43459658070526014
0.34935802941315264
0.36790121347885596
0.66670204016494083
0.65052251181494181
0.29359831981427797
0.51032502543035752
0.57219642218853051
0.66123498914578061
0.44864017105850651
0.19162329597281794
0.93622571903025009
0.47200416342017415
0.88114945203261719
-0.02280172600413544
1.03417107693884192
0.64921848178776220
0.87089390771956365
0.37216742989103280
1.06236755116234782
0.80301500938693215
0.67631020667690656
0.56025117861013296
0.74504010199893811
1.04291122942372105
0.45615697141602402
0.49842259020224772
0.24601428002652789
0.71123191111983042
0.43511563757970845
0.48059299869168515
0.20439269985542891
0.46202559342326549
0.69054668625352744
0.53026701107547580
0.27692947123520928
0.60059668432917934
0.64080377500085062
0.68350452496525493
0.13466179016637247
0.69595833494780190
0.53873211316348657
0.56090377461900776
0.10873881343501873
0.78234326525315723
0.32028219098252814
0.19593271548125712
0.27848210626614783
0.31221985556392506
0.04560518082857434
0.48414290605270965
0.16500073775984372
0.19033525820308977
-0.03547619506605721
0.40026478794874815
-0.01179531751993212
-0.19508346696062751
-0.09426128048064346
0.16184002957112772
-0.21090629486015361
-0.13824135943842891
0.62141091638404111
0.27391155841129022
0.90648618532645875
0.05162135353234221
0.62139994721577074
0.53741951769542617
0.63878654537832702
0.29382810577777729
0.27055222006398028
0.56683542504270235
0.23295111718573991
0.39968455058181479
0.00382420822580658
0.74513257681314671
0.03240226249041164
0.49913004129768468
-0.05174670196931562
0.82501728244810235
0.06209953342956426
0.45889290558832441
0.05207186274404356
0.77495670020470664
0.09449507405122134
0.17116452383806624
0.32316748322303895
0.60940829289223675
0.48854794898166232
0.16489716423807432
0.66268400353491752
0.61096433916898629
0.56308082380930680
0.38971339058505616
0.77085850439891845
0.64961676308771554
0.47856226251244682
0.25346536380656443
0.83894986110749314
0.48623127852805792
0.76165392563530154
-0.12005216340327529
0.96778468320580724
0.31852090666734673
0.91039073826707007
0.19873888387238214
0.93070614608321889
0.81356085632647046
0.76552965100925863
0.54568915563041442
0.84273035964791820
1.06108012521939798
0.51137373922397111
0.64026985781071621
0.62040449588266089
0.86554622010456161
0.41701609907698917
0.53912589917409448
0.70921634517099963
0.33009435411730043
0.60200324209281231
0.52607838153156827
0.37417176986408496
0.35093716346669424
0.59666163584746412
0.49547490877760847
0.22495274960806672
0.45532523570274674
0.49440329371125213
0.59922750674426051
0.11935246614525885
0.53567464631001582
0.57898138281281653
0.57290775981543163
0.10700669016446029
0.33143067502857099
0.26987666355076062
0.73393091966599155
0.11090452238399863
0.32666045632458424
0.02354259599627046
0.57178525981112882
-0.04993978172110870
-0.07540130664804073
0.00051315691757847
0.19478947376496258
-0.08141229666122229
-0.37268097525980465
0.06618119061329068
0.06929447742549698
0.82850366509273932
-0.06139219489862660
0.56425446451191064
0.02267136992611302
0.88931335241149079
0.18146535838009867
0.22000618206181349
0.38122266304589741
0.54847955950234561
0.26514990464192523
-0.01060024933889858
0.64543663195957235
0.09982712513128321
0.37280723076587963
-0.11978752874707509
0.86524621858373174
-0.04028572534174057
0.49425420906409934
-0.03590510323612869
0.86366830630105929
0.05059922444414765
0.40334638861643002
0.21320167274132146
0.74597421780452700
0.36248187723749736
0.28921704096087225
0.43762995638465785
0.85308274796533334
0.51536007221314595
0.48718512952077325
0.78851731823396132
0.87784506701005993
0.69354695432781766
0.29747278736311561
0.74902654850305250
0.71810028293121753
0.70819280537442930
0.05545812849436976
0.75855923241880285
0.23771388887097994
0.86879117703784314
0.06464650565915181
0.79170794574077852
0.64858797498472032
0.84542196905200939
0.52037494070856782
0.90669393825758315
0.84956749954500344
0.30774798816489912
0.85058116011913654
0.80294113003629453
1.06058041142517334
0.36289020869193073
0.71418795673174940
0.67807518454182025
0.71597163361732197
0.38248444500624001
0.76844460528722192
0.64302194189628437
0.28555888716005851
0.52240971047146334
0.41014129094960405
0.38231668984194722
0.28004004320628006
0.51792533915609162
0.50199876821076705
0.11933843715862186
0.42969011698823489
0.61539857431109590
0.54967382918145447
0.16517569416179206
0.41698886818548814
0.54319541866934695
0.54855546179982306
0.01034134487404631
0.26502305359787337
0.29150725760369489
0.60718909346890293
-0.08812221781605045
0.05533880261683322
0.12271211143167340
0.29967445928470882
-0.01233020077473421
-0.28919690359589789
0.18223388544939795
0.03015277830561966
-0.05643438816758467
-0.08820260569383005
0.44657630456702879
0.07119407128394645
0.79902431041843625
-0.13472233116024696
0.39584238008686029
0.47952667985946007
0.56662701607189692
0.14734473227716555
0.27968194678953273
0.68166566427507691
0.24641405919099285
0.31399044369784290
-0.11770781948756412
0.72749837597164446
-0.01817585527498947
0.44214613122324181
-0.15172247470208325
0.89947860505917421
-0.06690958441041182
0.48793032083334026
0.11146247622885429
0.88243703730682421
0.12671899031107262
0.40435086888934363
0.49398009864728415
0.87061912403184638
0.52008488429141164
0.58405401944525270
0.78641057894255961
0.87868911615950274
0.61316652403654137
0.46296851210431778
0.68760258314022571
0.58706768797304376
0.65862814316076690
0.27381626235938683
0.61581193426344505
0.36816760198403975
0.79799352366009146
0.26173558841474098
0.71677602286384989
0.38740814036362670
0.91392225545523231
0.80059894269494014
0.58113675628847339
0.47447430111938982
0.66266906157225902
0.93377268766254862
0.62984977770658646
0.93090962365283536
0.33326866763023388
0.93198220941660137
0.64635273952233696
0.93892675371367207
0.30794245850925300
0.87652226993687321
0.70284504288270055
0.40211786485244327
0.26743178769368103
0.64190530062213202
0.41131070258263014
0.29048347913152428
0.41879861617041703
0.52735005938062463
0.06093783836352479
0.26505434729222427
0.39108007019622615
0.55812002867654331
0.10563808871986452
0.27050672429968303
0.66175167063865326
0.50689092969866967
0.28307358978697678
0.30836865385718076
0.55248224391156409
0.51426220366109321
0.03085809243504570
0.05253574511452141
0.31068654235161941
0.29752633661043670
0.04453256990806390
-0.15009267385534222
0.27314412622180606
0.06028343667224850
0.07815376768640442
-0.25131654912098483
0.27250765940425159
-0.04308508968375369
0.71075926959553271
-0.03602464822662721
0.28428589602703241
0.27799254747532348
0.64605314920385792
0.22904602270946511
0.39379174881868562
0.58744201191203549
0.54822571370129369
0.48168400890179386
0.16252486307816744
0.69464809657121696
0.22419110868076622
0.39723197705423885
-0.19660929961975299
0.82039020244062444
-0.06160696514933467
0.46911191672912983
-0.05591378376943736
0.89001318477145897
0.00833423595241096
0.56503871077737933
0.35865470846651054
0.83082062603754925
0.34633760180412387
0.64561278299108371
0.70605358762117998
0.90892294133002016
0.51069895237840224
0.68394429220014297
0.78563587819149749
0.94946601817337295
0.58066207253112068
0.44884243715853145
0.60324678283602862
0.63094179672390327
0.74448541637748089
0.21908807082914311
0.43039064942785832
0.39910831699835303
0.86871947700864305
0.39925752134228754
0.44237365054132560
0.42031473104155959
0.74725208119184772
0.84337285674868112
0.51387107855057812
0.54335362835557133
0.34762688823823862
0.95334170686243769
0.61673006575538547
0.99593570351065530
0.29386054872696465
0.95400869883224571
0.72334283326473314
0.74242460748697103
0.23347816283334732
0.90951441929450993
0.52145979492136496
0.41593317324083851
0.02395422683048759
0.69956995000030797
0.25165163943578794
0.24420996023038274
0.33004683602670737
0.56920428970045645
0.12398153808314080
0.47830875734492084
0.39736087700242390
0.64006668230015429
0.19334305915144084
0.25449605739903991
0.65565545756962262
0.52202066199822261
0.24179068203893850
0.19983826968130364
0.45542691629071119
0.25802501882981099
0.30635234965502345
-0.21415907498869785
0.36778352182151669
0.09566900065170122
0.13215687312581281
-0.29787780943352310
0.35622994872011698
-0.02856393311774494
0.14353797911088520
-0.01781602798804597
-0.08235692374907416
0.07420087086503042
0.60567551678112974
0.13554088661604097
0.34274629876205659
0.35319189148046892
0.61606929475153149
0.30998772141504649
0.17400129568860284
0.68494337178257536
0.46105695364692212
0.51748322927110335
-0.05456684125939268
0.74740902036914414
0.05501011082185471
0.41135369661070126
-0.12279025830256779
0.72930046332489062
-0.03766320680614899
0.46464810201118550
0.14236700344947828
0.78820385900350542
0.16403651678517822
0.55307626993435144
0.61587632549424887
0.94416957146159664
0.35946620291516584
0.80840147784421856
0.72737829943305421
0.92915516140626142
0.42489347644262826
0.69977979559979442
0.66126170745673885
0.94136450197987309
0.66381798499498956
0.49496844732519202
0.32220847690942006
0.48126389364179406
0.86397433051839689
0.50659989788073945
0.53114673577478910
0.32896656287944825
0.87241709366169795
0.60708691509540191
0.54051744071761931
0.38985370331054597
0.65708585986932644
0.99207224548721928
0.59475299346435417
0.90502725018792596
0.25562771723879646
0.90416136557639626
0.70921233971903819
0.86904931490182913
0.41883667518058088
0.82311756110534395
0.66192908353515878
0.56613710548025942
0.33473974231188131
0.67896653124105377
0.42491921653917542
0.38434091218218425
0.20832781269381412
0.70949016797047293
0.22332207258769088
0.25347661091464374
0.35674880567727385
0.65201865311659624
0.19681206951718366
0.61604831009968031
0.46898241931359225
0.68748429310410564
0.40710069309809338
0.36575862116019825
0.61173220043482401
0.53318404255178642
0.39780220806103000
-0.03304395802669713
0.42980671984893132
0.31405326176486958
0.23052781672476885
-0.28555158172804684
0.33792875515765702
0.02374431029798801
0.22109153028468079
-0.45955735259799546
0.43517278505324980
0.07772205228879797
0.17273449334943819
0.12568215532701493
-0.01503935086336322
0.14484339650198130
0.61196873773671956
0.21307696824019445
0.30370932639526210
0.43588298987617768
0.60930916218573394
0.43666698484645117
0.06177858436424599
0.78890610210221102
0.29554333594450499
0.45759261308870236
-0.17192493785579518
0.74861003701075779
-0.00632061589142527
0.29758841166452360
-0.01750006050104482
0.67606613026538365
0.04097092979634273
0.53763852051972216
0.51820434533121795
0.79809437387432380
0.18553268141345924
0.78721346994119745
0.73093418387053299
0.94241804615022007
0.26546297624951559
0.84119625838425960
0.62672506645752168
0.93926400649571251
0.40744544425483759
0.76423579185446866
0.41573199746279027
0.69050844785236942
0.79187619590109648
0.67424359440652715
0.26820638484090276
0.59876899155515684
0.40085709445703394
0.60129592249761132
0.27743966437067480
0.35550468236643645
0.75512741117588278
0.68752311756084761
0.49011677928703623
0.54845237466667740
0.36512810375996352
0.86772508479862975
0.72969725690849740
0.90812134926273436
0.50908979440055202
0.84490021719672292
0.67068269580194440
0.75223100777399754
0.39570218543613334
0.73617675727306153
0.61822007087276176
0.41773963570599898
0.14154279952686202
0.81588603081988009
0.38730868980841265
0.37546075858323236
0.42115625616951013
0.80340638620997751
0.31486413783462092
0.61956653542934570
0.75972049451441870
0.75399843003672951
0.39524357967385421
0.56566538328201266
0.76071729346010375
0.86719364590456727
0.35888076799400415
0.34395173456789435
0.48892339920831052
0.56649176807492840
0.27207840505828612
0.11196661202771380
0.30146363516827845
0.30044626784825773
0.14409497644144398
-0.41171289944684253
0.42341178876117935
-0.10124250309637639
0.28186894745563418
0.19889097018932109
0.14468500543453666
0.06577545679478936
0.39485737112125557
0.24268136474868773
0.26636598338372702
0.27585242713666092
0.59283464995100510
0.26266679635341955
0.26845786073004840
0.47007879968830396
0.49279577653044887
0.43086972310390481
-0.10220918619654787
0.69909691243034722
0.15294671567370247
0.46010981919397115
-0.05244738330333225
0.76223950703754606
-0.00745855748965313
0.35932633290963462
0.31372435150786310
0.67065146676167398
0.14885365951517149
0.68237040043781683
0.62023309457181863
0.88125487950769732
0.25611240446835976
0.92516724350702739
0.59888600753954835
0.91165574951717632
0.16890726367846504
0.98163999749729502
0.64259279201980890
0.63988791162940029
0.85258041697728759
0.79175701797983122
0.55189581720885750
0.69275899559419551
0.78163042304432362
0.68551356208833447
0.38756199368122135
0.59655475738781472
0.59779128733372722
0.79692756055580816
0.14234112088967771
0.56723306767955395
0.63854967653320260
0.91189790460383291
0.67680026666759918
1.08927515016405874
0.45158824560043714
0.64396977783889076
0.76989633387750145
1.00480104862280406
0.44617840712043033
0.89459860585053885
0.89348037711311379
0.71134063232499378
0.35974965651647034
0.80370024104025095
0.69780698042315814
0.41969844752762314
0.37659854840549545
0.88722650803847014
0.45201378938027703
0.55296881439716206
0.75940895738466896
0.91239944700915421
0.42983286779240859
0.67555269573290677
0.64507087337755675
0.73496517963497743
0.58573965561566810
0.46545470734584743
0.75446326510962980
0.72377714612441635
0.37569124902732809
0.10014766915104373
0.43695552449109076
0.39612769186784447
0.05500650117439804
-0.12852351872886200
0.33401941826933756
0.12529694446802750
0.21205212371787188
-0.40774192041770940
0.44154141493707105
-0.01523511514664072
0.48862282086537201
0.35808564235526025
0.45687191505865637
-0.00977798747146663
0.46262489977021803
0.03567907096670231
0.44150245701940244
0.40345875094440276
0.56740116097836513
0.30130554470775328
0.07732778647082661
0.41819490102901663
0.26775430166032055
0.39449815387540438
-0.16238903139782912
0.68026164745067541
0.36370450379728086
0.38088209746166812
0.21063180633445988
0.71927306508952604
0.05432052298520212
0.54423137943121613
0.48312191328739779
0.82424455221837245
0.15988054706031296
0.84594803581842071
0.53790324569625114
0.79954776427604102
0.07023503117762514
0.91872357764109258
0.48208426305620011
0.73481336799556640
0.25875060449883325
0.90323474895054878
0.66492080976450540
0.64167089539055855
0.83253303896180431
0.91918370677291106
0.42825195628915208
0.75882465190754966
0.75218138607910967
0.82345069022699224
0.20661963274823292
0.74891112046727659
0.60043781634270887
0.77466985859578619
0.14236076358032995
0.81823550429175418
0.55080931816370193
0.57281611475577410
0.45301572993569006
0.97018241302414188
0.74555598904927656
0.52303683606426121
0.86397938749840564
0.87675271754149797
0.52022890671994526
0.75744709413634670
0.70296513699542196
0.79429120666685837
0.41284417855424282
0.93188622053576708
0.60984783199124015
0.52108751471250592
0.78051815490417931
0.83514439302871935
0.50773794292948005
0.63353020816102645
0.76481725793072419
1.03991516207024182
0.47242461048103218
0.56233275849788300
0.80995250293824295
0.81714226014131752
0.51753263530805149
0.26063146830537037
0.55711702819336173
0.58488120406354183
0.39210972552745660
-0.04522066917419820
0.36942915905372048
0.27964478790327824
0.25212152989866610
-0.24459805998690717
0.37229024455972004
0.06753382878947825
0.19249206667161384
0.24751305762502224
0.66285669927316837
-0.06915672670630357
0.47914472061854085
0.12222121474309136
0.69546986008029377
0.20110657631647097
0.41686570897130926
0.03977673008573812
0.48017889608669861
0.25493342812810310
0.63938157495312642
0.36112120122858654
0.13424484113351753
0.45050862161068245
0.53576812061215251
0.46891423148722366
0.28825825555347256
0.58135227947504453
0.26055339448824733
0.52460184181018066
0.31952107789586159
0.83259072836414827
0.00221854503096602
0.85759625726916289
0.44683937238316679
0.64937959755893981
0.07940208681116032
0.97408210473702339
0.38158722088072672
0.50925341664884338
0.18651822108800908
1.03040757246310499
0.60356093274552070
0.66553255227799690
0.63416646839444968
1.04248996755455070
0.65796673958778706
0.78944143724370441
0.88837013724912917
0.82797490975890164
0.46634137234634887
0.75554889718007312
0.61243779935895537
1.10883568991212589
0.35622185155589814
0.87111823523630350
0.58969505196175842
0.68149597553550456
0.29131279846734370
0.91991853065329043
0.72299033707107341
0.42424355315716433
0.96879487030195011
0.67039429791966176
0.74342159417951681
0.53699052098337841
0.84467464419301608
0.95771191809268763
0.50292827276109464
0.62842074655095215
0.71818832229944185
0.73165287153026970
0.82921083028692055
0.97395447593338824
0.45827269530577563
0.71832627985524111
0.67120673761055216
0.85674650996520230
0.52581854832064934
0.70271890982169205
0.90705514463569847
0.87101446285944784
0.55705541761149990
0.62958150817118907
0.66078326067875803
0.86148915533347181
0.52185860119804395
0.25555117753280066
0.47545022281942384
0.65405831384487589
0.39334466046739452
-0.03024127932889059
0.38580766488922191
0.28775116333516126
0.22605234423531537
-0.28149602230793713
0.44544095653661492
-0.31745504226749577
0.39685343831494430
-0.00591521025956245
0.71419731838421141
-0.06621109907614389
0.47999023392336193
0.25376181718560398
0.81528078819256122
0.12160139705999790
0.58095496036514349
0.28755775195969696
0.28076835989468363
0.15301189336875473
0.63867119511690040
0.47057893547178076
0.25208335161896683
0.36367127975165703
0.62864963458058498
0.42078508433140860
0.57047564313725441
0.68585604249965337
0.15389775179274595
1.01207940900892535
0.41503422741608176
0.60107764080343828
0.17495205674889017
0.90814199966352249
0.29676523727034076
0.50751110809078781
0.18373956629433685
0.75518571584482352
0.46179507361968664
0.56779953010091522
0.38788655681016226
1.09737706741275209
0.76970000636705149
0.71698456639191244
0.87057391463637712
1.13982644498565810
0.71979972358588129
0.70757404027517734
0.83828937261839775
0.86961956558165410
0.40135491601268830
0.91558791614680657
0.76934425406082618
0.95470453266039834
0.25080176387796255
0.90483234252164435
0.78077376116254904
0.49444912974562671
0.49208217172449886
0.72914549879225654
0.85620677840086379
0.23178462189520763
1.07895803060411044
0.71200854923287293
0.77974549960866524
0.45457274943802239
0.94658774784600341
0.83339428603125976
0.63907767523451975
0.74261800977898051
0.35906504442621395
0.84974655971762802
0.70699463427849962
1.07534577341859894
0.37809279839245458
0.78655112985719022
0.67438685373941099
0.99273985669747944
0.52531332498032868
0.69431138146550242
0.80389684697444352
0.89200907200314705
0.60089533813435247
0.57515253132791433
0.67016873634221119
0.83727184205633576
0.54415447875831979
0.26022039535101521
0.48323766685042818
0.49307424226604418
0.35718642475850698
-0.07533015671952586
0.46007076725074869
0.11320615731207226
0.34298519302405106
-0.31120917408252669
0.85777199264914061
-0.12278147953992205
0.45932184171488144
-0.09550800432087783
0.98368602675219907
0.00333537322957003
0.51984862209126181
0.48512200217008750
0.68831765873606843
0.19099659426797733
0.59600956483389311
0.52195090800901689
0.45160940123393528
0.21594534018507461
0.58365941923506404
0.66133266704240556
0.16450899676759592
0.38204520942995313
0.19284617347986874
0.75923250189122138
0.33691875749590977
0.44641874000362269
0.09286534525949494
0.71075305076999418
0.26852249946678802
0.42008280235026985
0.26020413089039213
0.72741865825796870
0.43085384300730772
0.47643622652120321
0.39890102979714059
0.99324345610195652
0.83600166097425688
0.53949110334071082
0.89563247376492683
0.94204844116976605
0.81729011882469260
0.54594325678491817
1.02363949521353637
0.86318941198299370
0.63275007122572757
0.63063099103053422
0.81798568210390132
0.90480536015336621
0.42542962200048728
0.67946803619770391
0.65122020138217085
0.60655328264376696
0.22450953048842359
0.61047267315138587
0.77396096996189057
0.46212785362325826
0.40706638659945538
0.55499389447544289
0.81786121730087125
0.26689643117563022
0.83648193676851756
0.81911464393808897
0.73031112356796346
0.56449146255295957
0.61619628899998269
0.93739095979090825
0.61304766651730946
1.05496808765970962
0.19206965973320855
0.92428382824245303
0.73862216239792677
1.00010621001680433
0.43631072840021740
0.86729811083905362
0.97423162002653318
1.14973039520022202
0.68872339218465628
0.72506936777394115
0.87204667988051476
1.16303654063735662
0.57623879766850428
0.45907221051469438
0.57427893972939192
0.73871562508163491
0.54662772169858698
0.07633001765123298
0.46325057620902438
0.33596303664969157
0.30812840001491315
-0.20955652647560713
0.47642089543857313
-0.07628462459827158
0.36889463948450818
-0.07080598104718945
0.84326834319295452
0.13146541676334647
0.44531301369915438
0.34316181873144813
0.83207766219585177
0.15951619098896530
0.53675503220297938
0.77268804485972087
0.40874073586530901
0.47204403973863429
0.43669320021078012
0.78946522888773296
0.23355381422588883
0.30499105908104673
0.20187686872294075
0.73584627070915098
0.06994689848666281
0.44052308244117616
0.13187876528865888
0.82417644946271240
0.02439041724013752
0.34034049534647892
0.34996366810674945
0.84849396209991013
0.31659366177902432
0.37321844769494278
0.51855534307218365
0.89669689909671180
0.74998963951794650
0.40836310816078203
0.86482109782604011
0.74319314266407843
0.87391833738789781
0.35460120210387347
1.04878901654021472
0.81891234896358189
0.77759589294085985
0.47221417814230982
0.84620302447547069
0.87325872960618267
0.65005239923963709
0.45129373587868654
0.56021995295736660
0.85911748710408675
0.47850256944953540
0.34426966193384079
0.65053995370309914
0.40736446845129609
0.42105840464447292
0.44096546980176143
0.78249558503631722
0.26829872828202594
0.73322433587736469
0.84254049572371104
0.76987247062958941
0.43281702879770273
0.75541396166031960
1.00643212522979897
0.77403715741279411
0.83096206596517019
0.26014064752578758
1.03473642789514297
0.66413554004013786
0.95876759233454745
0.30436580365029497
0.82424084493554406
0.77878121455653426
0.85926335342149507
0.59437293829899196
0.93430048450569436
1.09391958698892866
1.15812276135519787
0.63833362069705291
0.76825278996597057
0.79538302986813791
1.02962955576795534
0.56675768336724397
0.55098171340492008
0.73643288548266095
0.47780572630513302
0.17221925403011767
0.11143837070782781
0.41570917374804034
0.26353913964507530
0.16572016287020130
0.02352588874947013
0.71772251504676954
0.17868180852178189
0.27521057583430353
0.22173556097878025
0.82372467768397950
0.37613169006173830
0.47337715530906893
0.57636537733330062
0.77191227687110686
0.38134861484435023
0.27357274944976540
0.78789046265303464
0.31591054354878406
0.49323657663349180
0.22432304643045622
0.74211670619319725
0.14608299711812561
0.40776565143482263
0.15440283271745459
0.78303637752470578
-0.01236587841583084
0.61195762071465176
0.17645714706436430
0.50540067687614609
0.33784654936130676
0.42284353062681351
0.51190246095539660
0.86012419783977900
0.55989349240777841
0.42949274846234048
0.79729147430275793
0.96261587927685377
0.97548493727691166
0.35906286655292236
0.85515819474367993
0.74650019228978404
0.79867274373520436
0.48692706895994159
0.66162654702441914
0.84117943304254306
0.73736453335833552
0.45629433367172378
0.56940930163867232
0.81705990458559996
0.67325596459121306
0.52302745323597066
0.73312424841105028
0.62477351671588610
0.58701102028063867
0.12460159924220021
0.48703465900025195
0.17652398927298671
0.77041441253813225
0.50961330042534680
0.42374561148534234
0.35341088256040054
0.67355663181571401
0.84993460685222744
0.59542512332739239
0.51439774684000028
0.49900150088431344
0.95859296298396446
0.57635829319926646
0.77390070007330958
0.34634246487342868
0.90208180266292004
0.60965116917583750
0.79600560329245362
0.34027375780258323
0.81806127893121883
0.85052042688379736
0.92767052798457650
0.58886496264784061
0.91958645491979263
0.96170091747439468
1.13007685142470482
0.55122200291087275
0.70724499493095094
0.78088503451096947
0.82156165197637865
0.37407441179470879
0.31833595812610449
0.47795177111817566
0.51352414405558333
0.12990473780465273
0.03489648230279604
0.28960550251951273
0.12148649764976746
0.28855639627945850
0.37797818686352785
0.71234575405029243
0.38901475961822407
0.30450997085582177
0.55283859841099081
0.65497090731350061
0.57349226012191068
0.25092212541374181
1.01658123457652838
0.43540386537857240
0.52730311953449327
0.07175670022878233
0.89270506094032775
0.24411885642214065
0.32633751522446736
0.09739602536858599
0.63727923737133785
0.11280220304712872
0.21348400994318545
0.27055094798300799
0.61945044868279342
0.15418214882372389
0.05305056044911804
0.53839494710873492
0.64148885149641677
0.41473532326467233
0.27248876176298775
0.85594020210145727
0.72798983459472733
0.76102636342468044
0.54198866344739183
0.74888806045337541
0.85729564201439179
0.97776825853002403
0.41661600522831549
0.54402186334711788
0.79526579599684177
0.69198224290278576
0.57511035579403136
0.32990521620254620
0.81243370811566729
0.70228257257750593
0.31632389037102360
0.26271317569149089
0.42100809994814209
0.75761571546096329
0.09396058234233703
0.40488572618595342
0.31033120340335396
0.75820050010705886
0.29448693064152415
0.24981713867634275
0.29740514810212831
0.52020213209467481
0.57551938817039971
0.41860758974412743
0.29819728526352535
0.46059153851966927
0.76448326865925564
0.46221887119836552
0.46935232208375932
0.18332074225200479
0.97471310602068240
0.51029174611834993
0.75020519584194012
-0.02011163335530292
0.79211648215853725
0.42700892947676011
0.85520511692139467
0.35402350830260970
0.90736908920189152
0.77135565734201550
1.11107813276084455
0.48152673370900007
0.98838591878211801
0.91435878414902949
1.03453759010894109
0.40681252560527997
0.55945342250919894
0.58208358503225510
0.61164113901242589
0.28742694181321982
0.14461127150608744
0.28614050736504226
0.42227920160180599
0.01129766851165362
0.52918282401094552
0.76777672065368119
0.39822757489602301
0.42369783688249918
0.74106312459647805
0.83545945731879745
0.61696654502392967
0.28760716757612442
0.93906963998677495
0.63583664161916786
0.81944004237374446
0.28070727538498658
0.94341975731035277
0.43704819503935516
0.62268884684074033
0.07416929856222015
0.85661869888202402
0.28311027124036364
0.26273917261951385
0.23111157894260947
0.56068175376292095
0.10661323154396238
0.15696080399786796
0.52351926464455700
0.40049467820435880
0.27782897902901815
0.18885167172117798
0.70398307536878568
0.43966728501554531
0.39247566427965896
0.38241221723005381
0.82262557132209158
0.79495300082480080
0.76130882653262910
0.87890813549527680
0.40084698587214562
0.67752904588615015
0.76211690618103689
0.72966204993102013
0.21734535828331625
0.64162824720598932
0.71765787888432042
0.52742856254127712
0.29467778557817542
0.41957844972389385
0.53712554028287585
0.33602145594027694
0.32350741736033783
0.11266302076559255
0.75665041582809311
0.19246964919861970
0.40051392133249919
0.03765126786258463
0.67666590815241201
0.41684936086261637
0.23740561357211976
0.06762348275002200
0.49834712653549335
0.57225651991635740
0.36692465904858784
0.21518799368367397
0.28971368492258986
0.60827292618041151
0.34623578257765103
0.45637492237836119
0.16372756525379134
0.92078725764766056
0.33728636271233059
0.80604611249457592
0.05783162621390647
1.00514651945623656
0.68616591135451821
1.11648819650086040
0.24962010919301314
1.11095195613768727
0.82045489101205404
1.14304054572249991
0.44077482539561136
0.71698272903213711
0.63171808132062646
0.99128795408116654
0.38685893047134096
0.33007578856722636
0.29568577474382624
0.62662687782960780
0.18754254914746871
0.01438390193232103
0.02028053764156187
0.44705622811258572
0.45563610692058276
0.74944464276694278
0.87605056748695698
0.70956498222487108
0.43841077604173129
0.88575405944755248
0.86698048717719356
0.90293875497696019
0.28251054560644823
0.85007716048841431
0.63088576664919838
0.81032414442044287
0.09485223738062715
0.85101773563061656
0.49622388932538736
0.70286542802516327
0.08670668216898691
0.77862548542322652
0.09088219033877579
0.35861689816414427
0.55705965032196336
0.16102276792939213
0.27079926370550472
0.14482224168349844
0.85962019603172046
0.35222019463356480
0.41336241511051813
0.36797816400890304
0.76585232130223857
0.30388976194289419
0.45202390640464341
0.81279739014584584
0.55829108530570648
0.54670883269775561
0.63079543949193051
0.69497484848937008
0.45074643449297302
0.55424191965293423
0.65016922884977735
0.64376415425858158
0.36696821165121912
0.47205511970501979
0.59581052756093578
0.60958829295668793
0.25129181835111924
0.55174634651152310
0.62352893401486809
0.47610144649906233
0.54155648954992019
0.02202785073039570
0.82229230129548225
0.31119514332059617
0.43855924197510410
0.19595707651832914
0.50138008630429520
0.46499177780651041
0.30094032265774417
0.16162665967515571
0.35643742551370988
0.62017695958837171
0.12527259266512836
0.27966628955007689
0.05317877737862289
0.77432363956110983
0.23846220538485335
0.61140705168908482
0.06715790662480978
1.10292729555057267
0.42746772038469727
1.02314231844006476
0.12501818040323387
1.09988696077001791
0.58482841787254980
1.08196859496038300
0.31487863933974702
1.07650807441074381
0.78242289084106220
1.03643299815928103
0.32528541970756147
0.65866545022151357
0.57501889690661689
0.83220502968600352
0.22747011734050068
0.31200406391984825
-0.06449109667831920
0.74571511419200220
0.16310381091450243
0.64748147198885553
0.85041801202064060
0.62747010556634675
0.48968463944437229
0.70111840859301133
0.82801829955320638
0.80664376621453016
0.35852860576072032
0.76623042877338465
0.68872927733465006
0.91164490994725367
0.33702411566220503
0.61750135825591146
0.63378854232899096
0.90823402864665614
0.14335232090157510
0.65199132341303656
0.63465039426025260
0.61725639671765731
0.60453142798885329
0.47678071164539237
0.32556724149390814
0.24835814502859435
0.93735768981597323
0.06926872731719202
0.53347002981479941
0.39656385651909443
0.65813722891597903
0.14676174362411543
0.49090893334328339
0.57651782307934341
0.65775505767518849
0.18404994542972003
0.48485225602003257
0.81443312521476430
0.36500848522543722
0.44886375482797475
0.65313557485752527
0.80593870477298735
0.32483652553093489
0.41640040870278050
0.61990176244464101
0.65456686260566110
0.28076103078871761
0.23398266044209182
0.74240067570547674
0.64246265114283463
0.57551732783691123
0.25527789855818933
0.76746776930480309
0.47284685641774277
0.56828650723899732
-0.01014528601605380
0.70938472585861345
0.52630494830849095
0.36199043787388652
0.15103751967225232
0.48575144859897229
0.54506626828747162
0.06544067680748444
0.27070303546997415
0.27059882392105039
0.85987832977312129
0.01433777661415345
0.53601149982294138
0.08265545014190981
0.98085535792490186
0.23572186768659120
0.77491042033273261
-0.03639012923251703
1.11267765185355438
0.48152360440920705
1.03581700196169435
0.16178045185199413
1.08984761338876956
0.51604283680088547
1.04643072771116286
0.19711221995401951
0.82400250873519199
0.68706326524676309
0.86442311751944612
0.29334975569826488
0.46798581784397514
0.21532000196704043
0.82081375694449776
0.27821153708819940
0.52940275210861831
0.10093786796622081
0.58658505451033260
0.58910662234412225
0.57355666058278554
0.97798777869232589
0.73318766564564108
0.55356296224647716
0.47790056123599373
0.93089121735326352
0.68680440470563253
0.32595004961908031
0.33752690927061224
0.76745552065586753
0.73342096825590775
0.39344657268204358
0.45139747191031460
0.63181212589015312
0.79497257669727628
0.36093445171921135
0.42721618543899614
0.58794328554667630
0.64578523799251286
0.69613639507978409
0.10048030706894606
0.62955709199237120
0.23955292337902453
0.70054317904686481
-0.04422961587229068
0.56337726102531283
0.57698310293899957
0.66711043191122421
0.29975101930940240
0.49049162790775913
0.79806661316584271
0.46289787502374552
0.31266530169342543
0.48011539048256779
0.73587210982449491
0.41653657477969142
0.29187508688674246
0.66688074424009769
0.65912982104752338
0.44024269858958542
0.30141223693666203
0.71888606342412764
0.72916957556136297
0.60829292582773120
0.40073842592623060
0.80871447423452669
0.78649080533072468
0.76654208491500142
0.24596677294029179
0.98467962968730505
0.60003637743174476
0.46923388737363109
0.26268751506341398
0.60546953117729563
0.54719734460352454
0.38700887534541112
0.28367530020106363
0.39656731268024276
0.74287622476813864
0.14617743493561597
0.33299338719090610
0.12950620971297017
0.88333874177403748
0.17195789672382378
0.85041071430497905
-0.07068249834396811
0.94130195187498900
0.52675449751995340
0.98800770450274245
0.10467415501864807
1.04346282723234585
0.44855923301329031
0.93295974766778245
-0.01568474618526777
1.17291480723618835
0.49165085727381902
0.80699387042064907
0.09997310057719133
0.85678935433715808
0.50359352248411660
0.95293964838148604
0.50254322609054525
0.63432039512098259
0.08314149997737580
0.90660461384966695
0.53175666037698055
0.43803244788079387
1.14649408692669796
0.36883455356920858
0.68256481585847706
0.36980285151093312
1.14058634568269301
0.43476160670035979
0.54194253386472746
0.26628226412520711
0.83472923113459085
0.41785080550592868
0.58441654199522874
0.17477088414400826
0.85097262357477477
0.67514854282672432
0.49301632891038660
0.35063406211230086
0.81455500387026292
0.73268664064234623
0.62243670516652172
0.19011900692310729
0.84131724584453138
0.70926321496090527
0.77351655496712446
0.08569336744840100
0.65272401476164066
0.60557372451045499
0.74503348647430334
0.26609585190319196
0.54536748662832502
0.60020811119766670
0.51881101349093384
0.47438900011864310
0.45723568480253068
0.83812419611644828
0.46880055662820491
0.41710644303808231
0.47019324315596545
0.91329205191063534
0.49459832341955456
0.27079107729273033
0.67546390128753364
0.55625254164082905
0.61739461754373304
0.31802954070971301
0.81443030106893510
0.79295341747730730
0.73302783762908019
0.28994409984218106
0.86555870428099579
0.69643891349694398
0.83000446860252308
0.27934342989834438
0.81486593580871725
0.65007510793042733
0.41085393265759929
0.39453561921365427
0.48356622769841645
0.63164599086790152
0.30905811321534860
0.23295931693119948
0.34393361404702455
0.69776950053186126
0.21600747107262641
0.35884162177750861
0.25464591414915660
0.78685951619427152
0.56512083244189737
0.78845496430088846
0.28743308875579782
0.78963650314032818
0.57747029230462554
0.91790328726823167
0.09176442005852270
0.98180779891172210
0.31634432616282970
0.74771288354679921
0.01397834541082876
0.91105244083022052
0.27264560287004147
0.63659775194214263
0.19337238305609622
0.93283431933929717
0.25762773694815111
0.79322285225306011
0.57871165062695740
0.83171328969993930
0.31496919932613276
0.22375834779984791
0.69025033091099841
0.37754607965764758
1.12631976766802411
0.13744200604791559
0.67705851032185005
0.23886510483918066
1.00940040052341318
0.12324122703044434
0.43040790254836020
0.00744565218050164
0.85946290289976823
0.29515130809028722
0.45148403201526494
0.15010359907765125
0.80924538245574751
0.61386362887220391
0.64762920156759596
0.30345932569017975
0.92668610090672732
0.62472848531138470
0.84120784011655592
0.33102736378058834
0.83495290200010042
0.65207059863698902
0.81274659971628604
0.43330307856829658
0.67980988234877993
0.71911250953656736
0.81993403691497579
0.14718916854226938
0.58965329397817967
0.71501914385581222
0.50397086905268629
0.08379086353596260
0.61939106425879598
0.57739261711395407
0.49281544686887291
0.36544642949533540
0.52739930401817192
0.56890634748277424
0.58457292666347016
0.06462839763091105
0.73168866798424559
0.78555559962180044
0.81732801962271184
0.47742377497868821
0.80093703051811582
0.79248784122726168
0.69521144975789584
0.35407364506980593
0.90692315454665406
0.70636245120416041
0.44829309868493805
0.29219121551027161
0.62286551160845549
0.66627116372186612
0.39000383758869794
0.33184788159527351
0.47117073931283748
0.78168489575216749
0.26176829570325377
0.26279898515336653
0.54295125127714672
0.72644290566896430
0.33370093744180640
0.60902398196044638
0.16463084913932419
0.49200240450591859
0.59324706575295882
0.84994336802878301
0.18876008257768132
0.73528499877201603
0.47257591560886092
0.78485869383372342
0.13674591679272613
0.98555311423296854
0.26965087413315242
0.49495295212412110
0.15737699194571211
0.93291046066804717
0.20702198606944827
0.45784320478758578
0.38302432630769478
0.86237372424556336
0.22233366344327554
0.48693867862218426
0.61291080971287926
0.24208946848691604
0.95639098197678352
0.12038528563106615
0.60059377036675876
0.12826145179115378
1.10545532918492828
-0.01938997265553889
0.56339498170484625
0.04939821207069979
0.75050788240908628
0.09867419195256566
0.36443336207550958
0.07748256938022299
0.68851601600827483
0.37946219162844974
0.55427975835529208
0.15215027492826960
0.91487736133704045
0.81045904469488983
0.89926623074560830
0.45622090607290944
0.88796978556518369
0.81943838089255205
0.92884605749474447
0.39652575223860925
0.76089022866756195
0.65151002342996489
0.79829994189482723
0.12841640353218525
0.83240048404128597
0.48878750216855166
0.82245959467955199
0.03029890354704207
0.62963885591134572
0.44371123607342294
0.72911826120994061
0.11394867854962287
0.54704512220664936
0.51194534168164763
0.59361576139305405
0.12927156432188680
0.55059747378829726
0.51874169144786109
0.72678914870813238
0.18206702161529764
0.77854599930976043
0.73992932967478997
0.73032538355117604
0.37372814359778278
0.87560148557528450
0.67649824764195898
0.55319268526238419
0.38030855246648521
0.67342644549111241
0.85399812699230304
0.40870258025110173
0.44268214968676817
0.54430299108744740
0.88035837612391177
0.43231395058605071
0.46431411697219904
0.71437020056654654
0.70205617767287065
0.45095733444840524
0.28701496754575617
0.57757248940881056
0.49895458839991974
0.12106766044025424
0.66609107195131978
0.30347174649650360
0.33628912041851172
0.26263842929989950
0.85507067777893642
0.22249317804043292
0.99450237122348217
0.27582880394671266
0.44553392951080456
0.15170595286147440
0.87272095277148687
0.10134378749447943
0.39180001485625893
0.27688626078329465
0.67717938493315377
0.30321795630971238
0.36486413379356564
0.54250497604691594
0.67489986554805714
0.31949209323266631
-0.07311038711094112
0.31422348624073415
0.12829682516640425
0.69325352794207040
-0.00621539639336946
0.54601729869246540
0.04122871944070056
0.89555232570517451
-0.10864235239639299
0.36770746205189897
-0.08318527980873494
0.74118874533661994
0.12615346025866775
0.42675063112279854
0.01450858520555842
0.85340520714888535
0.33803643055547239
0.80843246556871107
0.27757233552902383
0.95817721337275596
0.82539796362513707
0.90374273773402147
0.48575628952356048
0.91975733814416150
0.94749794833468592
1.11396285513917137
0.43843314751156054
0.77522685293869575
0.58849373911780645
0.83985528927953512
0.14922068803364058
0.71205605390512594
0.37659410978293284
0.84301440205940481
-0.00756561419797797
0.61309019818871469
0.36464371355930802
0.81454665636908097
0.04037864337292141
0.52723994962156329
0.23381613686826469
0.57072080743265707
0.07541638198956713
0.54978219460677447
0.65301857877775904
0.83068774922546185
0.34643158073839175
0.71352027210137470
0.83118409404792137
0.67482245858991863
0.45625527081888650
0.67778447850170820
0.91260021185914086
0.52351138491656712
0.50996827317175841
0.60032460399702736
0.83727101915973545
0.49496175922928837
0.52835131338127139
0.72942287279070017
0.83708225324442742
0.58115730059648252
0.68444329591285047
0.88503784686287479
0.73718642734958351
0.28014132491354454
0.76319342161613823
0.56987698393800124
0.32341238357680013
0.03329273865022514
0.70780130032576682
0.36150309214722021
0.52066887208127466
0.19641625769607585
0.48833044645808416
0.51329233783503903
0.76332821765357362
0.21112305895594652
0.28575708341725842
0.23010023899943985
0.71840564115682892
0.09901696586147782
0.24195462751164265
0.34065947329049984
0.53125745577298455
0.13124052396533009
0.30144951958723781
0.54928874541402029
-0.03924478984211396
0.40439955507895375
-0.14657375896646460
0.27581255197515941
-0.05149115614206917
0.87064767298287982
-0.33427862736676983
0.53390357313601045
-0.34064899397834347
0.78107554104527332
-0.38266221888088281
0.58468696310658963
-0.21342542568883024
0.91167624871599706
0.24067793940632096
0.70062837012547352
0.12858074410826031
0.89916663655350271
0.75819636161792969
0.91511264838960460
0.46465049959586952
0.91747074681988328
0.92808716423191340
0.89052667369284588
0.50968992484412767
0.92472510753475112
0.82928457934706779
0.94387463962074558
0.22969188899996096
0.81335426661276955
0.45894673720448381
0.87380908668559165
0.06987525142863266
0.73905502239233800
0.26855230465384661
1.08489519912410026
-0.03807880060917460
0.59264085171160408
0.31410167409696044
0.71297559774493513
0.18443324266515632
0.58737606495063033
0.54132532821711155
0.80710481257262701
0.23588563102228088
0.65996630172665138
0.68099798650878329
0.67370343615792094
0.37365153129346634
0.77744180733672930
0.92670595199628214
0.67973654065883160
0.61047153913246732
0.80921143785484884
1.09100394907147491
0.58004941784826969
0.62297961128057677
0.70249353224311206
1.11744905853295640
0.58200158089695497
0.69440341331572086
0.76936317667757315
0.97712944718533612
0.40862728763007983
0.80863668872476291
0.67366066417181703
0.57810229687640380
0.26702387139070327
0.60993251716182506
0.37710149032396240
0.40824601607908667
0.02004855720667442
0.49127662690739632
0.67123212876388361
0.63741811519512048
0.37885190118645112
0.46656021340669451
0.42862522005083348
0.62828970983325350
0.13972216316639471
0.17404087258893858
0.23268287191393441
0.44193367396684435
0.08016103054140586
0.20926767877824709
0.33497832101349939
0.39021145474110436
-0.09382186370035089
-0.18423837543040536
0.27825910597130848
-0.15149583797360486
0.70894595737726740
-0.15089780306941783
0.44208787885428297
-0.19319696624593544
0.84162734002837614
-0.21523634222812926
0.48522323810536749
-0.29233806428938236
0.92153371231684433
0.04419129402885927
0.62743597742408830
-0.12796727700615504
0.89639880406538430
0.46677474102524252
0.83156176408603277
0.21439685420308396
0.93361401898713536
0.76905891180874419
0.82563927888766797
0.60196004052966268
0.86625285363803006
0.91996291508844186
0.89991447568381955
0.46471851958497329
0.93041866150065111
0.72181481075702869
0.98867249603283558
0.10819000232192305
0.83860312078884580
0.35272123325789473
0.98644337721720454
-0.01038567896476317
0.70549487272208788
0.16788133219012075
0.80616978892634705
-0.09732833932855356
0.59338071631107381
0.36843780938204279
0.69360798387717959
0.05010758526721870
0.64420724467499080
0.60499823354560056
0.74149668139179492
0.27567360092617171
0.73374060858987455
0.92328486902800555
0.81713865288578191
0.55590679497730089
0.80191629472601234
0.97520305078104341
0.65433912675118555
0.71358713120111916
0.77563972775820211
1.14250152258411131
0.60740371956434669
0.80858047111391840
0.74263528743760521
1.24737028059854227
0.40133617558848067
0.89094038126325148
0.65267283444467727
0.91523927433992980
0.10989545878900336
0.92862285499686970
0.51588548288649583
0.47175845633262031
0.10531680630808421
0.64133874278614766
0.53779594361994632
0.52554733257026010
0.27226091595315327
0.53283870929183852
0.65656109154927478
0.68681672183516285
0.10465535091881062
0.38956216493004558
0.29439126873260801
0.61170563246356058
-0.21929256650079318
0.19694137128820066
0.21119974226562113
0.35242175294779182
-0.27038626563748241
0.27814200903380548
0.17374364242715831
