1.35955808517069787
0.60726952581391780
1.32207834242909095
0.53383928660232438
1.21775602761805590
0.42278815831141675
1.45584962431773324
0.24478054489465143
-1.04398269752404182
0.99951611964253151
3.07915553251141416
2.03460389271686370
2.94024868659955940
1.86790398821592984
2.77054663209865915
1.99109078242784365
-1.26384132461130716
1.14765445788695120
-1.35871413150722731
0.80841895534250141
0.43692089343459339
-0.15940796047981554
1.90263641843202413
0.07667690368182969
1.04515117544905900
1.02387656332542787
-1.20855382702419556
1.46967154884703066
-1.05752230089447807
1.36424619221239252
-1.19652645179337469
1.28599860629576135
2.25797520147516106
0.45710380145821611
2.14666195541387239
0.38732770295954322
2.17827558386187992
-0.16110309889866922
-0.26069197926386717
-0.50411943888142041
-0.24537655037338965
-0.37084601835659248
-0.03389905029967652
-0.21335743881149619
1.43849031762079260
0.88244326921720906
-1.43181176020523804
-0.23943214094347143
-1.17391088125346332
-0.15479926056867838
1.58676413292440621
0.19557627679693537
1.51483882493047783
0.09439989250392572
-1.02670827627349226
-0.73681064075695113
-1.09880137975676639
-0.61855350429781475
3.01761142275223015
1.55684839663734720
2.93922563261444347
1.74587935776527470
0.74484187687015979
-0.22585852192642292
0.04217002693149383
0.49372423939020071
-1.54718046225112138
0.40293523043038565
-1.42720345022726014
0.47943014675327794
1.62661855169028513
-0.25270517696756101
1.62777318934810467
-0.02621237193776302
-0.04318078864323381
0.98091879946882743
-0.01982725727499542
0.83267027901449464
-0.80740235906093127
2.02249794922827908
-0.26659957910681525
0.37010122889287173
-0.22412041460999693
0.23718837399968781
1.03933956073813305
0.29933383130029423
1.10402253253147564
0.76302839844101822
3.67597102730361236
1.45414303112993282
2.66555404601670398
2.55475014663724487
1.65391822184261561
-0.55016925974510755
-1.35957095228021574
0.92455620462118371
2.07531533365891363
-0.29413425994102210
2.01068962749088431
-0.15537054244522375
1.80464815646671117
-0.13312806701256591
-0.93176056444657629
1.65758359524533017
-0.07482215091402343
1.21611138853582013
1.52937672583508144
1.27833775727157728
1.47555864106402623
1.00381237457167272
-1.29836061203407294
1.38487055926278568
0.02654525297487491
0.29038338770469257
-0.76615979266093959
2.50252300753452550
-0.73845634998881804
2.41351102299708398
0.19734417590050229
0.09335589196225660
0.26747528407650428
0.16470783015472218
0.49547371239445742
0.07534605397871356
0.73267924072552437
-0.00740704681718084
0.84999740891890507
0.11076709622920404
1.20853572192529790
0.00428235475805880
0.95374603189574569
-0.08643880388784579
-1.10735195938119801
0.79494923018413433
-0.95641199522836329
0.77735050377452808
-0.67871939892207034
0.41793508931800716
-1.05630531640262060
-0.27422157443907069
-1.01465837163540318
-0.13651541927596672
-0.68197187078986066
0.03758874359655112
-0.25087453465812698
-0.87815563644150718
-0.24052608954532842
-0.74045700687026539
-0.21790073982249258
-0.47563788030340931
-0.57032760389152937
0.15060471633977743
-0.49876143672238571
0.14089750585612570
-1.25661652318514094
0.72869698820875128
-1.18797387764621698
0.95422543899718837
-0.76024992593757301
2.17148055549856522
-0.48663667549463685
-0.67036250605597514
-0.72897724742505476
-0.75317445519591331
3.50985145616603367
1.45299082009483738
3.35204078621089341
1.47399381708826849
3.17595986227409721
1.53448020579706590
1.10893450456352061
0.81421359834455109
2.77526460956829846
2.07450942624604862
2.75058381581864309
2.26862679739290174
2.76019330176885402
2.39856276619473219
2.75025069181135251
2.59091819160520265
-1.74501398816934850
0.28682631487076543
-0.49602612110155347
-0.10727142261641170
-0.40211325678435922
0.08084013848885128
2.12213305427869514
-0.29071539687554548
1.84543257685688067
-0.10370360051858717
1.71153380159248392
0.01615006092700099
2.54428879641904437
0.62910334326317574
2.43402089050972581
0.60071936738163911
1.00728210707081978
1.29988904879691436
2.01604832095309661
0.15959936199989427
