0.29567522799522600
0.80745173032021977
0.45247848476534835
0.77625582775544200
0.23034336041392253
0.58167794288828856
-0.53463508406651306
-0.10816021828192247
1.40494698613168256
0.28975522598980519
1.35174102669922469
0.32623007950846378
1.04967946436073167
0.29529578615907925
0.90957470831479792
0.65094022171997890
0.91066249764696028
0.50650668213644878
0.91946636586896913
0.49583971683886507
0.44877921346814725
-0.65572932260823780
2.15951575514609617
1.22239624599353403
2.12909075968933470
1.24494779865357441
-0.99594698434723816
1.41750050655853843
-0.91033443805327208
1.29234569759116535
-0.46670705223313180
0.06974273091750710
-0.37867586006767534
0.07871918706976785
-0.16315976155306103
0.08291954557933216
0.00272899264740641
0.12252376236503265
0.22774241434113046
0.10613742943862814
0.22847713268667641
0.11561254706812882
-0.96097905262834482
0.78562570544159560
-0.88911309644821568
0.77842338893649210
-0.58312914312027053
0.81038097125204223
-1.02738856096732989
1.09348317860837430
0.49445396160210292
0.78782619863728698
-0.50698930295420208
-0.02380955054960477
1.07178222888975205
-0.43073925492217530
0.96157441509586783
0.86086628709600799
0.99356797066529512
0.79601624001469506
0.61853053528178070
-0.45884293462711068
1.46119016121637313
0.34342455992044796
1.10001494424734547
-0.00347852758602839
1.53671780995014107
0.98643628738195999
1.43251988497699889
0.95355370343190071
1.73370238371709706
0.31323578634236920
1.59807671685188213
0.38014102799077554
-1.24293434519502188
1.01880335534490962
-0.50838157289303632
-0.12526512048906605
-0.05078890453702251
1.95271469303221279
-0.04260642497347215
1.87493174275809493
0.32805918306802451
1.73957688089556695
1.13895520624459112
1.31268812125591916
1.12549257202047692
1.29419954511875734
0.91798831598083497
0.04636848632908006
0.79309878002841216
0.01099846872667348
1.21463429784489363
-0.30975820299220086
0.61768762212483230
-0.30825929931642543
0.58926091811272696
-0.24513307299569184
0.52738363130336496
-0.07804339148078425
0.79252360638122643
1.89401608434015434
0.71830035813965742
0.95602899052256973
0.54925617353337286
1.05821317248525704
0.10294397866416299
0.62347418272744981
1.44102965320136533
1.37068858005203476
0.06689417972420672
1.83723828546149637
2.10763977014066395
0.28934359236741580
1.96110212002308870
0.34959091606259618
1.91336643814217733
0.37692356208651134
1.74996448413055061
0.57235567665804998
1.63670550316434982
0.74031517569859151
-0.41612213144793808
1.08153709654590435
0.97542262761426257
2.20751981696476740
1.00987124688507013
2.19900436468651872
1.36699025450212885
0.72527290207878770
1.12280155894739364
0.33370333078509573
-0.41477462009214144
0.70296544890831958
-0.29333884558720619
0.64674361882499931
-0.15369814047472813
0.50453372365499338
0.07627468032824518
0.38153681818405744
0.24617478212907729
0.28267282069496180
-0.18215050886772968
-0.41575845464980021
1.67760868459451351
1.67676836285398978
0.46519226238363370
1.26975608565237974
0.95408001022338129
-0.35932998357448942
0.92956060707432331
-0.31525753536428031
0.02205988509953239
-0.12354894398114820
-0.01021009901887114
-0.12319332981200616
0.09420239326323554
-0.00243023768115427
0.08530282792478430
-0.48406142400219182
0.11283499932257215
-0.41960126845551043
0.36702075165282966
1.66057401976109076
0.51343898173920233
-0.69615804633627310
0.02114372748427309
0.99616049346431601
0.53755740238724026
0.91777268949963442
0.98585691994204250
1.95246865110397638
0.89879998891104795
1.84765634247827815
0.91247669596460634
1.77185999003410322
0.68042635658408190
1.67045745373327748
0.52891182677148563
1.64313580851252539
0.84354234643792869
0.39867525125341935
0.19890183839594328
0.66944907875838844
0.13946836423697820
0.73241313311638201
1.24816808884603003
1.52685954533858070
1.21633841952642552
1.48883932454715207
1.12616254186418963
1.31716628314544515
1.00151435700913294
-0.40363208037742115
1.02657269622110126
-0.39048924219564507
1.40378479160417702
1.04740593041585073
1.71621523449107460
0.40754472016926502
-1.28501521109211359
0.73841712158066397
-1.14245966007618671
0.73472213942615816
-0.23370045958911495
0.87868958881443038
-0.08711949175151326
0.75623958341100317
0.09587892522307551
0.68165437028419618
1.20790850857293530
0.69136858412843694
1.09399137687958148
0.81270299334079943
-0.57303212761627176
-0.03524012346824683
1.47169001437908720
1.40738166841318280
1.52539876775649419
1.34122075395210794
1.60559312405787491
1.23874556792198942
0.60122365743156758
-0.73602014740403887
0.55451140359636908
-0.56307522362756612
0.59711010514477669
-0.46813327991998765
0.98120606771518182
0.14218006982901360
0.79676225832765690
0.24087852642264329
1.13398072690735807
2.03987068647579939
-0.07933112209638549
1.80362373566960832
0.07374300618719909
1.61288377936090876
-0.00159767272281312
0.96257438807628681
0.11498140776551585
0.89737601192080552
0.23872798163957062
0.82629808339571242
0.98046431284215096
-0.67010362433864856
0.92602567157636262
-0.61982071375118386
1.15918981516714226
-0.33494553852097547
1.08880833728824267
-0.21393047194567816
0.86488645119970198
0.05088440995889794
-0.20170530507279874
-0.17003122670069570
2.27107726546779887
1.29680240281576054
1.21080684545178396
0.34400967775063129
-0.89849450224379224
1.23258391956633329
-0.82490623597183932
1.24544624335201171
-1.76804534658151091
0.63232596778736661
0.40220002168341074
0.22054535808904913
-0.77034613031208332
0.17028774500092062
1.35058819661148943
1.64422327093086218
0.08780061115569986
-1.66418053181138781
0.44334820638760680
0.19979120710968540
0.24140502633637914
0.15365801234472135
0.16146028738660706
0.10591473244261836
-0.16276661142636420
-0.01971996158267963
-0.30473645997111376
0.04194820425074518
1.26750145166442008
0.87889231649922706
1.25433061179010052
1.09292113884679187
1.31139577833838672
1.11636740660033418
1.18966617031959010
1.15929248809868413
1.70852525591659044
1.67680366689585147
1.47255390936683650
-0.30150892605772428
1.16563853749105828
0.59118907202674009
0.60996748233225140
-0.21414552421281838
0.47861165864029692
-0.01371801187942032
0.17910642783813852
0.19830396525300209
0.49124462619162790
-0.57903478106049289
0.47291640614657110
-0.40344382067603968
0.43923643118125028
-0.29501469110554024
0.45546752979411903
-0.09907391787224813
0.47515199211685455
0.05194919779239250
0.47744797461349747
0.30936932606359901
0.97133366620811845
0.43257646199756244
0.96066879513500558
0.36595082868528361
1.09156333906935088
0.40576859045727498
1.17573841221163344
0.53810322064499461
1.20450120140160255
0.60860870761443397
-0.36570663036647588
-1.05090463810948620
0.92628270797722290
0.92797653673396086
0.84331740289851498
0.88535843371849332
0.63068247429123614
-0.15416824093583464
1.03027107168895848
1.88238032259658161
0.94181439391947830
1.79518417839697064
-0.47750030296451396
-0.11620520819764832
0.97600034607992725
0.91832033013003789
0.90537162670290194
0.75562392308526327
0.25559344178390420
1.03823249799832729
0.39872531131296685
0.97025388291697356
0.32328540000387695
0.87506102463348501
1.43014701322405591
1.56721760167277169
1.11228210826484486
1.06043209140711947
0.15978602306925718
1.24057210472592061
0.20912631581455010
1.17451472768842002
-0.27957658179948236
-1.17027171566123878
0.47944040073678601
-1.02230944688289593
0.48914057928982096
-0.95840872797646304
0.52651877131836622
-0.72045284161922951
0.55783863971778236
-0.56374014064675604
0.57152924760336798
-1.63570048499575615
-0.04776713657145141
-0.23035007097962906
-0.23711013222023347
-1.03673047146250097
-0.21579750579707549
-1.00354489132300517
-0.22752568924819669
-0.81396880487394074
-0.24976255097681435
-0.71199157930449852
-0.29491212982019938
-0.43304782583432533
-0.31936216457241301
-0.25007953970914765
-0.34143786377049673
0.07320180152649446
0.50251700440891334
1.25035697102983190
-1.27383351063824346
1.17207280419063475
-1.23549858531494605
1.10153399008231845
-1.09178660450389575
1.07815704451063321
-1.09258622391410909
1.01274579115207253
-0.90505366475170812
1.04137273868820301
1.61808635322346972
0.36723567847019767
-0.45540660863769239
0.68509340677556285
-0.21548119153136744
1.26861400771640653
-0.18650612086292295
-0.43740660354555011
-0.11449326119351134
-0.29594352225362014
1.16574746264965046
0.73687087853061572
1.00194659296416000
0.88637439151019859
1.94524639386903386
-0.16515020122733173
0.96944129025982773
-0.63796085062250729
0.88151476896568404
-0.48229081116502359
0.83850301727974308
2.10403917192483192
0.95732621427731890
1.94879266416572206
-0.70020582052472102
0.18006133119158180
0.42768848147949645
-0.80495450264028512
2.42101014939306536
0.06501867065340049
2.28803201771155384
0.11481247288546678
2.23827365271487277
0.14468221303839673
2.08839183989972987
0.25263388329676395
2.00363951808866680
0.32586660440774745
0.21243239848517062
0.58801000196495445
0.30298069354254031
0.57354656146855809
1.80258756070389903
0.81744438233253158
-0.24897359130657296
1.70790396952447154
-0.33699176388850455
1.78337171662845706
0.06740000043975981
1.59674610281450580
0.07597683211692871
1.48465422225379173
0.23959987871629140
1.42085702631963007
0.21839385919400139
1.18316112379441885
0.51233116319380190
1.21163346631813451
0.77715902098609579
1.04219840616675063
0.95839322024284890
0.90816944966677404
1.50122834228800195
1.24068534629696359
-0.64341427878065538
0.78341763048980806
-0.46693387850909707
0.74931187095180452
-0.45814087999734165
0.72264339978346048
-0.44475733727373168
0.77745552607763568
0.34225040484881680
1.18981277851734513
0.36180993120975002
1.06835135508396029
0.38107912956957640
1.01393419279544861
0.28844082100262097
0.64887667236505941
0.24683765968694130
0.36031384527539750
0.19986939668232712
0.26184573270345818
1.33377302785324603
-0.23858689940742561
-0.18053670484661924
1.71757853070872124
-0.07513748563467712
1.64572547419092152
-0.23973348248125384
1.67792994441646459
0.60550870720441219
1.32188196564568350
0.28388408555370814
-1.30481766665070142
0.26646448629318376
-1.13793271751513791
1.47977917802210035
0.61285705130815793
0.68499551693798610
-0.62574955415968181
0.62418867278135881
-0.58419668643785805
-0.23227538891179839
0.00696546119072945
1.72887722063042837
0.84629895885311635
0.02182131047256655
1.64197129989327584
0.41245194944784958
1.09570147132422724
1.96162417130191913
0.36711480090027065
1.89730293208380774
0.37189621977743675
1.69565682264025797
0.44079376637466167
1.70332808462557717
1.80565905180748332
1.61750188138371875
1.66640460123433942
1.56132886591024134
1.53477922069516204
1.50328920673537247
1.30657682362966154
-1.01125361582973805
-0.14497310700028340
-0.39520198221450886
0.81738261311800731
1.60275765661734915
-0.18133141694368107
1.45512634216791659
-0.10322895743315882
1.30990972010497830
-0.07786717112297270
0.50858903350648210
-0.51199012578859593
0.52075192536216597
-0.45524183799952089
0.63895476637122406
-0.26494339355912411
1.06707456939792533
1.52056114146947063
0.98980470785864150
1.38686724069479683
0.97506594331361962
1.36084259204399349
0.87876697283540528
1.19931629778758020
0.86511017617072838
1.04691709106745567
0.21454803499063835
-0.21130052676953928
0.29347204229571150
-0.01229027803335999
0.48332562537033436
0.16495636549342269
1.29407981769533920
-0.74798805310074079
1.29477236372258941
-0.75419790763182415
1.18627120722966484
-0.62072075821577311
1.16368948439711994
-0.59417950115164464
1.01870289586061036
-0.45114206971848214
0.99462582830245061
-0.41123707595461056
1.63922917148376968
-0.22655490678418860
1.57299024026826340
0.59512351613814030
1.42137947317636137
0.58155428057665970
1.41677412036026462
0.54493894474065585
1.24433737083234353
0.62041525698814326
-0.49846907330919266
0.20301091757052095
-0.40491012497162315
0.10139453916498320
-0.28314569652414912
0.18716135007458301
-1.26538145141516511
0.32705817108288715
-1.27583193919089077
0.30512877077377498
-1.09107709332617020
0.38094442133850748
-0.89213216879910240
0.39807271610208278
-0.69574616733746830
0.44905766381293627
0.03339249637300580
-0.91832284325952296
-0.21199195444592581
1.40743456407202894
-0.16894750442437922
1.40203145122222339
-1.02962881644739102
0.79928080350875808
-0.82688498892957574
0.68595551582526293
-0.69722774227056949
0.59800893258348231
-0.49279745167128464
0.44831711677983271
-0.26122120836467094
-0.71552758143188844
-1.22246017364312953
1.05745561756986595
-1.11916387520837546
0.95532131822676247
-1.08555613670641882
0.87487468126009726
-1.01815630829271719
0.65615209877929048
0.94787861037192200
0.81314247041638754
-0.67313080361873290
0.00654195279842248
0.50014723068549927
-1.22775994847968106
1.43650272953286962
-0.12823988449092175
0.78504907505209143
1.21210703835641853
0.73248719979096544
1.05705161629539579
1.08094179307802096
-0.12496802466835463
0.95093290829215560
-0.03958385777790752
0.90385456833534739
0.01092937782754105
0.79868258557067984
0.15933027321892024
0.69165010124246229
0.26646194912731858
0.51278654515442057
0.45720473033406345
0.75288655835717322
0.42981474802686936
0.24772098756226812
0.64942827845489925
0.30928756703667543
0.58373165092629220
2.22486638735682440
0.75956374229528656
-0.88477257047155033
-0.01063175717435039
-0.74919365999784227
-0.02509480707736970
0.43814420834483081
-0.51513430566722229
-1.11004458698122144
1.01373298383030308
0.90132246234865399
-0.66050319004409019
0.84536903845762834
-0.50612636882901618
-0.24313163213098271
0.47333122497752361
-0.26375869977136523
2.11029576480603609
-0.22683618402869066
2.03656538990434921
0.52959426704329360
-0.58123585790560439
0.46846397534988599
-0.50660173010485787
0.69094160686704464
-0.38690966394917059
0.74815581927805874
-0.29190652630729291
1.09357770034540369
0.29822818273109364
1.10675566084386956
0.28620087810769063
-1.36892790952312571
1.10607138724854548
-1.25205015829620181
1.04261599820280537
1.44663629992989318
-0.52168023607527025
1.28613018040411253
-0.36084681627581111
1.61745840532616647
1.17489947343253975
1.61347694935019126
1.18146311009637772
2.01643998939551006
1.13359221447625380
-0.20313436405342172
-0.06688227110257278
0.35491812113371068
0.91668025333375525
1.05612403096589902
-0.35055979111666596
1.01346658721565630
-0.32149685695711588
0.82602635677048730
-0.22894605084354669
0.67488868242507016
-0.13732175856392603
-0.83225778543658924
-0.22383375827260157
-0.70334519029129017
-0.15993899748575291
-0.58857582075792825
-0.11247712228579154
0.54920738175281469
0.38562929908404958
0.35918198646236854
0.87526468826342585
0.07215277685315491
0.75464762188107293
0.13338026555042645
0.80649982330345005
0.03281148442908252
0.36067450726696537
-0.36934516483604274
-0.40884351878306224
-1.07782815309825231
0.46557701418915515
-1.00228526009763619
0.55080522975586099
-0.90277412147854852
0.31987288188156476
-0.86199763821326858
0.21635730220954780
0.02309240016860492
-0.10700716582980006
1.66757427204291564
0.49044709988575280
1.56839384960543393
0.45501782173212446
1.33621074922968508
0.33828367745872090
1.25474602266183877
0.79236532812228544
1.23200967267365202
1.08973383306453164
1.18894489932637182
1.08144900777905750
1.10182099393854660
1.11384275417466139
0.13696858658366276
-1.56482278083390858
0.24229914562230798
-1.08604524408253278
0.47609822864806239
0.24543685803701346
0.61927435911739903
0.25497124183915287
-0.33096108782426603
1.87486270077270345
-0.30883997053873724
-0.45448292680515462
1.01446955791479598
-0.35219756789816981
0.38173990574506439
-0.20313869779084157
0.32987102088258202
-0.14829959892380853
0.40666705782369955
-0.55017763421002330
-1.60661977267705192
0.47392978695335936
-1.46869891795589536
0.32883495879946129
-0.95186721625989967
0.28367829444873438
-0.73794302687605251
0.23796072369160973
-0.69350396859317087
0.24485331243121933
-0.51344271963714649
0.16245120902723276
1.13229925360708972
0.98318642326351335
1.10637309039494958
1.00467009522066486
0.83753588349459029
1.48533182696118859
1.18505663277607542
-0.38772546006216618
1.16077841250541103
-0.37694057040633089
1.29443450932024229
-0.16238162029103517
1.18701141835202062
-0.09417710866594584
1.03559950690044289
-0.02394184108093858
0.79751895396608519
0.01427315726157935
0.52146544809048490
0.06424350491155902
0.31344443105824954
0.06729713305847290
-0.06374288141406960
0.02069769454225105
-0.39163049702569941
-0.01685968158279692
-1.27355521668803684
0.88109568825319373
-1.12730291165341945
0.84088270144223776
0.11215037164901999
-1.54410479260503886
0.18034870215340798
-1.45458368800686499
-0.12937049090732217
1.81728856191549282
-0.11237371961079962
1.78844979519523894
0.11869659015815509
0.45042537678504457
-0.03621432002179120
0.23433857504858682
1.32427757044315619
0.31901976938537413
0.52965164677199728
1.13652152283406060
0.50951648357732271
1.01441153626817315
0.46046705819401812
1.21860819877683957
0.35358026453341906
1.28718930505029960
-0.94644697831675739
0.12182060427065958
0.84440149635708106
1.54680560097400543
0.75069445499346932
1.49544364805867280
0.76553521991596141
1.81255657581457985
0.67087223302737953
1.62582297620201643
0.58183778537248620
1.53565387332391401
-0.33806950786878309
0.32714068270273461
-0.14257219371298319
0.16223558463657781
0.00676977649248963
0.17511659544227687
-0.84485678198985781
1.23766839908042781
-0.72594249046439097
1.16940510727284130
-0.59366597611446770
-0.43176298795633750
1.53856844654145419
1.59812816388551671
1.49728664452828264
1.56792623033559364
1.30899579950695455
1.44053877708994449
-0.88042316872371351
-0.56607874873812580
-0.76735406395171479
-0.48268563113876356
-0.79579521573336853
-0.02916071604961036
-0.69945412512570893
0.06046500236973352
-0.52604864572827059
0.31255568849798016
-0.31971761970613100
0.67905616392291268
-0.16585012948231248
0.87902764325035632
0.04948170382679853
1.07396607686579348
0.49702110539104455
0.51302055252785739
0.63047801953266280
0.74953376728226617
0.83743904814372749
0.89497896430055435
1.70000800266171015
0.38846781757728704
-1.91408087766505286
0.67149002539956404
-1.13151021893783521
0.99139880098495381
0.38227843882791984
-0.40372370267307195
1.41620225558005131
1.85025935142400799
1.27585137800687565
1.75240261743970671
1.24153252497376454
1.71928557248586444
1.06029512486791422
1.64025128478939752
0.99837258500437476
1.62105494887500812
0.47141223607205601
0.01210349806058174
0.22099264916209996
0.09940327751173522
0.58038492220879290
1.16117186806504713
0.55310378835092866
0.92802648697646473
0.51697671624467700
0.83658651430475728
0.42659825461232725
0.54721852126805126
-0.10376236476071046
0.64798038803864411
1.75662335352728616
0.83083665242698401
0.89820153180251427
1.03984182123941982
0.90389823683372050
1.13941878877490432
0.95853178919562765
-0.18887708439057541
0.81407572361035130
-0.08859317139066361
1.31264299363816006
1.25133410880410523
1.15350859569022179
1.14049103704039712
0.90174479911744032
1.23386905348040798
0.61352879768523472
1.31929211027053572
-0.41942180504951754
-0.27348510069005005
-0.32685582315370609
1.79713905926067152
0.17810186692835153
-0.13856324324039820
1.16777631443858509
0.12573604249492581
-1.01007965064582783
1.51916725082861803
-1.25120422326044212
-0.51871959142756274
0.42948378726436603
-0.81577355633908655
0.13485392603907165
-0.69601670433436269
0.42657906642929455
-0.50921928847265918
0.55356195865073077
0.18952377698480627
0.67085155536212249
0.22603352999639420
0.63329898846230992
0.24702086817554056
0.83397139254725328
0.17050290523226641
0.80445887203491417
0.10919281846448363
0.78956599459677856
0.05005484637749680
0.18370936170422814
0.15962811253776982
-0.14989207822465056
1.71601666328773517
-0.01354922270151684
1.68970192718705414
0.22649936688901243
0.07091035120650661
1.12320732139804647
1.94728967923096929
1.00743153044921563
1.88128687573710018
-0.00202884694280576
0.60191309747852084
0.49966313327296552
-0.30760103934986677
0.56144641131396988
-0.19908042938906764
0.74145457102424173
-0.20759606128118255
0.99990148446883986
-0.05268757359261348
-0.16248225243709744
-0.24425865805037450
0.16577623997075608
-0.07147010140966166
0.63236467103551752
0.98515898731360874
1.30916063166995644
-0.14119353395842082
1.20598721509128715
-0.09641788840418306
0.37096387479564169
1.49963477914445886
0.35343962336844748
1.38331165176424409
0.25179699996323068
1.11802263053909523
0.19497074622804739
0.86214109051240650
-0.57166628315034651
-0.05525246166314025
1.16453697216356411
-0.24190479065160636
0.81853650355202867
1.21758053591498339
1.28281970568523440
0.31188265449371516
2.24036009423505700
0.73504332122310889
2.08721712642804036
0.74208587097464696
1.98692161128916722
0.76620427302439353
-0.30259487922784478
1.89802362232794497
-0.29634466915494578
1.87197129899601178
-0.20759556121884962
1.86005108885705628
-0.17996393142300210
1.83755774308941433
0.34369638854475260
1.01242753602878821
0.08198705886743418
0.94034684972425864
1.16258847871418580
0.95334706313779338
0.99720582793679224
0.84772244834341870
1.69440309920361365
0.49144664842747221
1.59230198823789904
0.82031293306638320
1.39068166356073419
0.73780012582150456
1.60079728552787048
1.32240539638474375
1.48121453537996706
1.29368495154678453
1.38740035589005450
1.14779952947373154
1.27012265189616036
0.93228757453897559
0.15107521076881522
0.16914305950616243
-0.17180189631619266
1.90923451932010635
0.59910720055291178
-0.40624596302247107
0.70313495568038298
-0.26719109947996822
0.88130195419369028
-0.03655775480523245
0.91571399996052694
0.42490852697114784
1.68628488546465594
0.33186269585264377
0.12285597982968496
-0.82829685279393428
0.28975784472562766
1.40584448131633466
-0.05027420491030869
0.44037243223359568
-0.62479032467578077
-0.42002398595101370
-0.63340160350787378
-0.40026252455453903
-0.48996611735671025
-0.32141562133106399
-0.38546582135817520
-0.26897574612443070
-1.23002883253207118
0.35846233115274651
0.66675563110693359
-0.66611384375046112
1.37752241949052157
1.63686594290586696
1.24156567234191217
1.58286090363872356
-0.18710098976944889
0.78632488594645311
1.55311508799146103
0.20252725101822427
1.52158614018726457
0.28181916463936574
1.34298480016036570
0.17492060520866626
0.94326401641757296
1.65694575459248994
-0.57742540058881842
-0.14985086507148893
-0.51050323530491770
-0.10607050964450386
-0.36178619711275084
0.00736674326320923
0.15268915408529549
-0.22691738785818460
-1.03102229141078738
1.79483931971993282
-0.98643741643206639
1.69305798329341473
-0.92990918168315584
1.68074214201297623
-0.91551561931790093
1.54009513300528633
-0.91729790732781213
1.50795670302761731
1.09974100144150255
1.85944535570951985
0.98517864381632780
1.69524692966511714
0.95669802992209696
1.65741240160194958
1.48641504906486910
0.44735857051345490
1.70122863962638049
0.31297388119121378
1.66952105133524764
0.36755979731205335
1.55125091433518669
0.28817611721183101
0.39203858560324062
-0.73342662317147789
1.04682295105548295
-0.17579590494379399
0.97514351531416110
-0.15373620428459109
0.73993579229496698
-0.13968536853621927
0.99693333992239219
0.81360176099970416
0.59367107291261034
0.87034104393472178
0.27990831325726828
-0.11388556201530399
0.37452998681079841
-0.18164195256038274
0.31032011234358098
0.40492323281456633
0.42235520455788467
1.69014020697070033
0.44513099869812084
1.69517877117319271
0.40761077545537511
1.51185859636166842
1.11740291323391894
0.63206520801207300
0.41525583371797531
-0.40340812165493339
-0.14811407772374435
1.88313961800413598
-0.48078060979738829
0.55906416883068588
-0.29472809101779163
0.49698887439460226
-0.13049672449594835
0.41782637910839310
0.06943778638206627
0.55292499768617620
0.14059902981317679
0.62134176285839149
-0.25598311882627783
1.69582805985392882
0.12528643191024386
-0.92593683504082680
0.13582365196935889
-0.78683142798305750
0.05536481550739458
-0.66096278358614202
-0.10546158865696227
-0.47771375562281970
-0.17857168762972797
0.26157535412122529
-0.03412527590490212
0.39039532326993559
0.08375842555800631
0.24071929195100306
0.14067324496978539
0.19350150162266397
1.33356291621632983
-0.57932788939753188
1.21991357896075137
-0.48855387591131583
1.20969170288854211
-0.45328590994658796
0.20061082858368895
0.28720755285764321
0.25376457467530988
0.27966569297264326
0.29552635299788316
1.44595488544152562
0.34745514159212226
1.27639814156021569
0.38332636259623459
1.04365254145828112
0.78399749333758451
1.87784998830453675
0.80183295861644133
1.67809443175912976
-0.61602040634989563
-0.30101265871001576
0.54245832869926824
0.94899998721285994
0.58451488763287773
0.83836038781192146
0.53372694299977064
1.28342074413282070
-1.28172603041493804
1.07130988292195317
1.98161134372737702
1.09159883303876337
1.87348267526893242
0.92332526721550967
1.82880908673483811
0.86213554693505223
1.68760754819507075
0.62822057695764988
1.49188202001361869
0.41919041130612078
1.31386352943847795
0.19490439592625625
0.89995327232375444
1.33117813975549359
-0.37566274319271503
0.44253419052992093
-1.24336092123802922
1.05801876819513274
-0.28797524354350423
1.51834085963134857
-0.17336125312027506
1.43582486423100941
-0.07890476725570329
1.40536760576920683
0.13183914283525178
1.35607202539477734
0.31306406146168347
-0.05236356431251436
0.22250417032183503
0.24030412678742022
0.03180794285090413
1.74177514036916614
1.65769861846692135
0.16114108474812108
1.61812740011589740
0.16869535542232098
-0.18936037995457547
1.25978655626452163
-1.24319414749689416
0.14279887978205449
-1.13371682345461844
0.05861434428534526
-0.86376205004033757
-0.09373770468522324
0.48501853529291972
-1.20209963373142981
0.36409187175241986
-1.03883683897356516
0.30784792851953013
-0.96810131924616782
0.34249991864269247
-0.10901765572970437
1.13786035927090534
0.75767574083955513
1.15372711245140369
0.58532902733977410
0.12235819509991115
1.63615224444339602
0.33887723278520820
1.06730517735945973
1.16853879675143069
0.56957280078407901
-0.13184383757560705
0.64802009451448517
0.54213007505638122
-1.37405537054053783
0.18120274206741532
1.53250641877217508
0.14750388423139740
1.48759233250737366
0.25502851015355282
1.39673956436959124
0.26490387752735756
1.34647699253633446
0.50433252157039832
1.33073139648358785
0.61050521392710810
1.33744441608393583
0.47498144351641614
-0.59431685775421783
0.44300322614208010
1.32552279845747378
-0.05046463331956592
0.98783607543787222
-0.03997818537701244
2.15644123833272250
1.26644468750309103
0.77145230632796558
-0.18129674031695908
0.98390488154085720
1.64338477776337277
1.10095125105438951
1.62231800326359110
0.46129240103206381
1.44599466970075197
0.54285115862863809
-1.28236625863589748
0.88821670899817773
0.79254506444867756
1.41760248998455740
-0.13068352063146393
-0.12608945649316750
-0.05176360933723341
-0.03253903119114247
0.84098871679060094
-0.25385424259937811
0.73603922787814180
-0.17139967924302540
0.21688997047572603
0.10941302380898033
0.50108479643497472
-1.01344231950257258
1.30791178213393589
0.78379552488406590
1.29058218845507700
0.70523931399341189
1.63196795829286989
0.22018185211441235
-0.79954368518581642
1.05320573914122328
1.18270861038283126
-0.90453365665085050
1.11461517965493795
-0.66803434446573706
1.10462780094563962
-0.55515003067904800
1.79236956934483516
0.31188760724743902
1.62561068392160157
0.36032670201817768
0.78718346576620168
1.37734563847191538
0.77010243605563677
1.67105986267149209
0.73945411540902284
1.52609457716479335
-0.05487571148476385
0.53657333700652632
0.19147639757305585
0.49975001276706216
0.37779382179409959
0.46851927130178395
0.69613097163705506
0.41716296606259118
0.95854435766981338
0.43386443875693054
0.79984421027303021
0.43302736031574457
0.93678255754785278
-0.66028790240419877
0.91787516451071638
-0.61978252085770280
0.53011909530772927
1.07270731822277599
0.39218244568023569
1.12389777290147785
0.33996970545990346
-0.68447739505155814
0.98020811809037456
0.17831567952746746
0.30406481266761060
0.18137962013939435
0.18649070467395790
1.59437303199016367
0.18763759182650641
1.59500185185525400
0.43318962562339419
-0.32475345429350483
1.11319933770179524
-0.71477595532798666
1.09125529473675020
-0.68164952243487265
1.01654420484364172
-0.52420872658271866
0.93504489346888808
-0.35798003282051261
-0.56283820676410445
-0.31084498468936711
-1.25209925193626259
-0.40766468370502523
-1.20643433437088610
-0.46502093589159643
-1.04843455437209165
-0.28876702514710839
-0.51782780985128074
0.69072027881114262
-0.24476969156143252
-0.26836790794746834
-0.10399838565525728
-0.19120161664021776
-0.28759133354974853
2.10890292067457485
0.89969284815609685
-0.97041747967350744
0.90093330365823088
-0.80775099701326170
0.88773450026433620
-0.67267455917312202
0.86088263987799951
-0.44146336264812769
0.84524948278160117
-0.33375562937793546
0.86027393547422670
-0.10879439828768246
0.84338205653002474
0.07574757257026848
-0.43361199056355443
0.33233154977954144
-0.30501991249978849
0.31123657637693247
-0.18593775201155502
0.54884548767591324
0.08819856232455500
0.73214192496440511
1.15519549519257181
0.61082162549326002
1.16090792133812770
0.64792359169753044
-0.71211768578065915
-0.26206285549396491
0.86132804546400599
1.47274019046521643
0.82058875992040803
1.39575864193446408
0.99913203903524683
1.33584182830182341
1.08198785792922392
1.32712802088510373
1.22430028739705077
1.17785516993211115
0.31651040176970147
0.26385684457620034
0.22287025654779374
0.65136880395901797
0.88698164760083487
1.08198255337004223
-0.19145840053305932
-0.03521844654867119
0.62591958380484891
1.01905714471913633
1.17485936464468121
0.55508404198076211
-0.31527438762966747
1.74021484375170332
-0.22111230185103101
1.58638681586610408
-0.30465367706265400
1.81415710590003565
0.84999997419556339
1.49822815595216730
0.83919805093367372
1.43375551544224322
-0.85095871072475560
0.85498699464726136
0.61051173087078858
0.53029762616380893
0.90885376656250738
-0.69697845177945950
1.30668180257062594
1.40863253904597863
1.25832701071820630
1.37382847774149286
1.10264587686113202
1.27202490764986509
0.95285366203184241
1.19078169363224728
0.74949326375935588
1.05973487739660577
-0.03341999627554888
1.93439403975370805
-0.01476187570439329
1.87259187019948570
0.06525477969120247
1.67359473748964249
0.11318734165279268
1.57793697882916240
-0.56675148941966313
1.09914715488064396
-0.36987112480951284
1.14444002527384359
-0.62757171745639184
0.45800472024032246
1.67711504893076757
0.81690848801171667
-0.07574688980625272
-0.25623936724981877
0.99367044226240031
0.50036696772548861
0.89745820080921657
0.37342602763872323
0.88036654647503809
0.29353484076541936
-0.77080234254407443
-0.20084117249666000
-0.59569523610402464
-0.11830278545530959
0.99859577510423359
1.33468629092455227
0.83614778890032282
1.14533665429885656
0.13749154683085604
1.15945839436918474
0.19939393602690689
1.05429752838497426
-0.58784983870230945
0.74845241607394741
-0.28686682756738985
-0.68006128278049560
-0.19298178296713214
-0.54873299345787663
-0.14547996011041536
-0.38466015889763017
0.06574134061440952
0.16685532139471532
0.62408494136434767
0.76793137026101932
1.34546079241841987
0.54674852566981980
0.66075783844830105
-0.41655725087096623
0.58240945649283227
-0.25101954303293250
-1.08175994163550859
0.71183643221561910
1.60968211498313396
-0.04062864821237297
0.78427025367311620
2.08155280108524376
0.80911556439292975
1.94021924744155871
0.86036042407605196
1.88078503945798503
1.07185059680972694
1.69441535116679676
1.22231738664091627
-0.29540555113910710
1.07105774525894848
-0.12972606181460672
0.99091470456880970
-0.00053446234681857
-0.29590694092120462
0.07692464648577182
-0.15941308019066944
0.17731573698630920
-0.39569431826674722
0.48029587906420729
0.58214800817506585
-0.44864364426605896
-0.08596340005641688
1.12021346746637285
0.93904194307667643
0.02132778802722625
0.83161204604849237
0.10796556254821874
-0.21313840813044807
-0.67323479169192624
-0.08853576942919518
-0.60436894089141435
-0.06817592428644795
-0.63332002326332026
0.15893448683824840
-0.60165136442893585
0.17041314088292103
-1.39811946498920237
0.19259830369297609
-1.22565117367102205
0.39408212937253395
-0.65372783214616925
0.32925662438274511
-0.57590692207246974
0.58214188418092472
-0.44383941575787395
0.74140037000129622
-0.35074249492547527
0.42457294275664520
0.71847063072922768
0.50691467206294494
0.51986008546161744
0.96152003437336853
2.07359955468775414
-0.17962908951643347
2.06233439346758640
-0.16629165763090570
2.01045140337721850
-0.13219014818168562
1.97280951077310984
1.24667548394649530
0.09155429328427080
1.07070742495394344
-0.04033776812259150
-0.90947794186490294
0.89329566467100452
-0.34868355332837836
-0.95409356144614510
-0.23404070138664568
-0.88486635381079415
-0.21640224925062607
-0.71822797234138291
-0.64677467923902188
-0.14357138344684600
-0.46036021007966688
-0.31977873608620044
0.85513114177319571
1.84479045954154253
1.88708650232220454
0.54296958620802671
1.88295219344807241
0.52646758638490010
1.73133721641817728
0.47542543268094056
1.67520986987475595
0.46185975092544973
1.49859000258154529
0.39725445242408669
-0.37694927124535649
2.01656407457822517
-0.36469450765776129
2.02257486087664340
0.62090371093002539
0.25947138742725095
0.85074942147111654
1.83179943986495708
0.55175132111190894
-0.32522662322580487
0.54543974875020984
-0.21425441417365454
0.59650698956061465
-0.00525745559953154
0.60145479089764908
0.25364134833136764
0.58626274295859127
0.57130028204981187
0.91235312207472230
-0.37730198626994566
0.89771761009616524
-0.33154447704884410
1.31690972134130502
0.93915296229817880
-0.52217217182290865
0.62366007672772283
-0.34873944021097175
0.57532717442091608
0.97039466541490271
0.85244987778709957
0.80745472942400731
0.88566698279784684
0.08855499771254322
-1.57681125523213783
1.66890152225170918
1.82252594152929004
1.44316527360820546
0.38435245820065922
0.89198183369873763
0.26337342224419485
0.56768205092173940
0.13472819863529506
0.33351785295135317
0.00433548424133096
0.46958123902327703
-0.51387919491125256
-0.33283521918919806
0.60778283050081305
-0.19222024340779365
0.55986121976143310
-0.20493517593503824
1.74639022895921614
1.72366966901674901
0.62642208283786016
1.52916459918073544
0.63291828883310386
-0.09266747455931866
1.17198920496162917
-0.55770289820874808
1.09798867368915931
-0.40082230036137467
1.06232865369170648
0.77549877613577745
1.62737669049730282
0.97152543245321732
0.95921257042845742
-0.11950736665114035
1.31845956941007070
0.01712973289185490
1.24717009659470990
1.45193468163726380
1.07910416612911186
1.29938304342738986
1.03711916463288478
1.24935054811413560
1.02660015535956095
1.10307130674838283
1.04993462018994244
-1.26263185157509561
1.00660185612929731
-0.20523789292050199
2.07406212455869809
-1.79159051471453146
0.63774974830072684
-1.35149564180926718
-0.59867640818853318
-1.36892604117844296
-0.60979733829367144
-0.63806803948030588
-0.35047117687382590
-0.58977806824494305
-0.26288479269057952
-0.44729279005310474
-0.25888572036843505
-0.36432091627785890
-0.27131168527422306
-0.17481890325326060
-0.40814039828260168
-0.14959400456710287
-0.47569489057029579
0.04173848817406472
-0.65858014014541222
0.21245321732329114
-0.78013558677823247
0.33519983383610141
1.67011442282818923
0.31003233246617812
1.49140383678828803
0.27867277870548590
1.34709508183140780
1.05892467570480409
0.96177486081289443
0.66937247932015076
-0.01708993392570623
0.54628852404109574
-0.04281304351361473
0.18328835530715279
-0.28233898337543845
0.23858199259662813
-0.11983504833249640
0.49426204429103393
1.14982609304735361
0.37803103981877256
-0.15375990962258845
0.54018690140622128
1.43068710810000055
0.19825027892014355
1.29974852580410771
0.19707668686191721
0.13085691823958762
0.83049393804673244
2.27622827811397244
0.85152886740957401
2.14279373128818218
1.81269579750733789
0.42600432312917763
0.19222722183552476
-0.06800919731927940
1.04568841861790407
0.57527922645654306
-0.68714137238781192
0.05011902421673740
-0.86674267476784883
0.15145572082891456
-0.90398252047797989
0.18973745064635272
-0.72850619607483758
0.17862798643841427
-0.70931632935754230
0.18456643029877950
1.83351850786806581
0.01855480952238847
1.68911403484493872
0.09223809324856125
0.65922086939201330
1.00647983770301286
0.50570801772636864
0.86300528812224619
0.64841633665635912
1.00698847412140813
-0.91401126583486492
0.90628244129529956
-0.87241655389768547
0.89021712455966295
-0.68479905549073683
0.80282840610335626
-0.69178843564238102
-0.45660577703188177
0.05977452789267910
0.46101447141832280
0.20075472408262782
0.41456619972226250
1.78677965094287083
0.09855722704054863
0.79739550324188346
1.63814238087422659
0.82921475001945288
1.47256672835182645
1.12923013936874450
0.01705864103499993
1.23242664524013534
-0.18547201509936251
1.11177729162585504
-0.11244441029683205
1.62214471223992218
-0.19199806133155095
1.00782686400953136
-0.17043658919714411
1.63275778891651879
-0.16259103055980678
0.26600587630575973
1.64982740688357277
0.18162887183727433
1.62684779866227425
-0.02381242835579371
1.64233464536519813
1.15687651066138653
0.66257230922757504
1.20921884753028230
0.89107289416894742
-0.01517864440290146
0.96190457351499492
1.94203944715680477
-0.10488349157778785
1.75170232885954702
-0.10812233069602575
1.62677924334010693
-0.14283976673142190
0.61192358318540607
1.25481097244600326
0.96536734066918539
1.20772347292563320
0.89888426925452036
1.05135105318392896
0.98995399125655048
1.30043403483218190
0.03947064793908521
0.57981743924632645
0.10768634298505919
0.55402082784869500
0.02332686257201475
0.41368500962377580
-0.55184125393547745
-0.07453364686668348
0.54165106408286068
1.23479884518906324
1.00895555080811494
0.70160882054710338
0.12743947655123061
0.95077417363596928
-0.44451076783559867
0.14343043765573010
-0.27464255783100783
0.06538264910586299
-0.25091549300021232
0.05523610186245531
-0.07297359619336023
-0.00310988006397225
-0.01547241382393257
-0.01638516268994295
1.55660897314487534
0.89222682838912304
1.25977903210765052
0.90004041477637420
1.88011570167082342
0.53553886511675819
0.15337132431238570
0.55974465356402625
0.32029316101673666
0.50085927999566171
-0.01958995094787676
-0.12697379671474762
0.14451809294669504
-0.13089931855414902
0.16881562468513700
-0.07316602826222303
0.38326652378441273
-0.57017476388158217
0.88929581539927571
1.69644876354083141
1.66816907156743954
1.09888095412292164
1.64901048427689800
1.07759397567304194
1.45429495136164721
1.05709947455307240
-0.82143451875966111
0.97372992541168124
-0.76984866244039651
0.93635159580130511
-0.17995966814190667
-0.38161139330582783
0.94376724625298569
2.06479577221716148
0.94799301326422503
2.05002828978487761
0.84546862298479331
1.90549715452426138
-0.11518960189022558
-0.23226330991735145
-0.30627658654176082
0.93616626746997411
0.03185013116102860
-0.10874868353734496
0.11091387063588445
0.03519704321522929
1.12856970885083352
0.17462483242441201
1.02976967173522471
0.18096625581918468
1.12958548729456765
0.44330092254965481
-0.64790291809800560
-0.53859654085815278
-0.62213918129672130
-0.51395512197744830
-0.44153447247621191
-0.37882577376148358
0.25922363346978716
1.63445265763581382
0.22881987577845220
0.08103771081451014
-0.27626577076889874
-0.15070681069304381
0.51568489324341027
-1.42813470645926266
0.51961825783253790
-1.40449516407286845
0.44876800590111743
-1.24189644331667726
0.43696483215956072
-1.19673592041054500
-1.08450583109341503
1.65970800052323542
0.15964109333882925
0.17661410698379620
0.36033038335211554
0.23422795889864872
0.43205974584598628
0.45941596126963069
-0.16396149012940620
1.97257586853271527
-0.30917762020705031
1.84418037529635437
1.31187849271507440
0.65821443836463978
1.20579882803242899
0.63910655936880900
0.91027464459092566
0.52346605078817721
1.08322732438183067
0.53695355101263220
0.92798276360197274
-0.19790537688252011
1.03895200586452163
-0.04199582923171884
0.84096098622181203
-0.12763666835400581
0.82591904327588250
-0.46024198024225965
0.84494481271015354
-0.45521097184972165
0.78595339903347883
-1.13313570194852975
0.71534053293786148
-1.00710820323406547
0.70654618191289875
-0.96260596598218229
0.54170480581016023
-0.84934169106632462
1.42290764529199998
0.64913764096828175
1.21558523532522145
0.70969459865952655
1.11930755779732172
0.72308045025518053
0.89722006945776323
0.83516757213991366
1.26060573977767132
-0.23975375632293469
1.24586230237801665
-0.23838202643338227
0.64592927402537859
0.43733807941024377
1.72692263923912992
-0.15475071926122422
1.62308120244473009
-0.05836028817113929
1.57357171771786364
-0.04452321267500802
1.42986307814996638
0.14609168049057070
