-0.79786500548133032
0.88100225166303170
-0.69722251714084205
0.86307648590124109
-0.55906711456735070
0.83247048571296356
-0.38994913882066307
0.79638794683853142
-0.19500179753419217
0.76025664174085195
0.01864127429155241
0.73029117409681421
0.24260252209896488
0.70581023111071650
0.47073591101489615
0.68582781023970441
0.68848787710801806
0.67679984232903190
0.88358143020622038
0.68577326539884298
1.05075365527225495
0.72010773116748183
1.18856914843150085
0.77567667955179143
1.29449603454166051
0.84069365177899447
1.34242796129831032
0.91497559470031031
1.27013368388545000
0.94516700206222615
1.15013125121837967
0.92952378077558617
1.00624775907107722
0.88663941855490958
0.85225301582556245
0.81922211621966978
0.69443097131509668
0.72622437618783164
0.54580537400563323
0.60371705718668378
0.40042995963299099
0.46355038062399323
0.25314849857794020
0.31624239632331808
0.10943524772314085
0.16922822894066428
-0.02615029535172334
0.02368264094034466
-0.15178493690012521
-0.11728700091292925
-0.26336200013484934
-0.25221928417121353
-0.36341228933915493
-0.37274404583748882
-0.46422906022724975
-0.46184025187356365
-0.56974988259914383
-0.50120002954539866
-0.66566002004163660
-0.47456220029584106
-0.73103093464093338
-0.38983762348834888
-0.77250367311127111
-0.27286754211414593
-0.79415160726164902
-0.13699466445341771
-0.79356770859516923
0.00901296420515370
-0.80595282278546987
0.16832711887444315
-0.83012199103055773
0.33660943616044270
-0.86510026715246391
0.50836244826700472
-0.90086553473151787
0.67764765997921395
-0.93071456236559857
0.83923188519605174
-0.94256411911066207
0.98724425033630314
-0.93990602247415622
1.11856285120840893
-0.92945283309528837
1.23103849228775597
-0.91653292819785359
1.32225358867513298
-0.90684709261166330
1.38771568841338433
-0.81938703265259860
0.81128328281648909
-0.71601214573317407
0.79515672104668766
-0.57587240158529895
0.76658410787723552
-0.40615837366911706
0.73165592160592829
-0.21075095901844998
0.69845239210655352
0.00245435889489652
0.67100652738123445
0.22790959474630498
0.65056221175207551
0.45604080629475890
0.63541621034849172
0.67497370870567053
0.63107717530955110
0.87320791196467196
0.64305017661253383
1.04483049499195246
0.67824893438180733
1.18413734390586156
0.73987619989660947
1.28826594477213296
0.81455761932720927
1.33570376167201754
0.89927957382824786
1.28265004188093101
0.96273220203313770
1.16520321658637949
0.96672520416665164
1.02535629304210163
0.93187262728401410
0.87783457768021345
0.86517920749383281
0.72721239679806604
0.77315014866170118
0.57741934785864546
0.65668278155857651
0.42604754975973858
0.52202885581043101
0.27880907005533839
0.37673551131994670
0.13662080449030295
0.22644859111995250
0.00320704502711431
0.07804970138592535
-0.11919022045174996
-0.06695664878483416
-0.22699140112083077
-0.20319074404271470
-0.32614111399963069
-0.32179398464952319
-0.42744689389932800
-0.40765437849670533
-0.53140304232477564
-0.44412543170293722
-0.62637226950440639
-0.41675197002191577
-0.68913814234325699
-0.33259099074399334
-0.73069792932097910
-0.21522491020760198
-0.75120573361693876
-0.07919138987798043
-0.75191513290982892
0.06749830958570345
-0.76142698659523145
0.22582013689878216
-0.77914677027078483
0.39125767746529572
-0.80596466233076225
0.55850625601784398
-0.83385918286036076
0.72204724043024870
-0.85780320150103584
0.87641182552968622
-0.86445394037616263
1.01605876976481246
-0.85430557374942784
1.13671523061131241
-0.83731297417755224
1.23741053913174204
-0.81890182608630691
1.31657401953101805
-0.80406916550444885
1.37120913870274630
-0.85258838471897191
0.71386855493847168
-0.74864319144097269
0.69965755917950700
-0.60723126998809152
0.67344242231014728
-0.43571100784422762
0.64261232742421104
-0.24106137006896658
0.61279748726730399
-0.02798277913696516
0.59100293727217923
0.19552747378630148
0.57488619993025902
0.42278773609057607
0.56830756215762745
0.64532799955279696
0.57244000005245188
0.84801573610553416
0.58972595950838713
1.02436294880082057
0.62988073943683864
1.16594509537823376
0.69910648105095585
1.26375009914414016
0.79217360440948936
1.30504704370898184
0.89722566768940004
1.26827713506162443
0.98929920166036189
1.16063545631875153
1.01376835626086259
1.02734973575671451
0.99412684615472069
0.88502195957438068
0.93615046444626115
0.74056924583551920
0.84787013296105129
0.59507508306761836
0.73488899605582803
0.44977453304691228
0.60175017085382110
0.30581036901807063
0.45648966803412094
0.16906196236103507
0.30328091967161025
0.04052215995039669
0.15105544878914620
-0.07729359307660238
0.00472243762150929
-0.18309166129051521
-0.13098445526211011
-0.28571148986510675
-0.24551446214226000
-0.39207265024104843
-0.32510914833879773
-0.49913539080848035
-0.35910362658572337
-0.59301210617559430
-0.33033794599462446
-0.65091721078137343
-0.24447788714955562
-0.69007763230485031
-0.12643606242404562
-0.71607128823794230
0.01142377349058634
-0.72111972910622946
0.15879264609541971
-0.72607581702902768
0.31521915736139683
-0.72953426767057483
0.47598947821971438
-0.74175011237193322
0.63600832304338617
-0.75532621540622402
0.78958279463682302
-0.76689220183798845
0.93264502728014465
-0.76199356921214756
1.05837470461420757
-0.74037072140682103
1.16283662810742117
-0.71339677073046781
1.24544263731152838
-0.68675007760590234
1.30559874131998677
-0.66467589142277461
1.34253988157228021
-0.88304844042925257
0.59666023426252213
-0.78113045544321058
0.58478895965799360
-0.64127980285505248
0.56212556553556803
-0.47025061366603471
0.53421175814239474
-0.27911686692880316
0.51029301310450381
-0.07045298348184929
0.49590814716057297
0.15097434138086885
0.49040146577865812
0.37795162731627263
0.49250799023156905
0.59974733985895368
0.50522485606728951
0.80513076540441797
0.53458923220414334
0.98145134986543059
0.58784375200969141
1.12230307658761452
0.66941051733874857
1.21690085228236100
0.77637945908347739
1.25520222539905224
0.89495324162043255
1.23306193092863214
1.00557712320604908
1.14485842427619544
1.06320000387244828
1.02067483259679292
1.06319392355462883
0.88368875374899603
1.01729581542755554
0.74289787737966673
0.93761041130089873
0.60312362713089707
0.82945756961770256
0.46441757325605232
0.69912633344961228
0.33090904201297533
0.55201469649455581
0.20257931226244980
0.39760865555373032
0.07989325741114238
0.24221721914022104
-0.03535569037117044
0.09509748444182230
-0.14598811182722340
-0.03716817624890680
-0.25686906325084907
-0.14550438618609357
-0.36971393917348777
-0.22067237370102100
-0.47916082416489880
-0.25326191129888931
-0.57224451248299357
-0.22399135049217520
-0.62265090469762852
-0.13837333721570422
-0.65034722253078814
-0.02143547169659641
-0.67109816031671921
0.11582553060910590
-0.68037639288270912
0.26442955141118946
-0.68678435256449866
0.41953796267060267
-0.68059078838447784
0.57544762042994824
-0.67302254689063223
0.72595338487783634
-0.66769392693037322
0.86728340407304794
-0.66110898623849479
0.99442611166182282
-0.63858124622198253
1.10161804654261242
-0.60191581967825891
1.18469896410291953
-0.56259497677745562
1.24375114459070724
-0.52765754915405894
1.28064219872132945
-0.49901948394946338
1.29510990497490086
-0.90665628578029644
0.46453950171495340
-0.80726627563196129
0.45475889411171944
-0.67032478691811792
0.43517699978644275
-0.50204158681542488
0.41222361306760491
-0.31599613514304242
0.39599316626735565
-0.11431069665198608
0.39027207103882505
0.09994108426607637
0.39591538722133018
0.32169715352309258
0.41179780870261173
0.53728132291091535
0.44046789685586046
0.73822667456620450
0.48642916625646471
0.91032151124185701
0.55547566152493988
1.04652000770590892
0.65144400461242991
1.13908189678743899
0.77197129582747737
1.18543667308820067
0.90088289525246001
1.17718482128492363
1.02463264381360486
1.11016736136229244
1.11187746193264725
0.99702891818970674
1.13626177384449489
0.86676252363340278
1.10648089686269913
0.73375535567817618
1.03517235405227370
0.60433117843591477
0.93160449377030496
0.47910930633767618
0.80322782298729167
0.35166660097011648
0.65834089476525248
0.23137782473519888
0.50292016043917009
0.11337765220500787
0.34688577142853538
-0.00643242719754451
0.20113531924883685
-0.12633460328251830
0.07355087101081212
-0.24801781675506251
-0.02881802616582344
-0.36608955240966878
-0.10150175235444667
-0.47826259673099930
-0.13373088557078944
-0.56762316117934564
-0.10620603098970079
-0.60817131565812865
-0.02097457024103917
-0.62512186603537390
0.09513222663792890
-0.63092208515078452
0.23132423310198044
-0.63286098541576052
0.37738452674291201
-0.63707202021505072
0.52902278049531182
-0.62166024512200746
0.67727844197976339
-0.59696581101228297
0.81695271966191829
-0.56979849999427756
0.94266555392878848
-0.53718552670283981
1.04924968688588249
-0.49024462188054807
1.13247402657406493
-0.43582842740407796
1.18973610717987444
-0.38482061398591488
1.22216699346790558
-0.34337904100801003
1.23378676475854943
-0.31638834286052597
1.22878770792848346
-0.92196926973786886
0.31915875483280481
-0.82411639581526119
0.31225178900123096
-0.68972815406696286
0.29686945043022245
-0.52734470828883118
0.28267306066905712
-0.34871790353871251
0.27360025598860110
-0.15419224825774358
0.27742762858289288
0.05303362762479274
0.29498588878596133
0.26431656065594333
0.32524558660833414
0.46639935638203134
0.37125623876700176
0.65442073610479690
0.43767170853742365
0.81896562468444778
0.52593692195556818
0.94879986520595205
0.63905930479899686
1.04186221197831674
0.76974112212599688
1.09193865269789092
0.90681894614675751
1.09548752577889696
1.04072931557347226
1.04966531148616715
1.15012971512625661
0.95675152120116413
1.20779154173804715
0.83537878880469429
1.19698092724707150
0.71147895742601064
1.13699388790012601
0.59315814447132531
1.03865013314370058
0.47788337981391504
0.91352420638021115
0.36170265181101907
0.76999192237817848
0.24665929680312293
0.61661971078573685
0.12768725295400590
0.46309875914288323
0.00273713864949975
0.32048986204972724
-0.12745290527708353
0.19601684732394653
-0.25944783447785352
0.09734805748160028
-0.38272838397373976
0.02519293131485194
-0.49628680384322960
-0.00744318098616664
-0.58023257411132445
0.01618090134117446
-0.61090507561988894
0.10102915648945321
-0.61718826982647135
0.21567816405074675
-0.61467182933050002
0.34969399569366438
-0.60944553399599977
0.49176863365451301
-0.59424217640491372
0.63556292458326880
-0.55698954263086065
0.77321689050611198
-0.51122363628125711
0.89816536661679414
-0.45428095035068677
1.00274979714781054
-0.38832525171967841
1.08374915773878921
-0.31305449411322900
1.14199790653450695
-0.24231957878859459
1.17292046493587798
-0.18930477887285874
1.17757124305971006
-0.14862022536170097
1.16475759353663944
-0.12561937507201440
1.14222429030390615
-0.92742658662209010
0.16395052313588002
-0.83394320574961600
0.15983872754280345
-0.70405626272319499
0.14927271338459550
-0.54960324181113063
0.14349310577249888
-0.38128792048928450
0.14388526047424002
-0.19958595409263277
0.15813038628151163
-0.00533157691349181
0.18667975036113338
0.19415620662434310
0.23347907474246074
0.38219238067511008
0.29722004402093483
0.55702467766572505
0.38340499189220612
0.71141025146848391
0.49164432811755482
0.83350662778124995
0.61996878938768829
0.92403068072611283
0.76143015739158604
0.97587118943206541
0.90984302568772435
0.98705617475823326
1.05388771233703182
0.95668607313810106
1.17873209123800682
0.88631179483885270
1.26427975406019177
0.78090109595682844
1.28228514378305491
0.66662309639346762
1.23893519738086177
0.56110290772947735
1.14768101885840768
0.45944884295948241
1.02679816520620881
0.35469052752576219
0.88683756623133869
0.24389085946238298
0.73588790082331501
0.12224061376310588
0.58588615202371863
-0.00643274067279755
0.44554284984752962
-0.14159082004545548
0.32225731579601091
-0.28035125066671507
0.22500120408608923
-0.40768588702285263
0.15233377230239328
-0.52360834443438808
0.11798788639830601
-0.60687213493980396
0.13625280404697668
-0.63074135548568533
0.21871690747830158
-0.63146110565207680
0.33115577484116082
-0.61846617029788220
0.46053577822086694
-0.59733719566823318
0.59596284901623475
-0.55322633787952358
0.72863859089706429
-0.48365502622046580
0.85056225884817127
-0.40321655179141830
0.95457828633693320
-0.30987458668372703
1.03571267088465979
-0.21462921836437099
1.09507776441090221
-0.11498043221492718
1.12890352811545025
-0.03606427338120434
1.12981616076786784
0.01194790958308850
1.10630876896380848
0.04714582803749639
1.07084350438026155
0.06433835620908979
1.03609008722349194
-0.91963054633211339
0.00276281376751557
-0.83181784906612355
0.00025224278662795
-0.71005816058731586
-0.00498012719733938
-0.56634681591833380
-0.00359145778970155
-0.40919360920971448
0.00789408589330379
-0.23986650097653284
0.03371295273232218
-0.06069054158927839
0.07604874872433498
0.12282282363167417
0.13563845147954606
0.29717247137095071
0.21654622211376165
0.45582507364939229
0.31938684137484935
0.59528100534314921
0.44603080768023912
0.70904077425477641
0.58940107408835751
0.79128426339822466
0.74425031088975568
0.84075675249642123
0.90297170557544626
0.85478027655765720
1.05712602083962759
0.83613401502729912
1.19512018108651241
0.78251588349102308
1.30307858956021350
0.69619818832220570
1.35511467838305544
0.59502791443148428
1.33331170941876942
0.50154174687580444
1.25217228348023624
0.40823239703668740
1.13764235553740489
0.30902667321692262
1.00386966436793212
0.20082586949554013
0.85736690893334511
0.08252549100084347
0.71123719274386787
-0.04468296154256828
0.57269113030065188
-0.17734734488296947
0.45022492866448116
-0.31096180099714732
0.34994232728226665
-0.43771779154426821
0.27662691667218708
-0.55359388306848389
0.23878781993473372
-0.64187059121410561
0.24999142923577963
-0.65796775004232178
0.32753223777785173
-0.64847890202636704
0.43484639627402455
-0.61877724565498515
0.55493481195533068
-0.56164069474855838
0.67554369333498376
-0.47668564420452891
0.78871726280022270
-0.37422882515104111
0.89046167824737132
-0.26143045640575185
0.97685467917288660
-0.14587068700881387
1.03787321300802970
-0.03504271700280938
1.07099607211510928
0.06558232592576345
1.07496734337955502
0.14559820990581543
1.04950798559878655
0.19733361332125179
1.00434404862126692
0.23194942597770898
0.95292369925809028
0.24787620551354198
0.90851825718726742
-0.89783004028751323
-0.16268506663949786
-0.81634993653953303
-0.16317773359732898
-0.70452768338899996
-0.16260632897723815
-0.57290456854003802
-0.15448343884371957
-0.42766804199105202
-0.13352900361634260
-0.27363296999544151
-0.09698380250321573
-0.11225484758474705
-0.04250523522944252
0.05372714935791589
0.03249253317943924
0.21266172879112263
0.12881004077712790
0.35381741545316703
0.24935932375289371
0.47576575098822643
0.39150511520967463
0.57608381040930146
0.54822373207505604
0.64953147701657032
0.71670000183978033
0.69321461490919356
0.88649901907043094
0.70809575233696076
1.05054269564894387
0.69611460723792606
1.19964811748389222
0.65524281044473032
1.32446988656989006
0.58782388315012313
1.40737748101352911
0.49937816129822815
1.41603248773008827
0.41565060946197896
1.34921510338864636
0.33121560178772907
1.24291741411812495
0.23830415391324344
1.11519122418093075
0.13509858286600243
0.97422131449100458
0.02089282944217419
0.83188281903615358
-0.09974163397761197
0.69698626637061856
-0.22406211388085320
0.57598173260350904
-0.34798807665327680
0.47365840709423496
-0.46709452213217584
0.39565228808729597
-0.57754813746678346
0.35255519430421633
-0.66591724429734533
0.35100970524137659
-0.66923904790881361
0.41805107275164710
-0.62860460101001558
0.50990301204961763
-0.55497348391730472
0.60797841414803677
-0.46403914505482208
0.70899519748831008
-0.35581944333068666
0.80720798027436591
-0.23372957571851236
0.89428067049911486
-0.10449376127775566
0.96244934422513095
0.02075606294732136
1.00000869995356267
0.13825766693195207
1.00609182062557179
0.23820538262892124
0.98377735086082374
0.31631823430493011
0.93549143088281828
0.36918642507912064
0.87370588927041404
0.40480734956490333
0.81032470899438414
0.41992563929227611
0.75832128887745498
-0.86515065090727272
-0.32900157910356187
-0.78917883404941247
-0.32705538467262724
-0.68560138531450188
-0.32163118484203146
-0.56375248014336332
-0.30672539037510094
-0.43218369279814334
-0.27788234339599854
-0.29502706745922697
-0.23142687680318672
-0.15202547411691594
-0.16491773587593858
-0.00735296504229896
-0.07416151950305751
0.13015582309763296
0.03705417846944509
0.25298892981672139
0.17183006659266595
0.35775802335456303
0.32703130754214782
0.44196972250846800
0.49680157800174218
0.50440238919704761
0.67764780865532037
0.54281954239932961
0.85938887886602378
0.55779859935140774
1.03366092761600825
0.55055871496958031
1.19359780279028782
0.52038423775387699
1.33338153639135837
0.46942599453839207
1.43967005569293094
0.39498255607929389
1.48376632632348793
0.31580875447375401
1.43705677709733348
0.23997399294509036
1.34022470675364103
0.15502769244982756
1.22001747902594060
0.06102488714408483
1.08636193083308519
-0.04654773775055983
0.94758169308458662
-0.15694472877097287
0.81548076839351924
-0.26859257712431889
0.69553590055434222
-0.37766853813529255
0.59114184704174844
-0.48037232180129380
0.50799871777976957
-0.57222190986025678
0.45441978974920527
-0.63236504247564440
0.42990172232064627
-0.60259082553869014
0.46733837808427220
-0.53464497003808398
0.53201672867097294
-0.44069386932617505
0.61060566906687430
-0.33402704494143332
0.69997789533703114
-0.21469607757283810
0.78487245588366916
-0.08425049174706510
0.85605737419549388
0.05110733646575228
0.90430660259556994
0.17876310700260439
0.91657826797474373
0.29642112021538963
0.89950685979484313
0.39539481698698825
0.85624147938300654
0.47099712578222291
0.79080072518663591
0.52306309072166035
0.71681133554940024
0.55507499556539719
0.64322726295090171
0.56909770056620346
0.58612476061643215
-0.82387879558651356
-0.49294283130716526
-0.75232049914918708
-0.48832370032164119
-0.65453639219803728
-0.47938655561288029
-0.54211801734706366
-0.45839240315522295
-0.42169497308356313
-0.42278594516998569
-0.30012766902158250
-0.36731579587793062
-0.17840478436859308
-0.28755208741311583
-0.05686671710112315
-0.18176994062899871
0.05882160012039374
-0.05851092941652006
0.15728179117584284
0.08814222576185973
0.24092996842781933
0.25577198059020845
0.30910691096328891
0.43794307716392955
0.36085595034758738
0.62864317572906481
0.39495818390593884
0.82064667511317335
0.41131535213827813
1.00511451105428096
0.40858869936872072
1.17670040215381144
0.38653133110346888
1.32859491356896431
0.34754204154075685
1.45312882592661241
0.28946920508743351
1.53046084670570837
0.21301232491828459
1.51398060769337017
0.14358774433016966
1.42858777075158816
0.06875739113482776
1.31644134240538135
-0.01477411038011663
1.18879916661958784
-0.11050087418786350
1.05554786202559403
-0.20702115239782787
0.92643363405298584
-0.30029954696553240
0.80548244434671268
-0.38717788828822602
0.69744343473270298
-0.46431365720065071
0.60592373696113744
-0.51989162395452460
0.53276185379733054
-0.54347673554441500
0.47122368351851818
-0.49556236992395514
0.46369823505500146
-0.41481287846582438
0.50377805317407764
-0.31236033020202786
0.56864265972695038
-0.19784874447309800
0.64508253020996087
-0.07341025957060406
0.71689129088125614
0.05945586042417895
0.77234226031433950
0.19407892094756141
0.80196899615683037
0.31877309106749596
0.79372201011923127
0.43352886100343802
0.75667000348715119
0.52905844995908891
0.69661715888438236
0.59989267205973695
0.61779484305419718
0.64724315207461403
0.53274054413304461
0.67594965330406731
0.45459650467459439
0.68777626073636278
0.39341239985119103
-0.77854422226051700
-0.65031668605182269
-0.70972103209211290
-0.64281289702682542
-0.61650673790081423
-0.63072021540311163
-0.51062025075808071
-0.60486036849810509
-0.40033278187714016
-0.56264745192289467
-0.29240725122983735
-0.49903794263620049
-0.19057982476955443
-0.40924971626486845
-0.09486418356666659
-0.29388500505426740
-0.00617429681925167
-0.15717855933200098
0.07098890609605882
0.00066737467742308
0.13323689790033752
0.17863615696547505
0.18417390556762592
0.37078341232708312
0.22677982843774130
0.56886486368031552
0.25642499379966999
0.76919471164744280
0.27311152932131455
0.96434435928331375
0.27387237314295260
1.14652176582125764
0.25832900135039266
1.31097970759107785
0.22827289277516979
1.45118243177139372
0.18349753156741891
1.55496969458471268
0.11625471379537582
1.58028769047655215
0.05111309502581953
1.51060411145916373
-0.01299920390614371
1.40519529306723201
-0.08384071028825550
1.28433617937839895
-0.15962786015835906
1.15414135614635271
-0.23333946152698043
1.02465857313546094
-0.29875647762774332
0.89995260698839197
-0.35076917074241132
0.78084266542284608
-0.39044172816161649
0.66667260498409875
-0.41641460014736253
0.56563853436484757
-0.41876607552167122
0.48020112619952976
-0.37035212621705188
0.43451481281489646
-0.28520477096534985
0.44432221444047104
-0.17907568169900179
0.49193452601597859
-0.06150784770565848
0.55563985340863542
0.06409616455169009
0.61415376464714133
0.19325123857404353
0.65527107637489912
0.32202798421934398
0.66562523210345292
0.43825675591190000
0.63788805312131380
0.54411397097149650
0.58425788254527278
0.63079496648092870
0.50928207577772455
0.69285709705975163
0.42147135517386214
0.73357592348996925
0.33094846615922296
0.75766131793131541
0.24994737622895183
0.76818796307051151
0.18701050527166116
-0.73241326675368790
-0.79675343271379950
-0.66384421460741005
-0.78603755788577867
-0.57415370479067906
-0.77051561253578960
-0.47367905110496494
-0.74241716562024407
-0.37032178013927974
-0.69562666671211326
-0.27344127752185277
-0.62567601227594982
-0.18982241183163723
-0.52869730922789193
-0.11977480217286737
-0.40479812964524842
-0.05824401763722238
-0.25819951326384655
-0.00323129787549649
-0.09199724487357887
0.04084227384385879
0.09461606675104546
0.07655057813549153
0.29451093829792480
0.10710007688766000
0.50116551371086782
0.13169564657693114
0.70772044347480934
0.14667638083946144
0.91000905449597891
0.15117202423308321
1.10315239938994858
0.14139999954957183
1.27976471082449139
0.11801513120831174
1.43457898274638418
0.08530970123440332
1.55749624421073252
0.03554891936925783
1.62672866023433738
-0.02572538597382624
1.58524067378049960
-0.07248088848602617
1.48965115296086359
-0.12027521997064362
1.37416316559319696
-0.16426430834386371
1.24397750534664375
-0.20172629406078466
1.10391161093582757
-0.23257387373387703
0.95864699134454756
-0.25559913367592146
0.81619391712890610
-0.27454097828536472
0.68382898351816801
-0.28262622647700275
0.56611433601531702
-0.27277953170753944
0.46432559095653658
-0.22779092613295190
0.39157925346613637
-0.14657838128213860
0.36931375932249672
-0.04256305261365270
0.39206185360824719
0.07476175780499139
0.44013032410532044
0.19648918270220397
0.48625634419523434
0.31801154124994391
0.51204250367695225
0.43651992078039198
0.50606217660205244
0.54013353085925075
0.46221690086952316
0.62934933695148576
0.39316611879124519
0.69884107378754390
0.30701351670172955
0.74836988275778704
0.21270155539767829
0.78081699399963811
0.11838253937921807
0.80086277646444037
0.03515202263429578
0.80882160124982150
-0.02878008985740023
-0.69115077638533062
-0.92788015906220322
-0.62065850269847744
-0.91511125185802755
-0.53073530588984863
-0.89711548115923623
-0.43258674703827166
-0.86667280085413734
-0.33477749765007259
-0.81840255706988396
-0.24651227996362018
-0.74463146082717746
-0.17606432897669935
-0.64225221248332798
-0.12689819460879309
-0.51279558285813920
-0.08954953682549215
-0.35987202529011392
-0.05596833059891283
-0.18765057946813263
-0.02781962939699460
0.00447974753521002
-0.00644651249404400
0.21098278419502123
0.01423473530768008
0.42210426628098502
0.03135081121833937
0.63519180453114055
0.04234807098674064
0.84635967393385536
0.04641238106134126
1.04871692456385079
0.04344019483836183
1.23657628005694953
0.02910679825049915
1.40354938584687372
0.00668373545489578
1.54360495034043876
-0.02046850766399833
1.64264870937887775
-0.05440299640640677
1.64928869796406508
-0.06748132176052465
1.56148980208144250
-0.07991508035301981
1.44069289011979573
-0.09208645454728651
1.29680111209734572
-0.10407795821543088
1.13729369866433738
-0.11924611556400259
0.97649459546211503
-0.12668921810981054
0.82044615785418107
-0.13124897559576623
0.67533389649416653
-0.12900714444036804
0.54552637665864878
-0.11185442990206464
0.43122333507162941
-0.07045280526818976
0.33865137262334066
0.00273838500273697
0.28582538401254909
0.09967702071930573
0.27945499633119791
0.20980435230379843
0.30778393171810153
0.32210837187865959
0.33873246132953561
0.43193263274599258
0.35247880347447347
0.53597521137819848
0.33324396120934152
0.62220169420669313
0.27573276982956585
0.68969311598143468
0.19423838596134610
0.74153768885831717
0.09971903947315969
0.77584119911584126
-0.00073453458175661
0.79833188124071863
-0.09825972235470171
0.81304499473865977
-0.18211870135708005
0.81608229841497504
-0.24913207744082169
-0.65632208473560760
-1.03762288008609382
-0.58576156904669008
-1.02361073654720491
-0.49646029165035166
-1.00583128372696584
-0.39654229620127190
-0.97707089839742367
-0.29912840653878714
-0.92813541112587283
-0.21614385499802896
-0.85269133882575143
-0.15257498230453603
-0.74725738915626894
-0.11492806357438903
-0.61492619265575454
-0.09432410410131925
-0.45885942317570622
-0.07746697091030334
-0.28196433818223021
-0.06396781989056166
-0.08753282748514801
-0.05277298269047806
0.12029832871058502
-0.04036848769543228
0.33486575114410899
-0.02806478904014371
0.55321416303812798
-0.02073614353760378
0.76998288710139851
-0.01479217627691466
0.97756070256758876
-0.01074451042816042
1.17190134427697945
-0.01268047794636639
1.34601352710596123
-0.01333059418984034
1.49302972962889902
-0.00585464567187394
1.60620504448803203
0.01056777289227967
1.65812540071825110
0.01917848037764325
1.57432824884876399
0.02304874969854247
1.45216730787987669
0.02556343440432967
1.30476621789210845
0.02627044478801680
1.14023102975741741
0.02368559092856804
0.97236615787504055
0.02523577856063122
0.80771308300696387
0.03011530834132249
0.65148653551481406
0.04101112877254677
0.51315087502572376
0.06211230046120740
0.38681911977291250
0.10174155232613545
0.27893847970980334
0.16248655239203377
0.20119067872828850
0.24227496907212773
0.16137992525608488
0.33804455185677995
0.16392878680390982
0.43660694733112354
0.18114965663709467
0.53169753102767481
0.18220248170430900
0.61676889751754282
0.15218398296574992
0.68286127918871786
0.08442706571737554
0.72826570357945186
-0.00671024127481834
0.76058238312335291
-0.10888889651102122
0.77836313264342138
-0.21392047883101606
0.79007572335461662
-0.31309405489618480
0.79560084118185204
-0.39668825302908828
0.79537190873402630
-0.46130179971075352
-0.58799576053441882
-1.08780016207663288
-0.51579927573031759
-1.07212391937630591
-0.43552339319306294
-1.06402933291019330
-0.35656159011251060
-1.05502164707470159
-0.27297770769199126
-1.01915027301376160
-0.19020720177213790
-0.94668174757525625
-0.12721949484334469
-0.84122736053101943
-0.09090801733046033
-0.70797580251393966
-0.07397540676062808
-0.55060015753701497
-0.06307916147469626
-0.37187138970960265
-0.05146933699877054
-0.17594062696226953
-0.04276062823556930
0.03071423190260557
-0.03085604914031562
0.24683715265866307
-0.01795176018700257
0.46768412354842620
-0.00559133463280952
0.68689082658308043
0.00521780281260902
0.89839508788774469
0.01309667168296419
1.09749917085970994
0.02242949287032704
1.27990604148806608
0.03939392680693894
1.43753693469844701
0.06590608988183350
1.56417262930658718
0.10393096796076723
1.63283589442222232
0.13403942064670255
1.56144870454917406
0.15163995257813925
1.44244495828575237
0.16579958058886055
1.29399805999198914
0.17614711952178072
1.12736085830360921
0.18452086173095411
0.95610069509644990
0.19399570742425168
0.78577089327681282
0.20553910872038297
0.62111929364322782
0.22235492245319305
0.47248722839721913
0.24540828373953710
0.33821112059151398
0.27959453674136842
0.21753019498383858
0.32718550377384176
0.11902312294172224
0.38668956969109208
0.05143636280811090
0.45929179997682229
0.02013407725825328
0.54048652972037547
0.01682443440169869
0.61750180064471638
0.00538707123864122
0.68169830168851031
-0.03311732972486664
0.72305513061679338
-0.10859654002005809
0.74583501955663656
-0.20579505107367638
0.75929087164741838
-0.31154863567674074
0.75857309114139782
-0.41703977234924217
0.75818692305918811
-0.51310150176409741
0.75505786322875623
-0.59447626692919509
0.74973626628602474
-0.65693919341088280
-0.55244557470087374
-1.05584443618094714
-0.47802440180749178
-1.03954895608628517
-0.39057951783185857
-1.03946532476548104
-0.30514013295850007
-1.05362226412003435
-0.23379672631876330
-1.06522928121847915
-0.16943885733777780
-1.01644502862522845
-0.10409866033766023
-0.91721909216150599
-0.05993578910840084
-0.78443612936757445
-0.03287897224055585
-0.62570475970518558
-0.01441242799035552
-0.44546142226316970
0.00482626189617049
-0.24882342280246897
0.02420783256243712
-0.03954267451229478
0.04283478527552205
0.17891718966735654
0.06098492349221487
0.40423168492863365
0.07871619194792709
0.62810424058042558
0.09209508058115840
0.84471469459694082
0.10009198582972163
1.04891521852307634
0.11426479699930345
1.23829774934637094
0.13876540774086343
1.40351872163778602
0.17425237542375835
1.53651733559829795
0.22511150066952257
1.61405771589982439
0.26895557280537236
1.55198239602307275
0.29791906521238154
1.43491292934281489
0.32080599575892044
1.28692656049152476
0.34014555679897718
1.12049603187475011
0.35666540356412729
0.94265549171628082
0.37284711544769777
0.76491484768941220
0.38864385887803915
0.59307764973344901
0.40936135606118412
0.43482798329998273
0.43265872936424321
0.28989494902927915
0.46054171276477207
0.15822405818996829
0.49437173567019749
0.04407030951343487
0.53561741297739629
-0.04816575704903277
0.58303019892600050
-0.11111098500307155
0.63642922188157991
-0.14936847162441921
0.69266239001881624
-0.17649964276251703
0.73062250923197847
-0.22144115583814722
0.74627095365448659
-0.30013909739745459
0.74199331759765397
-0.39770039152090048
0.73326785998846689
-0.49952166314944585
0.71904431169644678
-0.59814868920620423
0.70610422901691383
-0.68894538257198856
0.69274956163357349
-0.76687985035030504
0.68039071435536547
-0.82688324662210522
-0.56694733763278027
-0.98095813028314194
-0.48883412962564698
-0.96474531424273913
-0.39428420825249622
-0.96930300717470597
-0.29787644062911645
-0.99337555153573209
-0.21112204681236837
-1.02563622044969516
-0.13757381488573420
-1.03602599794083594
-0.07120825500812719
-0.95729487495400112
-0.01292832914691253
-0.82918909496056037
0.02949356371590888
-0.67141163919923741
0.06051668831433575
-0.49121216885280311
0.08914588839811700
-0.29375622027097292
0.11956013646383788
-0.08448148882203102
0.14860958302597146
0.13594562129156454
0.17343778186578560
0.36391293269825098
0.19747075603173808
0.59338482072108534
0.21697745773604632
0.81692872995225740
0.22943631290971950
1.02872205881162126
0.24262647857152939
1.22110475738218272
0.26776527783927834
1.38957584421689218
0.30832185351303643
1.52392232775508396
0.36771799374925151
1.60311053709035578
0.42081345370217837
1.54685850710545170
0.45699683972447291
1.42998845772863725
0.48611076531358055
1.28221693090479061
0.51231497682176819
1.11448844032635419
0.53477066992263300
0.93377269437303168
0.55566212337139709
0.74939603344276906
0.57587956739221968
0.57004718551347600
0.59706854587579072
0.40131927148547614
0.61842325997049563
0.24685983570031739
0.63920117486038552
0.10416513668479072
0.66227991623406302
-0.02479540309073197
0.68726188819554990
-0.13734624907192472
0.71172989095049177
-0.22964220714770650
0.73454120920340737
-0.29915082824120032
0.75947659598278972
-0.35366330461127821
0.76600194033876401
-0.40856295388904323
0.75153751351826925
-0.48415887936768398
0.72507837668902486
-0.57175930090039939
0.69406081557940214
-0.66085166092171177
0.66145842476305794
-0.74782837722928619
0.63053979362879609
-0.83132861190880891
0.60254998849014418
-0.90245765147005708
0.58123472100486095
-0.95706216373549235
-0.60355831265590265
-0.89636660472639706
-0.52205951910715331
-0.88181189512757530
-0.42033428773183140
-0.89089577208856330
-0.31521829766646514
-0.91981702869226756
-0.21396339028954336
-0.95886271432662962
-0.12133735924562593
-0.98656613643008506
-0.03374637082570119
-0.94426602242124869
0.04232495588808533
-0.83313281025003239
0.10179645669640400
-0.68330952484212448
0.14815876323910127
-0.50791579523020391
0.18905425648793134
-0.31374470034575780
0.23074292426858825
-0.10502716685260698
0.27116900068091926
0.11388961261490679
0.30700393297362977
0.34344885421902732
0.33628751784468852
0.57448353896086579
0.35973837549330373
0.80177240344482970
0.37589702330249125
1.01657820840492819
0.39060482958786946
1.21287865254385552
0.41468886593104554
1.38383817906995588
0.45725933067574004
1.51954593083367140
0.52356769420211613
1.59744733612276169
0.58448609414902397
1.54577156046175523
0.62569041695426619
1.42957998975297373
0.65949854871733771
1.28012941162855665
0.68964854745605941
1.11023861826899140
0.71536485712159947
0.92647281515847113
0.74002283518077683
0.73796279503931905
0.76169915599870708
0.55224012310094805
0.78215378316622586
0.37470093026118556
0.79967732653477097
0.20901450367581248
0.81488157082570423
0.05538555575479329
0.82801611669344100
-0.08861128721187227
0.83888962127694067
-0.22031589686033740
0.84103958699572190
-0.33272699211096779
0.83615593690114709
-0.42719677043864945
0.82365980054121379
-0.50341053896752930
0.79349806434390247
-0.57045630352405718
0.74812427719114727
-0.63832897423023538
0.69410688938284704
-0.71065798509117717
0.63620918899556156
-0.78441597467740054
0.58115713844023587
-0.85696019156543635
0.52778055687412606
-0.92445499419453692
0.48379305846269999
-0.98607222650019055
0.45485226039634724
-1.03695422905285684
-0.65339305018600269
-0.81048973195182383
-0.56893064314170505
-0.79967588752462948
-0.46076856749752471
-0.81120686075125747
-0.34581129349421752
-0.84462740048880858
-0.23133917487237995
-0.88685012880870306
-0.12117707066260301
-0.91895090236387655
-0.01101332122391680
-0.89842191087929912
0.08980010782295769
-0.80587029557273926
0.17355307894350816
-0.66871240934289022
0.23923206233315261
-0.50058896026524025
0.29504440091748496
-0.31288606536585184
0.34947529949995865
-0.10875798184709039
0.40306672150663858
0.10713470388816596
0.44964674821873951
0.33290929141797143
0.48719250115159890
0.56316312165687610
0.51461391798643319
0.79169140966646023
0.53199432387479761
1.00898792511294166
0.54872659044284766
1.20779657381326855
0.57307453407105124
1.38018807617174688
0.61639682324737699
1.51588400820789881
0.68785140988951488
1.59163713127548379
0.75436011618498000
1.54490592492069423
0.80071823408922860
1.43055179374104058
0.83786477937381476
1.28024027273888663
0.86987348102504780
1.10791163931636460
0.89723957188557180
0.92039618931428435
0.92110849460189748
0.72835797272125635
0.94123060142363091
0.53741073211408008
0.95847239134390017
0.35450340903425803
0.97102320776256246
0.17971595757024458
0.97964818070428639
0.01378534302266080
0.98313925837410432
-0.14488947535297683
0.97734837834407540
-0.29027127565515337
0.95754874163991566
-0.41883167135611876
0.92473588240141669
-0.52983494750970050
0.87642093295747936
-0.62208989820855842
0.81156759597254435
-0.69380779720610963
0.73160583092842124
-0.74980916423706157
0.64472881624607425
-0.80397726101940359
0.55961228625192716
-0.86096178722262784
0.48106306225738277
-0.91648045138879164
0.41055768393362169
-0.97139547105753743
0.35322307386209290
-1.02359718472204153
0.31639743913055068
-1.06909885045554454
-0.71258895028376390
-0.72863805509823898
-0.62432637590586826
-0.72126743036089391
-0.51098165261926365
-0.73848302034494384
-0.38758877835345679
-0.77568404134691216
-0.26179039900214812
-0.82074024427547254
-0.13211801315666052
-0.85094800950080152
0.00309554475301258
-0.83583959654867346
0.12863903542121541
-0.76159861628826608
0.23760558561281392
-0.63835039754480860
0.32697778202476824
-0.47946141222578720
0.40301571336703584
-0.29825306646153232
0.47202243417790990
-0.10089623169326878
0.53901207262216377
0.10967507094155496
0.59781686357164820
0.32992943567006555
0.64330044751444493
0.55706728698194841
0.67571076126004059
0.78347457199767390
0.69650932813924316
1.00139090866860858
0.71654702536245030
1.20205095149893770
0.74124737155382781
1.37617456253352932
0.78425656664745480
1.51187549356144180
0.85858759114481809
1.58626976745061765
0.93037198877589655
1.54478146840043373
0.97972485030934031
1.43130411648948597
1.01638622729206629
1.28171266158623265
1.04897959405694108
1.10874974264610526
1.07532506555473506
0.92021027429656554
1.09685119848097856
0.72552333865365060
1.11251436765998468
0.53067217983332460
1.12344948535036315
0.34209430638203936
1.13097204249781957
0.16045204882481590
1.13233824831248864
-0.01437193393443724
1.12483023050389597
-0.18153461607482746
1.10293051088917826
-0.33682734953200522
1.06186363906854053
-0.47738613613895092
0.99915899999946167
-0.60008946336708446
0.91515709206525309
-0.69993611006499667
0.81150389344034790
-0.76806240716927632
0.69534457129069049
-0.80626830145106854
0.58128897168618821
-0.84146565491849268
0.47551602734330373
-0.88307703881967758
0.37903618530593425
-0.92576768719392977
0.29362605251073987
-0.96874091482796587
0.22435585455344972
-1.01208618689869145
0.18044684273451841
-1.05393115494972767
-0.77907995610649494
-0.65870505658260303
-0.68738796838972849
-0.65767805682258429
-0.56997331160967124
-0.68262714586495055
-0.43585667576081694
-0.71809010269431306
-0.29145931707682005
-0.75327851138530111
-0.14118650549414338
-0.77707503104489239
0.01140895837581176
-0.76950534615164901
0.16085305149410900
-0.70796197601398303
0.29407974476765297
-0.59903457892283418
0.40975759355698810
-0.45075271732517935
0.50785275515301198
-0.27842473410285873
0.59500678748101565
-0.08730026251722468
0.67616871930542677
0.11557359307615896
0.74680995254064031
0.32910825623461776
0.80059301278781647
0.54958917221768888
0.84033026659112720
0.77149651323994117
0.86822175837725857
0.98805575203332507
0.89366998214552751
1.19009916389194337
0.91979303029915427
1.36555432358220896
0.96229963524589812
1.50331230007592875
1.03427828643862796
1.58228913050166753
1.10608899366544589
1.54791012982289700
1.15421144839743017
1.43577685466622795
1.19143540969198702
1.28745932625814263
1.22274203585221608
1.11613022266727091
1.24576677332236030
0.92817630622862735
1.26313513411421829
0.73286396954040145
1.27189970166553201
0.53691751702497514
1.27618007701028402
0.34411024175587651
1.27640685263650155
0.15746041187662493
1.26979165626742341
-0.02163525521410425
1.25347363462117700
-0.19177655103148653
1.21766306310442363
-0.35017765301575621
1.15646911431453958
-0.49076201395803676
1.06625503181812120
-0.60558054814960527
0.94430775690048785
-0.68460448441487376
0.80110345368036540
-0.73105963431249943
0.66060931724883443
-0.76888381085268021
0.52804599613495284
-0.80467889661356284
0.40506936293321799
-0.83998498598670657
0.29255598735203969
-0.87540987529679370
0.19354120614806622
-0.91322711072610951
0.11387641773447013
-0.95485473147318733
0.06399250473919627
-0.99768121493768169
-0.84353864200098494
-0.59916169740929281
-0.74916477791511860
-0.60079640374251786
-0.62237107894409405
-0.62087945852005499
-0.47455192786886269
-0.65077719709474491
-0.31541684052512581
-0.68249265669791281
-0.14825221715839082
-0.70261029247427709
0.02291889025950575
-0.69702131484858132
0.18944581885304396
-0.64958262751803419
0.34493655352658037
-0.55794600597869892
0.48509635715770955
-0.42301131499461320
0.60696668826158484
-0.25932570591622700
0.71352212039719987
-0.07640832407561893
0.80882263260823084
0.11781415481618186
0.88900047547817018
0.32279463202388392
0.95458998395363703
0.53638550984656375
1.00456471613666465
0.75375581385435964
1.04256970432412754
0.96714644896017132
1.07446575174299763
1.16801127698860174
1.10328341025490761
1.34403212071695166
1.14440330967034742
1.48606505158167068
1.20890819121431270
1.57343795467656866
1.27786626395198422
1.55123734597217267
1.32130704577111358
1.44294830319410550
1.35657538058307758
1.29689546486347429
1.38525438572532322
1.13028895901258286
1.40588528393285683
0.94665362364334937
1.41667937979684133
0.75397306831666044
1.41846357042087567
0.55790489669370091
1.41335085215425971
0.36499537852001390
1.40484667155638498
0.17845032468306346
1.39015298609560856
0.00037119657724239
1.36426215241108206
-0.16768832923674445
1.31411344390660401
-0.32033424550600387
1.22861697189375052
-0.44799587289836224
1.10614121009660082
-0.54256657785278295
0.95277298789374698
-0.60034702470197632
0.79512113519763572
-0.63808759844722918
0.64281685127719135
-0.67432245516637390
0.49788841203490242
-0.70839245162931130
0.36167960434138807
-0.74304439689712465
0.23646818379646264
-0.77949302737448178
0.12527287928204178
-0.81764362861687445
0.03478751332941508
-0.85970494735831726
-0.02303183109515246
-0.90256242167418310
-0.89577777350953636
-0.52972683721798353
-0.79795564211360392
-0.53321663921069251
-0.66437131810820571
-0.55320134300037405
-0.50784677514999244
-0.58237129460231951
-0.33672812435176919
-0.61226785911539561
-0.15640145817404555
-0.63352294893626393
0.02956418399644056
-0.63264965379326710
0.21290981482522228
-0.59871545859410302
0.38859510678853143
-0.52185495690080108
0.55077196598343869
-0.40000644545694253
0.69744540138871647
-0.24645344488823709
0.82311711070983218
-0.07287240135130035
0.93040949588852095
0.11254595912839649
1.02200784120290056
0.30935442777598710
1.09907790006097694
0.51564598122311089
1.16351097051611041
0.72649710771249187
1.21380802339118254
0.93578574202163167
1.25399526484197699
1.13418552639321302
1.28581087232751434
1.31129392738587858
1.32359668431259481
1.45857327303721584
1.37686965015256435
1.55487638268497941
1.44005854982159076
1.55267756747858421
1.47640558774270647
1.45320638034047134
1.50843677197781978
1.31295981431711128
1.53173612219142297
1.15147453114655818
1.54736595596727855
0.97420057028430007
1.55234937629118264
0.78689053701248701
1.54523557280877122
0.59555190640198163
1.52911091306742208
0.40597111337776082
1.50836741365508042
0.22411043212067064
1.48472846640314482
0.05001835082813097
1.45003117396997627
-0.11173132114338157
1.38556405479066114
-0.25547996898541153
1.28250413893698045
-0.37067089213585375
1.14539076249431959
-0.45133065563483971
0.98344590734488779
-0.49835754981111580
0.81255508650220776
-0.52538011655695682
0.64839796228255608
-0.55650436976395201
0.49343819138699674
-0.58883168535247099
0.34800689521617245
-0.62430176765558210
0.21300365319645359
-0.66144989849655433
0.09163824663151511
-0.69953254418249733
-0.00770933576799283
-0.74065074237204931
-0.07257502339432173
-0.78395658746064512
-0.93364043784743744
-0.44949524683613828
-0.83479250756724166
-0.45751154979428005
-0.69831452306403274
-0.48248275784107902
-0.53584644287531713
-0.51518787442351688
-0.35725970285698100
-0.54818306486432955
-0.16752435312750610
-0.57238274822690649
0.02976092493433327
-0.57820066895945321
0.22778009938036162
-0.55524482792189156
0.42025609403103886
-0.49293150204093472
0.60335935163057974
-0.38582148055408899
0.77170959323856381
-0.24432340502627520
0.91489903840665920
-0.08059953231978918
1.03617177389254023
0.09869052583100191
1.14110639472193931
0.28893944595003135
1.23170890133713140
0.48861341671599112
1.31053700248773719
0.69352490581149884
1.37428494335023266
0.89725349631304530
1.42263047624380801
1.09136432288131302
1.45854557476779578
1.26823358477377712
1.49143765073688406
1.41938783501043053
1.53220451329791607
1.52581377204293189
1.58689195732897237
1.55065587061670462
1.61493324056040777
1.46219969193581978
1.63966502172309347
1.33200411155427645
1.65584383855854700
1.17829310424636446
1.66466527145823795
1.01014813615252952
1.65992973241995379
0.83264424163071715
1.64123929805078617
0.65025163573990263
1.60849727585659763
0.46970244552584139
1.57187562116190294
0.29644021035449142
1.53843763420742619
0.13018468112925782
1.50349974472150483
-0.02620958287643500
1.43932804568678097
-0.16489694911664446
1.33472522571746022
-0.27397542531255958
1.19462353344358907
-0.34699813650787492
1.03011146791889963
-0.38580412488826082
0.85582858633463998
-0.40651875566621243
0.68380379987664586
-0.43378959154450558
0.52117296084631770
-0.46542071097575721
0.36759108674828977
-0.50067497815709516
0.22448768165840360
-0.53779434559645867
0.09560242806363388
-0.57448162996492913
-0.01173882231437684
-0.61409826704105352
-0.08246286779257393
-0.65693144920260105
-0.95413537275947502
-0.35821548673073472
-0.85543239519272229
-0.37228968990663941
-0.71907150139925058
-0.40493920101010650
-0.55745581838225733
-0.44550731971396185
-0.37560863671836170
-0.48580258631760792
-0.18092323457518947
-0.51571161956842515
0.02424104473913543
-0.52668943139701252
0.23331139226399905
-0.50940943068202726
0.44158970529039876
-0.45802744562864778
0.64061735462880065
-0.37015190497479705
0.82646498039462246
-0.24678489730254655
0.98610402709165479
-0.09185199010936450
1.12234365135303227
0.08125345849312009
1.24209946360427415
0.26645883666190456
1.34799057426066216
0.46078750686187026
1.43965580942202687
0.66012135907451175
1.51407896225944816
0.85765662580604840
1.57245399799331920
1.04569640496207383
1.61341530990641480
1.21958078979800821
1.64011318491596292
1.37141439815950594
1.66909952014526275
1.48735860029411482
1.71125336445356968
1.54104922340872963
1.73084133540563423
1.47028705070993593
1.74296002440513287
1.35329494457434141
1.74734123794403606
1.21237270763339944
1.74131708124365869
1.05732600018312262
1.72063382185614144
0.89292141808392356
1.68494685109387010
0.72468195333242258
1.64018449844987591
0.55423575974046180
1.59879349244637758
0.38759980996416976
1.56733950864243510
0.22714112130127531
1.54434202018112443
0.07478054467859171
1.49118572208505129
-0.06243467697578681
1.39038646608094396
-0.16793290049201812
1.25111943302943351
-0.23521815471342677
1.08844382014041430
-0.26913056871376700
0.91546652398852812
-0.28722384483642138
0.74079951023462787
-0.31186610865532011
0.57349416094534911
-0.34252811141224448
0.41441966796657426
-0.37775821149239086
0.26575122390753148
-0.41485454832040847
0.13091584343377938
-0.45214668012631448
0.01823459850560484
-0.49131643428638883
-0.05634719434208790
-0.53263894649155830
-0.95561044753271673
-0.25752744146589523
-0.85844186423810409
-0.27735724328455696
-0.72504816351905355
-0.31746335301399720
-0.56603701382435279
-0.36722134683591984
-0.38836788562696167
-0.41635568080091034
-0.19693778119855118
-0.45360246956156586
0.00865205658190178
-0.46732853331346857
0.22193686392034148
-0.45366823009831142
0.43806748302990656
-0.41034017353132540
0.65136659001044817
-0.33556750086287296
0.85494662185648318
-0.23018921789792235
1.03256028791741850
-0.09242921458107924
1.18636613806723989
0.07090758029068032
1.32140685204688801
0.24848141155427331
1.44107804951613527
0.43728180796244714
1.54660270513025089
0.62913127282029635
1.63227151069788712
0.81888853523643668
1.69781015140359837
1.00120590351650507
1.74049870769523962
1.16961255587904245
1.76224163780096266
1.31962012636478443
1.77873430955612566
1.43964995645283489
1.80459870415504020
1.51631772262377562
1.81574253044294642
1.47684127247203900
1.80136880918100917
1.38031672241615011
1.77089601504205696
1.25943907827633006
1.73740353922063329
1.11973264036758091
1.70576270061172419
0.96696402760853639
1.67117455708597817
0.80690494956825110
1.63569352603862850
0.64438520169510383
1.60892260670376497
0.48487985039677217
1.59166501161666463
0.33018150241676297
1.58290177412386668
0.18105152064621580
1.54692694763758065
0.04377888528375201
1.45305529137097156
-0.06064673762051782
1.31784724521133145
-0.12418383648198748
1.15958202385592091
-0.15547610181748339
0.99051124489795961
-0.17280237424543088
0.81784341367177471
-0.19491527613374490
0.64705551642765946
-0.22557792660191814
0.48398381369096233
-0.26216096567292824
0.33209177437412668
-0.30144673628811486
0.19349890349416932
-0.34015855079525475
0.07972939770458851
-0.38054040301981695
0.00332216156507633
-0.42220452232353306
-0.93745252882549612
-0.14537146829608502
-0.84294243352702314
-0.17104639577761255
-0.71497162814776960
-0.21966979962493513
-0.56463513946206934
-0.27657324764928243
-0.39510358531508305
-0.33197320507911149
-0.20714396674444596
-0.37244831165284892
-0.00353638871902170
-0.38882553135554038
0.20891472505753070
-0.38100015909836915
0.42574443025452080
-0.34453397890336157
0.64234693975670443
-0.28017879558438552
0.85475559102753340
-0.18627025545066575
1.04879467634149415
-0.06632889902275216
1.22026531620081014
0.08042805539974407
1.37209239981272613
0.24323450788851006
1.50626489832825317
0.41975942856592535
1.62267719383873432
0.60172300064552842
1.71741067860567553
0.78338850449064179
1.78634607803986789
0.95775586471657925
1.82961995213451045
1.11939664380381543
1.84480633023195417
1.26249904009181546
1.84812104617399053
1.38025920823783799
1.84383677457649209
1.46140663997167453
1.79727014831306864
1.46506803626872606
1.74874273223197774
1.39991449973677895
1.70642924399162599
1.29644854104410112
1.67294097736715353
1.17151776847849010
1.64738977193518377
1.03326238582530738
1.63038055653285907
0.88454544801859858
1.61826597263345695
0.73195735116182792
1.61605309397259611
0.57937814564135648
1.62339861312020828
0.42966306516079322
1.62800196024508148
0.28509700764600671
1.60629418335585372
0.14883707179227326
1.52314389300847286
0.04160458964692202
1.39339178137008290
-0.02054979641274146
1.24143421284618150
-0.05237517012643401
1.07870008807693174
-0.07071041701875715
0.90920129437376851
-0.09187706152727630
0.73928271986899441
-0.12298745030625151
0.57565832025455288
-0.16474037909582179
0.42458181245675186
-0.20978347004098988
0.28795998131253059
-0.25440925163899747
0.17608288963959259
-0.30061822974311175
0.10478773858901047
-0.35004288261144501
-0.89943723847851620
-0.02350348310772446
-0.80879934911452300
-0.05381116571765451
-0.68936142941270129
-0.10826319922137913
-0.54788866777926315
-0.17125323692538882
-0.38844811715227001
-0.23046469198696687
-0.20848303117708161
-0.27416202287633273
-0.01229069376120676
-0.29621635455716089
0.19273451251968063
-0.29213591617962281
0.40129496066795073
-0.26602221685935473
0.61138027532923123
-0.21472742374357448
0.81677961715129233
-0.13446581266181989
1.00649819906873295
-0.02669418894413931
1.17734702269598479
0.10691355423707252
1.33261323080337113
0.25645929868917289
1.47317475511423601
0.41621805889057206
1.60087591800719342
0.58226338274520073
1.71296360174826656
0.74977020960592622
1.79750163581625633
0.91260464588937340
1.84962913277650975
1.06778389954733588
1.86503891901718011
1.20746871049958182
1.84094733525755894
1.32291754934395822
1.78950990087219264
1.40850494281194649
1.70775478985404217
1.43312838592502101
1.64409659692347510
1.39985201299148199
1.60552291433947336
1.31535655179837141
1.57345036113182846
1.20613669025866077
1.55759139666838498
1.08080417742540558
1.56614487467841790
0.94635815550197910
1.59178854619307453
0.80665876677473991
1.62215073024365442
0.66390952972160289
1.65351142650721683
0.51899419107134348
1.67623116581420439
0.37834360976605869
1.66826300509478509
0.24378309930587247
1.60025319227116936
0.13267313989441978
1.48076565463005871
0.06687701900591091
1.33822112635713264
0.02884715109809050
1.18276476884773496
0.00435976152234819
1.02042037879324465
-0.02026649464107071
0.85588052281239491
-0.05597985275824473
0.69466612707901765
-0.10589902975425206
0.54628060047971339
-0.16580450169216596
0.41610889696010772
-0.22663172048546576
0.31017179058148375
-0.28569524338513763
0.24238238852507349
-0.34262240896754703
-0.84800586704084158
0.10401544215800622
-0.75972311334450993
0.07210391812584145
-0.64515204189976461
0.01590176675485224
-0.51495887913335037
-0.05083374172962061
-0.36769325579499917
-0.11389031388676507
-0.20065093490726985
-0.16160787510454289
-0.01624366730604060
-0.18949594333280975
0.17621697276844717
-0.19387638262917423
0.37353416623823904
-0.17554901044011603
0.57125965034303461
-0.13297960602502032
0.76438219998887991
-0.06210357431806038
0.94396944427193463
0.03592254689403305
1.10668494039991883
0.15845334460192986
1.25599309014723270
0.29681220449438944
1.39257608743014982
0.44538184372955575
1.51713188316562375
0.60094267116993405
1.62822405154539518
0.75890053723146045
1.71503505482941465
0.91314344598120045
1.77057452041038799
1.05839677779294994
1.78573708165002132
1.18981616715871108
1.75964459540147211
1.30285266937983479
1.69551389339268654
1.38384080202093807
1.60435952423389372
1.41029855695461470
1.52437332379621004
1.38872133198902326
1.48484765234064575
1.31959248965955100
1.45512815158600839
1.22099469083438961
1.44592660563140440
1.10525126122485706
1.47167400539916882
0.98032536601465770
1.52713198794142424
0.85287641333263076
1.59545496786368313
0.72491512200262742
1.66560710411092705
0.59276691112526436
1.71635031539441685
0.45673590019132243
1.72914766629457639
0.32199300734168979
1.68046575146390720
0.20552507916332410
1.57848451969246262
0.12498084323623847
1.44751721699570668
0.07517370746974947
1.30122362187197860
0.03851754708757576
1.14605533899094159
0.00268758248818975
0.98783724176388676
-0.04203381964581330
0.83262696494788346
-0.09834765032793982
0.68577620945090478
-0.16802457005947724
0.55823444092120411
-0.24142401347536790
0.45623321239270187
-0.31204249140385409
0.39164770837787877
-0.37729212072731377
-0.78333024140429008
0.23696266613814010
-0.69543884604568251
0.20228562519166515
-0.58528698386016664
0.14725489765561842
-0.46496473951606015
0.08120850362428621
-0.33302391341424159
0.01627675555920942
-0.18258109739053238
-0.03547936375917395
-0.01447384682455590
-0.06993865387084912
0.16504165622206260
-0.08244984095903539
0.34749636425624542
-0.07085343552546063
0.52942376121726875
-0.03406768491030552
0.70643213834486107
0.03166965527286161
0.87271855069574655
0.12429085854814696
1.02391869990748652
0.23753652046917692
1.16291780408643919
0.36478886683286693
1.29177797641098868
0.50157029090455663
1.41059628033530626
0.64678757510509199
1.51701593300604753
0.79496829028398164
1.60404047570561192
0.94282369525680165
1.66139028203562100
1.08208259288294850
1.67985214896720625
1.20811667794332256
1.65242264420314933
1.31278338515878090
1.58110922372094542
1.37993727571687819
1.48372631308339775
1.39076919102303309
1.39772059335915433
1.37202181973854120
1.35552750201022176
1.31337278350267428
1.32831000374615749
1.21970687028541391
1.32243724240065608
1.10747864307764154
1.36053312027929274
0.98790703776829281
1.43407178307030314
0.86854534585266563
1.52243973670407828
0.75024098760314684
1.61700740739674620
0.63314468431324511
1.71283675399446356
0.51182084494690894
1.77059895397970712
0.37810616222969773
1.75589287135867100
0.25183455323789317
1.67931576265927829
0.15129438032697864
1.56552273010441256
0.07642356380269477
1.42648781187604889
0.02482543017704925
1.27784425533196022
-0.02245821110843525
1.12482797273422008
-0.07548386794998826
0.97339991949913907
-0.13611393977794420
0.83130662172412317
-0.20769199633289864
0.70472104482728071
-0.28716995036120196
0.60454200734120311
-0.36403615423206842
0.54343339540893021
-0.43306588673530033
-0.70651529520564793
0.37442277060811285
-0.61783650229343190
0.33798227986486273
-0.51221719383132924
0.28378489940680929
-0.39901241811565535
0.21974587673435658
-0.28003651422230003
0.15431978129607896
-0.14802249973266093
0.09860154025143153
0.00201898379902761
0.05833689191126060
0.16234669606727795
0.04026761659507518
0.32563880562482717
0.04802152080297085
0.48876877171982325
0.08231350427721851
0.64561423165066856
0.14677422403782789
0.79460167742527743
0.23393928275711875
0.93162014282526884
0.34092552563028627
1.05910811808682670
0.46065224418007550
1.17951795422235284
0.58984011296761218
1.29311005561157399
0.72725968217343850
1.39721771699066188
0.86818908238252279
1.48337131137904099
1.00887679311175882
1.54365822220805970
1.14088847736700050
1.56532244692616751
1.25870028680775770
1.53396926806498102
1.34820813043085352
1.45560555485020759
1.39003735088265179
1.35767589321393856
1.38570551803815678
1.27195961474716301
1.36068034003755156
1.22837470894594603
1.30243815307574362
1.20069392897513549
1.20777663005799107
1.20074427698037511
1.09236490885427284
1.24984651946051439
0.97270690396864645
1.33409611671337913
0.85454903496409684
1.43391776024598627
0.74107752447055086
1.54419817680451055
0.63140385282207190
1.66158920880544980
0.52053991677201794
1.76488024446357161
0.40042441277379198
1.81066777013457481
0.26721281082575860
1.77066144422709026
0.14159419915858099
1.67326641832818446
0.04782020798131997
1.54647352151685813
-0.02279659715560702
1.40365687476299827
-0.08161598374029999
1.25631079802363343
-0.14051859071557529
1.11088063490982791
-0.20608862939222483
0.97419817372499717
-0.27817762658969886
0.85179908356743661
-0.35746790882482526
0.75292056026034671
-0.43786216294643676
0.69384274978478466
-0.50891296918587581
-0.62005463424205165
0.51737618449223766
-0.53343285632747806
0.48070804416781548
-0.42914330265853762
0.42574146043824762
-0.32020399905752822
0.36245093319843874
-0.20926083188669006
0.29693640453432035
-0.09524251706028407
0.23840407939215466
0.02944211276934945
0.19579468315772972
0.16576170983784813
0.17447304926865884
0.30714258027179597
0.18000789836890740
0.44685890438199760
0.21597862913920052
0.58077753767061679
0.28102784434180533
0.71086362210738041
0.36794410872644273
0.83422519895227254
0.46975644274919320
0.95034391530766038
0.58524054433554817
1.06305740543211202
0.71045376193150067
1.17219958565021765
0.84214957076639341
1.27455338327937184
0.97467311604398188
1.36084570413997752
1.10621260814611255
1.42380032526188960
1.23060626268904327
1.45019921198899682
1.33663559866674886
1.41021136347339193
1.40245873277007727
1.32890088420079566
1.41617120586575784
1.23548304324202340
1.39945363311276849
1.15280083387715448
1.36013839526524527
1.10440032253668163
1.29181193344144996
1.08083306854184613
1.19081585877978569
1.08604534099427208
1.06869854111603302
1.14230399860324083
0.94440237293498130
1.23448085692558251
0.82423666601863688
1.34584547127507870
0.70859367321870870
1.46868082892025864
0.59834073880161942
1.59890424569232126
0.48920011871053720
1.72498311765837697
0.37224963867166527
1.81617063100170117
0.24387738585674118
1.83250460799784021
0.11031104587651130
1.76551873075523735
-0.00221019634374578
1.65242552603953907
-0.08866649556063999
1.51989566239266938
-0.15970959592229803
1.37999180878230998
-0.22655017142511105
1.24145755590930418
-0.29687448066191308
1.11061969997261989
-0.37187506302223350
0.99351741159902485
-0.44993789201991607
0.89981756360012977
-0.52919147118618848
0.84370348589656718
-0.59981660082620880
-0.53181045444700026
0.66150181512761952
-0.44675175620644064
0.62555571646787667
-0.34306733849205667
0.57125779703926338
-0.23569694890411449
0.50832170641762986
-0.12882931631572081
0.44342014541673802
-0.02560580862770215
0.38180227546799839
0.07155430561998297
0.33629869808176360
0.17260618874570083
0.31695153317479158
0.28540844594891596
0.32505571651361259
0.39804622208333595
0.36626698535478691
0.50997673745428918
0.43501226688664435
0.62248185114252252
0.52231958751055119
0.73340424287962547
0.62269151842087100
0.84060037016950373
0.73504360929743995
0.94730040359139500
0.85673161744017268
1.05481126069057440
0.98215557314592816
1.15613363870088826
1.10820667917241500
1.24419403441184695
1.23178707793226572
1.31042257378837301
1.34633800536401260
1.34369878972495993
1.44220771499620848
1.29675120353316653
1.48285855832169866
1.21507635103138467
1.46851100366738074
1.12350278864975817
1.43680530548913765
1.04713194142856625
1.38661718586323768
1.00013632222175097
1.30203512638651575
0.97444484627344552
1.18320434769857052
0.98393442665031350
1.04906441662845373
1.04223912518032824
0.91405104438455342
1.14073851085020017
0.78875461711629646
1.26376936904305182
0.66773415691071314
1.39918086819056420
0.55458112140571225
1.54233457919690120
0.44306784967880175
1.68298028424497548
0.32649194460273778
1.79846662572075910
0.20007150564619508
1.85724046349050531
0.06506037535217077
1.83163572596884272
-0.06282617927313565
1.74047461932619751
-0.16391795080579244
1.61962168908627735
-0.24587341565293466
1.48991022801239903
-0.32206207141247356
1.35964024605575462
-0.39805050463434066
1.23501828976242001
-0.47526330948670503
1.12417102650934719
-0.55447255288694242
1.03489940871017772
-0.63239027496601030
0.98255091395748662
-0.70226774027528927
-0.44986493763408203
0.80592260864950038
-0.36646059510149287
0.76945167697917771
-0.26358049102967501
0.71790543386124450
-0.15854321223227683
0.65661220787853747
-0.05684860990391698
0.59397219527978540
0.03581517773691181
0.53329333706401472
0.11325175342623919
0.48383653274347832
0.17550008346176499
0.46350984239810039
0.25335274864950424
0.48284067767481220
0.34054751810040740
0.53102561477380950
0.43262348352528457
0.60405968334416504
0.53176061795160956
0.69267663984487471
0.63123524810538789
0.79309813336148727
0.73225202757813790
0.90340079914549953
0.83453751788548558
1.02150618326456133
0.94039274325364286
1.14106591291464676
1.04220571592289035
1.25963489648264826
1.13206324589077667
1.37348172067170693
1.20328039663393760
1.47957789134999507
1.24383535905769471
1.56476896284091116
1.19360493994436245
1.57776842433978026
1.11113193591245119
1.53844981159574790
1.02397408005635526
1.49266461934029349
0.95483062406336661
1.43063291728028497
0.90755311024618746
1.32662530138723778
0.88341056021782172
1.19322446548901029
0.89522729240001175
1.04491102311598527
0.95783840859376224
0.89773490005010259
1.06372372434411600
0.76007373739924067
1.19493638973857474
0.63059900674133573
1.34268611718977282
0.51129159029282356
1.49565262928525966
0.39389110890002998
1.64674078780609467
0.27586121985867623
1.77773069271989859
0.14972414561979541
1.86163657887997336
0.01272870043068714
1.87451704523570872
-0.12533348461929461
1.80977836473573972
-0.24128766795562118
1.70407911548262025
-0.33562939388690854
1.58211582383472282
-0.41956831519847382
1.45918222621250693
-0.49927879467888248
1.34110878462765593
-0.57924918014841364
1.23592290364527768
-0.65952478864264674
1.15181593074659427
-0.73691367964918120
1.10200520951308634
-0.80539696610644651
-0.39086950425483735
0.95027931038904967
-0.31027974824731974
0.91582347920681417
-0.21244072526883853
0.86653533136435423
-0.10948686098854286
0.80931937401916931
-0.01194614895916842
0.74985631150047172
0.06767354515059218
0.69409145100644787
0.12527125001642822
0.64638970182443112
0.15674396370820667
0.62274122067720672
0.20625579400840541
0.65018850582536480
0.27413590539451449
0.70363881883280222
0.35062055296105404
0.78020103695806009
0.43875496648346773
0.87348134445909609
0.53101436696742788
0.97507760770246465
0.62786695311036700
1.08464634146952710
0.72856001257711889
1.19762240354717298
0.83122505134412084
1.31065240646843639
0.93203514754176853
1.42069943278070854
1.02522197210449151
1.52525750758222700
1.10161357894407042
1.61842151116728927
1.14985837956667858
1.69157277839983000
1.10666344616684986
1.68324361427889024
1.03221357316936180
1.63680998542042477
0.95443161417688716
1.58582917484483454
0.89115132231611582
1.50878168952267289
0.84360568192079344
1.38984562412392321
0.81590335635858380
1.24088371755282578
0.82558729648213725
1.07675942335142549
0.88803977733548567
0.91242967961563237
0.99788466489028071
0.75859712548618141
1.14012123406896460
0.61558242985062339
1.29869024760098872
0.48249926454191178
1.46369258735154495
0.35658421298943294
1.62174538495392362
0.23142657858342480
1.76047542695269965
0.10027670301700828
1.86091590614774272
-0.03958346803506448
1.89720360206227689
-0.18410839730801257
1.85868587434417543
-0.31502443578852135
1.76907531609964552
-0.42149002180802098
1.65810651643500839
-0.51467957637371031
1.53898450167817691
-0.59874773729699649
1.42520285224271537
-0.68055755841717369
1.32458984949049396
-0.76215416769854205
1.24536963799139633
-0.83989590222882382
1.19940029857876373
-0.90829379820809819
-0.38432478546041010
1.09717609654105575
-0.30708464445424344
1.06355753345635518
-0.21560579844301456
1.01875883060364281
-0.11235457269569468
0.96504590393962686
-0.02228539291644692
0.91243810234391487
0.04495250408368413
0.86424176271401087
0.09212764393694943
0.81856468841246999
0.11001570202053240
0.79527402270197189
0.14402988427381469
0.82756846145414087
0.20004698799258347
0.87697686052322910
0.26652500754163594
0.95870735330258050
0.34649490581576853
1.06079577479045772
0.43524505673453201
1.16419376791065909
0.52945434169622030
1.27117793492595310
0.62730159159220700
1.37888367408572243
0.72771272746697768
1.48453198342614301
0.82858839726433031
1.58547340838327688
0.92271244766563010
1.67823288853642105
1.00302859327634120
1.75752336347220250
1.05999741602394848
1.81791990949300231
1.03304667214574186
1.79354803441185928
0.97197232463382577
1.74702806356129559
0.90731082886507686
1.69410901943690906
0.85669078478073257
1.60873460839431726
0.81961342931660564
1.48217912843107436
0.79764500452670695
1.32664116736593907
0.81365471597711081
1.15523561137751218
0.87832060001990053
0.98330923219592670
0.98522376999979444
0.81867588292415239
1.12459424484337878
0.66202291853269990
1.28021969284234260
0.51220819875691037
1.44004750064321807
0.36304175238365216
1.60016358842021167
0.21603999549042743
1.74381891423577251
0.06896068352720333
1.85016221881123366
-0.08139539343806618
1.89768903886506246
-0.23387134447127075
1.87740610750169457
-0.37640177513254147
1.80203878468014311
-0.49622054992209580
1.70087238747171132
-0.59901538640908369
1.59134562717926498
-0.69191606086651058
1.48200293409123973
-0.77803283483459906
1.38620942526437396
-0.86211145168192527
1.31148252589418979
-0.94138620696619668
1.26912112835562074
-1.00973869819273410
-0.41388608596158483
1.23490169065368005
-0.34587103391363549
1.20311916922134965
-0.26411117352861974
1.16528881968786169
-0.16079221847320413
1.11759132478548895
-0.07924488103173710
1.07285174319118948
-0.01483390407757285
1.03160389229629401
0.03266608182861436
0.99007307450118653
0.04937703769083331
0.97146201557211020
0.07548559140019685
1.00844743843423568
0.12373601773143260
1.06975332856713057
0.18441439676639571
1.15799343257241905
0.25907428240005315
1.25397970854703034
0.34412669172582028
1.35530731766981560
0.43616788570563919
1.45650349103855792
0.53281540641060599
1.55904391669647402
0.63206267422421891
1.65653935334120606
0.73022539470809378
1.74498445552621395
0.82241559828564159
1.82466513421754284
0.90517317751240045
1.89032108659753084
0.96910704292903105
1.93670973074633057
0.97316542068628809
1.91160031343803349
0.93061848132689573
1.86691165681374693
0.88329835910723720
1.80977535987962779
0.84729474291640006
1.71633741476889945
0.82095080121514741
1.58452901461641615
0.81218377960360433
1.42345039343534330
0.83597163229965943
1.24931995492913739
0.90652417411047514
1.07412045186713390
1.01626638194020402
0.90272851035246571
1.15281208159258619
0.73692295989585055
1.30269063920207828
0.57380864859881098
1.45514658413852849
0.41007800897723018
1.60291379288737401
0.24475498866229922
1.72961462551168887
0.07424161257116836
1.82560147182163490
-0.09663079264295581
1.87018035062088872
-0.26298734172931709
1.85513201794623628
-0.41846549009683465
1.78892213678128087
-0.55205010189921533
1.69727404156729866
-0.66817480599419876
1.59392252047450356
-0.77092728348202155
1.48936343424332041
-0.86357295275074020
1.39680145671300737
-0.95135919938089852
1.32623383896126401
-1.03428661996703486
1.28904233375386501
-1.10427524599946847
-0.47595299076588515
1.35956650768991771
-0.40008779019273411
1.33041261820692824
-0.32057009983479723
1.29970793497150394
-0.24554661257361429
1.26333414637993102
-0.16637269506505267
1.22678488057572155
-0.10625268718708292
1.19800720978801012
-0.04465724380770557
1.15745449836445857
-0.02652978094658856
1.15114178408819390
-0.00141171138568885
1.19258306987068718
0.04117092814076383
1.25724054652774031
0.09950877218202257
1.34940611179054093
0.17413206787494803
1.44430808360526464
0.25629152241181180
1.53800522958104535
0.34718925716810056
1.63201017287376104
0.44406763770027780
1.73022413457873281
0.54155770730842656
1.81604456849917661
0.63733315490956044
1.89008600150698403
0.72875235762037494
1.95652779334298499
0.81257832353082315
2.01064010833109164
0.88324587875960014
2.04829883413098024
0.91930335096438975
2.03416643891951754
0.90155114008020432
1.99184044522581782
0.87269688570161019
1.92451342132349246
0.85466443194389097
1.82262980943422193
0.84374688424862920
1.68684143954454147
0.84932125574768502
1.52626470807226555
0.88637259751788866
1.35281636387696280
0.96141957693130731
1.17506513794591161
1.07002570572719446
0.99897263690335303
1.20155408682147957
0.82324700261598416
1.34380041094656200
0.64750741590980299
1.48662558412671020
0.47153788638604816
1.61983019221618729
0.29131353007813648
1.72829156838391040
0.10486562551841400
1.80071614021475090
-0.08254162559434455
1.82686511466299550
-0.26314062877433470
1.80464475585159101
-0.43097191060812784
1.74273015940441511
-0.58104900994670217
1.65099129392740651
-0.70913048150102087
1.54155275892878785
-0.81632112391505840
1.43180832137854952
-0.91222155164183460
1.33621508117014764
-1.00344690628141953
1.26621905697164294
-1.09077886726917028
1.23328737478100314
-1.16507310986994495
-0.54943367691255562
1.46577053495498100
-0.48444807849662164
1.44283458832614930
-0.42220706737272046
1.42438388574773911
-0.33760852615265546
1.39126572786573810
-0.26751563286566521
1.36816860651788397
-0.21007280593803854
1.35350887856493118
-0.14531170998418810
1.32158024760681814
-0.11393393737017873
1.32733353055051406
-0.08710161836024964
1.37267694030177423
-0.04417804743011541
1.43855242513352688
0.01420354709622166
1.52643371735683453
0.08892495261388773
1.61804558568045276
0.17271316016859037
1.70868481049677157
0.26315387539688939
1.79518756851400019
0.35737003140277396
1.87908871010267386
0.45418667582915512
1.95476744140496450
0.55087271885768241
2.02084642633580946
0.64407847430319565
2.07869496958484623
0.73078689513218764
2.12377441088693075
0.80734200237654652
2.15009950799943450
0.86615639950811463
2.15593222470116697
0.87899976910455124
2.10856527727902110
0.87409214978490779
2.03215639732551656
0.87676331462539581
1.92449342995034911
0.88235121007000339
1.78609369045994604
0.90465451761917515
1.62779919801501460
0.95324347128995179
1.45605576127089709
1.03357283384132637
1.27745039910041025
1.14029479562883251
1.09621536453742108
1.26529735509589325
0.91205383296487352
1.39880048653386146
0.72581693120777002
1.52987589609760954
0.53663506480623113
1.64655932160842222
0.34290555083778557
1.73329950177393144
0.14324776180088059
1.78169032427086149
-0.05677920484791753
1.78496270346579955
-0.24838778539032519
1.74668633986541000
-0.42520307214156061
1.67709888123513462
-0.58449334969341071
1.58517506519274876
-0.72558527338613998
1.47862618828903347
-0.84710606804568811
1.36283040425463930
-0.94788623685688833
1.26027001596127208
-1.04078132963542980
1.18932681948253438
-1.13056581799962452
1.15844579928020397
-1.20759148323296617
-0.63387097058785891
1.55689323045639227
-0.58349925648218182
1.54653580189904272
-0.51486043877522436
1.52825286645569380
-0.43704375435108178
1.50648780027898899
-0.36780789926665142
1.49407355461937574
-0.31513075874883095
1.49718923022308914
-0.25430594790299732
1.48282178211339044
-0.20840629413068124
1.49926434359680583
-0.17288782738880068
1.55039937879469258
-0.12497536588428221
1.61658088631620922
-0.06356329661439285
1.69618375048620407
0.01168144716333102
1.77783160253942718
0.09504807303176416
1.86113942293607026
0.18525280331792118
1.93940860830725348
0.27977672896997158
2.01423901473597100
0.37725969202684279
2.08202703097681008
0.47532230857845048
2.14155207698809669
0.57093308885590099
2.19253653883840061
0.66143376607039550
2.23123253787656450
0.74373564350255428
2.24364902898023955
0.81663268355656560
2.25622242416048513
0.86322314321374904
2.21442655842784974
0.88224766364646134
2.12799701687857201
0.90775120339480875
2.01741128567267713
0.93444228114771777
1.88045082356453608
0.97270167845429845
1.72325933099449791
1.03265760314217192
1.55359416246524962
1.11614618692661116
1.37450274398104688
1.22175986402859582
1.18917333053781737
1.33956803649666201
0.99910926653714960
1.46351763201792640
0.80322957392599703
1.58155216230019424
0.60238775803681721
1.68067772169054486
0.39586069365742799
1.74455039354611574
0.18372668777045728
1.76743654768389780
-0.02699921739100950
1.74595212558787982
-0.22627655812520023
1.69071713345005059
-0.41067314022385643
1.61238753307835458
-0.57951844289351229
1.51721405126766995
-0.73167593766289207
1.40996655794697423
-0.86521638941857959
1.29483227811893009
-0.97766092542370353
1.18531066037767241
-1.07195133087245531
1.11200623227326112
-1.16408444007965484
1.08322135977920864
-1.24443753185281780
-0.71971289815558215
1.63936959192586129
-0.67000884173212583
1.63168930202641649
-0.60066268798887912
1.61423834205353489
-0.53153700634395362
1.60796185770386013
-0.46616896397671564
1.60926754964853735
-0.40893149025076636
1.62202235233068759
-0.34667176252308962
1.62422366138866447
-0.29584321681936271
1.65639445389921680
-0.25103724955118456
1.71286668446191359
-0.19628015508614569
1.77691343741442109
-0.13123661963718777
1.84695540140304559
-0.05574293668437395
1.91807915762078252
0.02760247584450591
1.99496460637630713
0.11818185500969829
2.06664568049133690
0.21360339668088943
2.13447831907799435
0.31237456440217115
2.19617446169289421
0.41239744299741038
2.25061214798761311
0.51125746912174708
2.29689257218565457
0.60690780731395644
2.33161546355972771
0.69707978414450045
2.33944823386306977
0.78277915262287534
2.34671824060882717
0.85571342455966193
2.30725238638812202
0.90693028733140646
2.22113288216216365
0.94665899511069407
2.10336352856284847
0.99228235174351620
1.96627347820638465
1.04571691473014750
1.81085030910521660
1.11625485777915867
1.64152556682416173
1.20519499379198280
1.46028304312452684
1.30890220707622285
1.27031473307757592
1.42089048838575938
1.07308700693388004
1.53591450738522073
0.87083485719871012
1.63879046368339143
0.66089741703634164
1.71362090714920168
0.44155655697261120
1.75308784555136343
0.21965173652413281
1.75199343906593685
0.00081545930633901
1.70937424643252411
-0.20505331549253589
1.64093289003200349
-0.39699615040760833
1.55451257809181986
-0.57460093753821462
1.45471712585761681
-0.73698574945840500
1.34566158094296062
-0.88100088489567829
1.23328657198402714
-1.00531152615636898
1.12327061815326812
-1.10676098080659946
1.04705165605097084
-1.20161925909276657
1.02088753118193853
-1.28405390278503706
-0.79594377567905461
1.71283643220033976
-0.74424204394830884
1.70232222834315849
-0.67625472554217869
1.68745964580909491
-0.60950652007027706
1.69020031012248051
-0.54506383392232982
1.70188873773605120
-0.48565683530480486
1.72385742409560572
-0.42131850605155580
1.73993918725445629
-0.36927893308595278
1.78640979509127851
-0.31684419410649028
1.84465992880452379
-0.25673914871605791
1.90752184088353927
-0.18784970969572590
1.97192486309634440
-0.11066193410900335
2.03928513576155845
-0.02645582902297840
2.10835655827946944
0.06476027912693960
2.17444486227656286
0.16126071851080739
2.23687876129761687
0.26158004209813701
2.29401664938897865
0.36396670170657869
2.34484152655432831
0.46669069510727867
2.38824726723060543
0.56858156826787543
2.42104538723762985
0.66875933343885896
2.43302265290021769
0.76628100162797830
2.43040653658193140
0.85560437480689966
2.38585685480627196
0.92844767525946093
2.29823033642460661
0.98868601130650446
2.17919203819919005
1.04857312647157497
2.03963039491645182
1.11607194133905407
1.88422266845238773
1.19558521890249358
1.71512575877741602
1.28746275550761990
1.53247960708370945
1.39010869598309283
1.33757436267955954
1.49809299229553106
1.13352758670391363
1.60293553423118174
0.92151368558179314
1.69043449425428127
0.70223330796655292
1.74704662813551503
0.47684688136319991
1.76156724174913193
0.24807327792020029
1.73713172016608586
0.02352798941081516
1.68081184738706968
-0.18939291585510815
1.60329476234957280
-0.39067429616852634
1.51013911711978599
-0.57798740675131399
1.40540028315907728
-0.74821347479151812
1.29507604280228805
-0.90022077697947323
1.18713746164961509
-1.03473308890260474
1.09088638502865831
-1.15177012249854949
1.01830735890718982
-1.25260891005694908
0.99124347124584389
-1.33707448460611511
-0.85102200985167087
1.76813021560853345
-0.80098574352550411
1.76073739271237195
-0.73425289375657365
1.74727265420600930
-0.66773192416894633
1.75329811447781525
-0.60306919676367388
1.77084689935828798
-0.54097786203835985
1.79739126949836603
-0.47536714040060674
1.82332137814589879
-0.42267022431707602
1.87924856966462350
-0.36526160013158609
1.93918477064310757
-0.30066522340435908
2.00106347175180765
-0.22865933479309380
2.06504870119831274
-0.14935446992656529
2.12939607052413304
-0.06351467804756393
2.19363377371570101
0.02874512399699683
2.25573709901577102
0.12638145367059356
2.31452022315346140
0.22818670520619394
2.36867579177054521
0.33279200502914691
2.41729959506399217
0.43902211711952954
2.45915814536984811
0.54630706230610893
2.49098661607439498
0.65433570480500181
2.50524236968727587
0.76140435214499558
2.49679333922363966
0.85925322321775177
2.44415508643488355
0.94387489263464908
2.35298475724996514
1.02011202827622172
2.23427342918130334
1.09340995545615871
2.09435193372545569
1.17086332754561462
1.93827576074935637
1.25696346394663161
1.76852803127196201
1.35211787930572869
1.58516504172373907
1.45425609933923128
1.38665379882429929
1.55778980075383200
1.17618254576739267
1.65486567805632001
0.95689251765161021
1.73251778531093414
0.72955072138539034
1.77641713433202053
0.49610879162282484
1.77732173399556848
0.25951050495296513
1.73643988992033171
0.02567685794989310
1.67113799970688137
-0.19767480310804725
1.58694139244102517
-0.40509036745866456
1.48778322949444952
-0.59695500433305759
1.37745676769522762
-0.76976069198819186
1.26553793988764807
-0.92553283398425934
1.16223968820309365
-1.06613651110711327
1.07633302582141921
-1.19116746466341761
1.01738695249244526
-1.30042825958467367
0.99953815146874436
-1.38624252639128831
