0.29567522732079055
0.80745173181273711
0.45247848432183774
0.77625582784586633
0.23034336002002476
0.58167794339433998
-0.53463508384714720
-0.10816021846844232
1.40494698611998503
0.28975522597463110
1.35174102669536933
0.32623007951686739
1.04967946437053605
0.29529578610102380
0.90957470837729804
0.65094022173925092
0.91066249776783648
0.50650668212508398
0.91946636599698539
0.49583971682810379
0.44877921333143550
-0.65572932251028404
2.15951575516674676
1.22239624598615726
2.12909075969556794
1.24494779864900051
-0.99594698433870321
1.41750050667023952
-0.91033443853872664
1.29234569785473141
-0.46670705258510248
0.06974273192046233
-0.37867585748998894
0.07871918957797705
-0.16315976118073858
0.08291954896569242
0.00272899230008698
0.12252376459846576
0.22774241339255008
0.10613743344771731
0.22847713180117410
0.11561254855722286
-0.96097905266991990
0.78562570537185916
-0.88911309649796177
0.77842338899434549
-0.58312914318223563
0.81038097119725927
-1.02738856097355757
1.09348317858980937
0.49445396144556086
0.78782619871415460
-0.50698930280208321
-0.02380954933654450
1.07178222886745811
-0.43073925491258358
0.96157441519251763
0.86086628706503754
0.99356797066408364
0.79601623997545756
0.61853053492655785
-0.45884293427764139
1.46119016120850720
0.34342455994338383
1.10001494429877700
-0.00347852755202332
1.53671780994533336
0.98643628739841860
1.43251988487730553
0.95355370341699575
1.73370238371348662
0.31323578631408461
1.59807671685174069
0.38014102798158189
-1.24293434520857549
1.01880335535829225
-0.50838157301807174
-0.12526512042499222
-0.05078890536712898
1.95271469316897095
-0.04260642599612086
1.87493174399246620
0.32805918296052772
1.73957688111486242
1.13895520645138681
1.31268812106935950
1.12549257217970267
1.29419954491848266
0.91798831595360975
0.04636848620135468
0.79309878009914381
0.01099846884027083
1.21463429770486742
-0.30975820313940661
0.61768762155301016
-0.30825930018474546
0.58926091709989370
-0.24513307372522941
0.52738363113507447
-0.07804339159026806
0.79252360639706909
1.89401608434172242
0.71830035816535909
0.95602899053047852
0.54925617357325185
1.05821317252505631
0.10294397849567392
0.62347418264561316
1.44102965323726262
1.37068857999952565
0.06689417927784466
1.83723828546562795
2.10763977014575987
0.28934359234046925
1.96110212002248141
0.34959091605320758
1.91336643813644414
0.37692356207769179
1.74996448412626759
0.57235567665358345
1.63670550315298624
0.74031517569844263
-0.41612213147702781
1.08153709650948970
0.97542262763814147
2.20751981696676358
1.00987124688931806
2.19900436468301663
1.36699025447753408
0.72527290199583083
1.12280156016442012
0.33370333023443716
-0.41477462010934268
0.70296544892479795
-0.29333884558715390
0.64674361890706977
-0.15369814043357471
0.50453372393433693
0.07627468384989222
0.38153682409506112
0.24617480203768577
0.28267283232522544
-0.18215050852971387
-0.41575845458029204
1.67760868463049673
1.67676836280839159
0.46519226063701441
1.26975608290165076
0.95408001322676550
-0.35933001141369358
0.92956060923881179
-0.31525756125382026
0.02205988594157702
-0.12354894634782913
-0.01021009853104140
-0.12319333086428164
0.09420239457150313
-0.00243023912461776
0.08530282164372793
-0.48406142117017570
0.11283499356227025
-0.41960126459273600
0.36702075156858821
1.66057401978069241
0.51343898183855774
-0.69615804635222300
0.02114372753574252
0.99616049345821045
0.53755740189824908
0.91777268966965275
0.98585691996202351
1.95246865110435519
0.89879998891381663
1.84765634245823152
0.91247669597217351
1.77185999002500116
0.68042635659077133
1.67045745372094290
0.52891182676822623
1.64313580851236107
0.84354234634322944
0.39867525115006702
0.19890183837231373
0.66944907873737525
0.13946836399428411
0.73241313305417122
1.24816808894298270
1.52685954519206257
1.21633841961084332
1.48883932436695954
1.12616254205753874
1.31716628294132043
1.00151435637829667
-0.40363208118342925
1.02657269653083927
-0.39048924184501776
1.40378479161715530
1.04740593042292507
1.71621523442547463
0.40754472013221554
-1.28501521107220107
0.73841712156162964
-1.14245966006893140
0.73472213941556075
-0.23370045960932509
0.87868958879860948
-0.08711949174387409
0.75623958342845032
0.09587892525565221
0.68165437032406107
1.20790850855057186
0.69136858409075630
1.09399137687159986
0.81270299326265516
-0.57303212756798116
-0.03524012282783213
1.47169001436740543
1.40738166842890755
1.52539876776025474
1.34122075397026164
1.60559312406893562
1.23874556792845181
0.60122365688223678
-0.73602014757337431
0.55451140303579538
-0.56307522367368035
0.59711010471897363
-0.46813328031289220
0.98120606773620445
0.14218006949454545
0.79676225834195713
0.24087852641492685
1.13398072691146967
2.03987068647482994
-0.07933112060666002
1.80362373917116958
0.07374300739526574
1.61288378283252043
-0.00159767274104739
0.96257438809060802
0.11498140780631583
0.89737601197570593
0.23872798166092696
0.82629808346055356
0.98046431267154033
-0.67010362423023240
0.92602567145710191
-0.61982071372060188
1.15918981473658356
-0.33494553894135420
1.08880833724314519
-0.21393047193676251
0.86488645115188501
0.05088440944714089
-0.20170530507769763
-0.17003122669732118
2.27107726548795297
1.29680240280976444
1.21080684536711636
0.34400967625895296
-0.89849450296696620
1.23258391970891279
-0.82490623574186839
1.24544624378471802
-1.76804534658286294
0.63232596778759065
0.40220002163192620
0.22054535873636666
-0.77034613070510272
0.17028773939077227
1.35058819682361797
1.64422327092549958
0.08780061121833947
-1.66418053194705218
0.44334820439409545
0.19979120854234383
0.24140502663076993
0.15365801207228938
0.16146028868827550
0.10591473329509452
-0.16276661240548690
-0.01971995848356378
-0.30473645884318529
0.04194820723114398
1.26750145167834782
0.87889231650059330
1.25433061180025041
1.09292113885418396
1.31139577834202514
1.11636740660366129
1.18966617041888045
1.15929248819249553
1.70852525599136373
1.67680366686563986
1.47255390936191843
-0.30150892603877189
1.16563853769169334
0.59118907224661621
0.60996748246562116
-0.21414552330405356
0.47861165846250736
-0.01371801209512034
0.17910642765020796
0.19830396419754187
0.49124462325562279
-0.57903478101749373
0.47291640185669975
-0.40344382144834157
0.43923642824919668
-0.29501469398573510
0.45546752635868715
-0.09907391981317747
0.47515199042770673
0.05194919746579596
0.47744797423488167
0.30936932643923226
0.97133366613065020
0.43257646206421069
0.96066879515564818
0.36595082872320378
1.09156333908052527
0.40576859045245278
1.17573841225223008
0.53810322063497851
1.20450120144843065
0.60860870759746211
-0.36570663011091409
-1.05090463811953283
0.92628270796181778
0.92797653680334158
0.84331740289496948
0.88535843373078704
0.63068247402795308
-0.15416824061214493
1.03027107170509735
1.88238032260706012
0.94181439393512423
1.79518417839062172
-0.47750030307724373
-0.11620520807651304
0.97600034611908248
0.91832033012901204
0.90537162676368943
0.75562392311084969
0.25559344188351318
1.03823249798205741
0.39872531141980938
0.97025388324306650
0.32328540002399009
0.87506102462659197
1.43014701335729333
1.56721760161345358
1.11228210829343710
1.06043209139949623
0.15978602306475267
1.24057210477018298
0.20912631586130009
1.17451472772346288
-0.27957658174775352
-1.17027171564170906
0.47944040078477862
-1.02230944688787839
0.48914057933310207
-0.95840872799511401
0.52651877179738649
-0.72045284178542979
0.55783864056760024
-0.56374014160074615
0.57152924761491264
-1.63570048504392940
-0.04776713715080982
-0.23035007170362681
-0.23711013217102128
-1.03673047145096109
-0.21579750576500720
-1.00354489131520630
-0.22752568921941538
-0.81396880486757550
-0.24976255097528610
-0.71199157928270329
-0.29491212980898374
-0.43304782582831625
-0.31936216454790112
-0.25007953970636920
-0.34143786369381202
0.07320180152320185
0.50251700438875291
1.25035697066717155
-1.27383351051542992
1.17207280415488313
-1.23549858531224710
1.10153399007268171
-1.09178660447750531
1.07815704446187022
-1.09258622391255300
1.01274579115092944
-0.90505366475492965
1.04137273869704550
1.61808635328698469
0.36723567855097072
-0.45540660862203353
0.68509340673465347
-0.21548119158015594
1.26861400771625021
-0.18650612031499991
-0.43740660395488667
-0.11449326173217855
-0.29594352187611461
1.16574746269370366
0.73687087856688449
1.00194659296834421
0.88637439149519781
1.94524639385773690
-0.16515020123059443
0.96944129022035264
-0.63796085063162578
0.88151476886076630
-0.48229081127625806
0.83850301728417787
2.10403917192620593
0.95732621428210685
1.94879266416867125
-0.70020582560987155
0.18006132388689050
0.42768848137215187
-0.80495450262868229
2.42101014938738146
0.06501867063863861
2.28803201770519671
0.11481247287533297
2.23827365270736367
0.14468221303080075
2.08839183990248367
0.25263388329621417
2.00363951810471530
0.32586660440559223
0.21243239849761703
0.58801000199058540
0.30298069358324065
0.57354656151959649
1.80258756071698523
0.81744438232975281
-0.24897359129517249
1.70790396954486190
-0.33699176386951957
1.78337171662594796
0.06739999954283560
1.59674610080450652
0.07597684105177865
1.48465419496647577
0.23959986954731599
1.42085703901072313
0.21839385867494673
1.18316112286805808
0.51233116261454859
1.21163346635181601
0.77715902097706835
1.04219840615839532
0.95839322029106666
0.90816944967887037
1.50122834238489955
1.24068534624761373
-0.64341427882501390
0.78341763044590706
-0.46693387853161789
0.74931187075852002
-0.45814088000528908
0.72264339968258140
-0.44475733717346300
0.77745552567919152
0.34225040487586056
1.18981277853805634
0.36180993133823863
1.06835135509863122
0.38107912945687822
1.01393419270727470
0.28844082168257013
0.64887667229627188
0.24683766053419529
0.36031384525449661
0.19986939641958562
0.26184573262860655
1.33377302784826401
-0.23858689940757857
-0.18053670483544795
1.71757853088177281
-0.07513748563569007
1.64572547416647796
-0.23973348247214155
1.67792994444551291
0.60550870714797700
1.32188196562428395
0.28388408555165423
-1.30481766664884780
0.26646448629211983
-1.13793271752863956
1.47977917801234793
0.61285705126131351
0.68499551709669104
-0.62574955416375810
0.62418867550410406
-0.58419668830428251
-0.23227539062279715
0.00696546093717960
1.72887722062457727
0.84629895886391338
0.02182130951421918
1.64197129832014443
0.41245194962881604
1.09570147122815298
1.96162417129890754
0.36711480088048504
1.89730293207826195
0.37189621975984044
1.69565682263832818
0.44079376636666756
1.70332808463026852
1.80565905177331154
1.61750188139078310
1.66640460122865952
1.56132886591603159
1.53477922069014294
1.50328920694540868
1.30657682367449612
-1.01125361589827500
-0.14497310685935372
-0.39520198222910208
0.81738261312380056
1.60275765659964198
-0.18133141695937713
1.45512634215761483
-0.10322895745437466
1.30990972009834983
-0.07786717116027958
0.50858903358615792
-0.51199012582458314
0.52075192540409032
-0.45524183809894947
0.63895476636396920
-0.26494339356434293
1.06707456943671586
1.52056114147909072
0.98980470789977093
1.38686724067274758
0.97506594339409769
1.36084259200858915
0.87876697290878714
1.19931629778728022
0.86511017626756570
1.04691709112736198
0.21454805236969895
-0.21130052449138043
0.29347208489428828
-0.01229022816376694
0.48332563613418583
0.16495642306302477
1.29407981769720393
-0.74798805309792626
1.29477236371302107
-0.75419790763615324
1.18627120718931289
-0.62072075825014472
1.16368948436616293
-0.59417950117702734
1.01870289584013540
-0.45114206975117194
0.99462582842070513
-0.41123707575286750
1.63922917146728642
-0.22655490678751691
1.57299024026875855
0.59512351609170278
1.42137947318371483
0.58155428057224845
1.41677412035869987
0.54493894472326010
1.24433737082604101
0.62041525697494004
-0.49846907252809347
0.20301093003219944
-0.40491012458296016
0.10139454996347358
-0.28314569809060336
0.18716135603496903
-1.26538145145498926
0.32705817114110269
-1.27583193921676208
0.30512877082182654
-1.09107709332560798
0.38094442133601775
-0.89213216888107039
0.39807271603206618
-0.69574616734726114
0.44905766376378692
0.03339249626262304
-0.91832284303089307
-0.21199195443955215
1.40743456407891587
-0.16894750441469172
1.40203145122317596
-1.02962881645900994
0.79928080349492170
-0.82688498897369966
0.68595551576736147
-0.69722774236852003
0.59800893251199005
-0.49279745191725888
0.44831711648257083
-0.26122120837802393
-0.71552758131711869
-1.22246017364814086
1.05745561756616291
-1.11916387521024330
0.95532131822805533
-1.08555613669245843
0.87487468126967771
-1.01815630828409276
0.65615209878464953
0.94787861040893417
0.81314247035387743
-0.67313080331997821
0.00654195421750301
0.50014723070431610
-1.22775994850208359
1.43650272952535740
-0.12823988450914181
0.78504907504695687
1.21210703827952981
0.73248720020671798
1.05705161583031759
1.08094179305120353
-0.12496802491753356
0.95093290823297305
-0.03958385782375649
0.90385456826687238
0.01092937779355364
0.79868258577616513
0.15933027324107912
0.69165010155882778
0.26646194938620432
0.51278654525511336
0.45720473049170579
0.75288655857619968
0.42981474825697452
0.24772098757687722
0.64942827814025439
0.30928756709591393
0.58373165101893865
2.22486638735823838
0.75956374228250789
-0.88477257059714109
-0.01063175716321468
-0.74919366007378629
-0.02509480712611122
0.43814420828488304
-0.51513430570813212
-1.11004458696821851
1.01373298380499777
0.90132246223860424
-0.66050319001303315
0.84536903828056809
-0.50612636897768393
-0.24313163213860234
0.47333122507046094
-0.26375869967513882
2.11029576485071191
-0.22683618392654772
2.03656538995624281
0.52959426628798312
-0.58123585864710903
0.46846397545385998
-0.50660173016263732
0.69094160712152741
-0.38690966356398526
0.74815582462071972
-0.29190652497756125
1.09357770033341462
0.29822818269959717
1.10675566080917220
0.28620087808587885
-1.36892790955673349
1.10607138724241816
-1.25205015829273902
1.04261599821422291
1.44663629992891773
-0.52168023607482594
1.28613018038894844
-0.36084681629150361
1.61745840531140272
1.17489947346014678
1.61347694936989017
1.18146311008549509
2.01643998940069258
1.13359221447210956
-0.20313436505459398
-0.06688226936707224
0.35491812115688559
0.91668025338240144
1.05612403101140351
-0.35055979086555783
1.01346658688091451
-0.32149685704427911
0.82602635587298878
-0.22894605085681619
0.67488868199805607
-0.13732175844102962
-0.83225778535900630
-0.22383375846126552
-0.70334519023177688
-0.15993899761011515
-0.58857582070267889
-0.11247712242253546
0.54920738205945019
0.38562929923137579
0.35918198493306386
0.87526468499643684
0.07215277667210845
0.75464762191830204
0.13338026550027549
0.80649982330126047
0.03281148436301791
0.36067450725398131
-0.36934516483469471
-0.40884351879420694
-1.07782815305106627
0.46557701423231146
-1.00228526005703333
0.55080522977929580
-0.90277412141344493
0.31987288198529601
-0.86199763830604759
0.21635730225902111
0.02309240004466194
-0.10700716576126824
1.66757427205854825
0.49044709985091961
1.56839384963154438
0.45501782169734389
1.33621074926994643
0.33828367741405957
1.25474602267669799
0.79236532810845406
1.23200967273248385
1.08973383310256056
1.18894489937605363
1.08144900781261577
1.10182099400395761
1.11384275418866996
0.13696858680451507
-1.56482278084696547
0.24229914561170612
-1.08604524410856640
0.47609822745112573
0.24543685925500883
0.61927435889240579
0.25497124053262959
-0.33096108785029166
1.87486270076942052
-0.30883997050649825
-0.45448292685517716
1.01446955749017032
-0.35219756810120889
0.38173990430545801
-0.20313869855270827
0.32987102025642612
-0.14829959681482335
0.40666705772818890
-0.55017763408711473
-1.60661977269775491
0.47392978694016996
-1.46869891804061692
0.32883495876629792
-0.95186721727853940
0.28367827316596644
-0.73794302931286004
0.23796070095643862
-0.69350397074196146
0.24485329811773918
-0.51344271938286978
0.16245120158478715
1.13229925359104278
0.98318642323983985
1.10637309041769738
1.00467009519886341
0.83753588344046626
1.48533182697807287
1.18505663289336249
-0.38772546002529251
1.16077841250960101
-0.37694057037452650
1.29443450927720538
-0.16238162019700064
1.18701141883832473
-0.09417710825495298
1.03559950688345692
-0.02394184113528313
0.79751895399778705
0.01427315717507809
0.52146544811499773
0.06424350491811019
0.31344443107597003
0.06729713306770641
-0.06374288131759755
0.02069769464128629
-0.39163049700546404
-0.01685968166187536
-1.27355521668086946
0.88109568825518669
-1.12730291166007701
0.84088270143156452
0.11215037147870655
-1.54410479248593746
0.18034870216566290
-1.45458368802009774
-0.12937049096571618
1.81728856177963727
-0.11237371968650314
1.78844979500991563
0.11869658956147591
0.45042537726363263
-0.03621432059961766
0.23433857601867242
1.32427757045374173
0.31901976939337179
0.52965164661584296
1.13652152275759621
0.50951648344007883
1.01441153628635039
0.46046705894639445
1.21860819444601987
0.35358026375003920
1.28718930334620563
-0.94644697770340391
0.12182060058550813
0.84440149624257188
1.54680559969140696
0.75069445518816180
1.49544364852064504
0.76553521991319773
1.81255657583291674
0.67087223313838795
1.62582297612450022
0.58183778442456680
1.53565387282576515
-0.33806950855805051
0.32714068221417975
-0.14257220446812996
0.16223558082241946
0.00676977857340607
0.17511660123225781
-0.84485678190610825
1.23766839905050641
-0.72594249039000525
1.16940510711452372
-0.59366597607920302
-0.43176298808150365
1.53856844657048519
1.59812816381798362
1.49728664454980587
1.56792623027377420
1.30899579960289203
1.44053877698274979
-0.88042316868756987
-0.56607874879249265
-0.76735406392751215
-0.48268563117376218
-0.79579521573024292
-0.02916071623594904
-0.69945412514267979
0.06046500192071743
-0.52604864573681953
0.31255568809076134
-0.31971761956884076
0.67905616384183665
-0.16585012941545885
0.87902764321404503
0.04948170344396093
1.07396607719607173
0.49702110536831462
0.51302055253540313
0.63047801956249649
0.74953376744413747
0.83743904837620287
0.89497896437186697
1.70000800258348139
0.38846781756603560
-1.91408087765168400
0.67149002540300373
-1.13151021888815873
0.99139880103667044
0.38227843901631392
-0.40372370290143589
1.41620225558400259
1.85025935141746589
1.27585137800888737
1.75240261743533288
1.24153252497322253
1.71928557248048053
1.06029512486834032
1.64025128477576398
0.99837258500409343
1.62105494886957646
0.47141223591776316
0.01210349807680085
0.22099264677276553
0.09940327660117547
0.58038491942149439
1.16117186869981581
0.55310378393861404
0.92802648656445597
0.51697671328618167
0.83658651118611793
0.42659826345912805
0.54721852841273977
-0.10376236482153857
0.64798038785864664
1.75662335353279020
0.83083665243132854
0.89820153211458609
1.03984182121677549
0.90389823706144423
1.13941878869823521
0.95853179622099449
-0.18887708366533196
0.81407572638445291
-0.08859317327572432
1.31264299360206360
1.25133410874935858
1.15350859563456365
1.14049103690350973
0.90174479909728478
1.23386905343195941
0.61352879768318958
1.31929211026660154
-0.41942180514614325
-0.27348510046084173
-0.32685582314596201
1.79713905926776341
0.17810186894496630
-0.13856324390133026
1.16777631452445219
0.12573604250724643
-1.01007965067179417
1.51916725086449622
-1.25120422324775959
-0.51871959143984347
0.42948378727630449
-0.81577355630359261
0.13485392605803992
-0.69601670430118956
0.42657906643330334
-0.50921928849372333
0.55356198085929909
0.18952382179094240
0.67085155913199124
0.22603354524143968
0.63329898816051178
0.24702086744260643
0.83397139206439175
0.17050290462110784
0.80445887184389009
0.10919281817637448
0.78956599449212239
0.05005484600717702
0.18370936099178325
0.15962810231822572
-0.14989207827175077
1.71601666342682768
-0.01354922233876629
1.68970192732536240
0.22649936320740266
0.07091035134741411
1.12320732140164981
1.94728967924772833
1.00743153045097844
1.88128687574339160
-0.00202884687339676
0.60191309761110690
0.49966313421864184
-0.30760103834326508
0.56144641163962805
-0.19908042902784476
0.74145457049778196
-0.20759605968496517
0.99990148462246908
-0.05268757365549866
-0.16248225236522373
-0.24425865825253573
0.16577624004394748
-0.07147010168640451
0.63236467103463190
0.98515898732636142
1.30916063154117168
-0.14119353410369370
1.20598721502416928
-0.09641788865352627
0.37096387478616566
1.49963477915289745
0.35343962340155527
1.38331165175520132
0.25179699997019006
1.11802263050606898
0.19497074617612689
0.86214109055114196
-0.57166628317945589
-0.05525246104117613
1.16453697172291282
-0.24190479116867220
0.81853650358056163
1.21758053592383009
1.28281970570695747
0.31188265442807211
2.24036009423445304
0.73504332121364302
2.08721712642482427
0.74208587095923517
1.98692161128130795
0.76620427301126293
-0.30259487931742346
1.89802362231430988
-0.29634466910148127
1.87197129894967729
-0.20759556125883974
1.86005108882945502
-0.17996393033999125
1.83755774471072031
0.34369638857053092
1.01242753602902402
0.08198705882455001
0.94034684981687378
1.16258847875060800
0.95334706301418892
0.99720582783597822
0.84772244830940024
1.69440309921747878
0.49144664841694186
1.59230198824898439
0.82031293304272879
1.39068166357369805
0.73780012579535625
1.60079728554287559
1.32240539638154897
1.48121453544221748
1.29368495166448549
1.38740035588217592
1.14779952946528896
1.27012265184590456
0.93228757452350741
0.15107521471869201
0.16914305920070397
-0.17180189583870703
1.90923451903869434
0.59910720039693710
-0.40624596297032822
0.70313495563085671
-0.26719109945544262
0.88130195401382116
-0.03655775474873567
0.91571400020998228
0.42490852699243836
1.68628488534619314
0.33186269586646938
0.12285597982611854
-0.82829685271478337
0.28975784387892106
1.40584448077910329
-0.05027420494001929
0.44037243209867916
-0.62479032456396599
-0.42002398622169868
-0.63340160341528284
-0.40026252469655998
-0.48996611734795592
-0.32141562129960288
-0.38546582135219698
-0.26897574613624592
-1.23002883259512963
0.35846233123716981
0.66675563117059700
-0.66611384374099480
1.37752241918711382
1.63686594318430156
1.24156567232413795
1.58286090366350729
-0.18710098978268358
0.78632488598780703
1.55311508804480347
0.20252725100879088
1.52158614021849203
0.28181916461147810
1.34298480020723465
0.17492060516951191
0.94326401645746782
1.65694575452765291
-0.57742540070490189
-0.14985086498098218
-0.51050323550444332
-0.10607050956684777
-0.36178619759694614
0.00736674371545185
0.15268915736626365
-0.22691739023523377
-1.03102229142785218
1.79483931973393496
-0.98643741644085559
1.69305798331031920
-0.92990918169224668
1.68074214202093408
-0.91551561933967940
1.54009513302974876
-0.91729790734821892
1.50795670306063379
1.09974100143835107
1.85944535571569425
0.98517864381235987
1.69524692966837609
0.95669802991846198
1.65741240160346415
1.48641504906341271
0.44735857050815558
1.70122863971669136
0.31297388120581876
1.66952105133963102
0.36755979728295185
1.55125091438652962
0.28817611718452174
0.39203858518956891
-0.73342662330344854
1.04682295101392953
-0.17579590507577383
0.97514351535460797
-0.15373620416706668
0.73993579230110762
-0.13968536857544306
0.99693333977200982
0.81360176096019832
0.59367107265652164
0.87034104384239641
0.27990831052439347
-0.11388556589760104
0.37452998076778682
-0.18164195350335793
0.31032011125673353
0.40492326824553970
0.42235520452060626
1.69014020699155720
0.44513099868898121
1.69517877117616211
0.40761077545499408
1.51185859636596942
1.11740291346347154
0.63206520791884946
0.41525583348438405
-0.40340812162249312
-0.14811407649150027
1.88313962189135564
-0.48078060981709730
0.55906416878824161
-0.29472809099828240
0.49698887451025309
-0.13049672444055749
0.41782637912635046
0.06943778631520557
0.55292499788207894
0.14059902980766908
0.62134176293474896
-0.25598311881737779
1.69582805988369234
0.12528643195068556
-0.92593683500724866
0.13582365199981683
-0.78683142797332672
0.05536481555653775
-0.66096278357683880
-0.10546158860638329
-0.47771375559884888
-0.17857168748027963
0.26157535739495019
-0.03412527504243639
0.39039532373793850
0.08375842531462892
0.24071929184168689
0.14067324493239847
0.19350150163601823
1.33356291623912782
-0.57932788935103063
1.21991357893975327
-0.48855387605094580
1.20969170296048700
-0.45328590999465046
0.20061083006578451
0.28720754777480362
0.25376457304798922
0.27966569267335972
0.29552635295491525
1.44595488539639394
0.34745514167449737
1.27639814160760912
0.38332636263693376
1.04365254148567144
0.78399749335245550
1.87784998830480432
0.80183295894021367
1.67809443183185047
-0.61602040182564721
-0.30101266010992933
0.54245832993608323
0.94899998739242719
0.58451488770279092
0.83836038793703804
0.53372694307977198
1.28342074432847175
-1.28172603033998045
1.07130988288132389
1.98161134372978065
1.09159883303511807
1.87348267526297785
0.92332526721419605
1.82880908671956588
0.86213554693551575
1.68760754814555436
0.62822057697699774
1.49188201990942360
0.41919041128265666
1.31386352942568641
0.19490439584394056
0.89995327222492449
1.33117813973721977
-0.37566274317654608
0.44253419053552789
-1.24336092125130149
1.05801876819155516
-0.28797524354810994
1.51834085961448118
-0.17336125311489670
1.43582486424258016
-0.07890476725425861
1.40536760577566144
0.13183914283101605
1.35607202540270322
0.31306406068167225
-0.05236356415607098
0.22250417006829409
0.24030412729844336
0.03180794292778454
1.74177513927774008
1.65769861845250621
0.16114108473182076
1.61812740010272949
0.16869535541314040
-0.18936037998442684
1.25978655629744729
-1.24319414749643875
0.14279887990676307
-1.13371682016202358
0.05861434455393121
-0.86376204994961003
-0.09373770651012021
0.48501853529441807
-1.20209963374637407
0.36409187175786434
-1.03883683898047474
0.30784792852772702
-0.96810131924883336
0.34249991862000884
-0.10901765554895920
1.13786035927308760
0.75767574085336908
1.15372711240896830
0.58532902736799852
0.12235819574726134
1.63615224535217330
0.33887723299389838
1.06730517753355980
1.16853879693815488
0.56957280067318872
-0.13184383754229331
0.64802009466683919
0.54213007507362210
-1.37405537060074123
0.18120274400245093
1.53250641477312022
0.14750388521031588
1.48759233214753572
0.25502851063941423
1.39673956279055700
0.26490387756947315
1.34647699268912380
0.50433252158813757
1.33073139650019456
0.61050521396963731
1.33744441607771392
0.47498144353334920
-0.59431685771502007
0.44300322614014465
1.32552279848608157
-0.05046463335293720
0.98783607532630568
-0.03997818504595398
2.15644123877898242
1.26644468746062189
0.77145230633166040
-0.18129674025921011
0.98390488150478594
1.64338477780157688
1.10095125105257674
1.62231800325989162
0.46129240102090296
1.44599466969918833
0.54285115861748623
-1.28236625862347475
0.88821670898677552
0.79254506447834938
1.41760249000406335
-0.13068352040746978
-0.12608945663843624
-0.05176360924686258
-0.03253903120286276
0.84098871687957499
-0.25385424223388231
0.73603922784357967
-0.17139967922861327
0.21688997176810421
0.10941302321471132
0.50108479647515525
-1.01344231949443153
1.30791178195768731
0.78379552476544911
1.29058218838882066
0.70523931393778483
1.63196795826378938
0.22018185208819746
-0.79954368519567032
1.05320573915006133
1.18270861031399499
-0.90453365670441122
1.11461517964396339
-0.66803434447416121
1.10462780092889301
-0.55515003068350566
1.79236956934414304
0.31188760723285991
1.62561068391967378
0.36032670200823308
0.78718346570583475
1.37734563828273826
0.77010243605506823
1.67105986268927387
0.73945411539582251
1.52609457717033448
-0.05487571143247959
0.53657333716192335
0.19147639769468863
0.49975001291092919
0.37779382181147791
0.46851927145143857
0.69613097173607619
0.41716296615718029
0.95854435776651203
0.43386443865202501
0.79984421038081421
0.43302736050304885
0.93678255783388997
-0.66028790254053027
0.91787516451133211
-0.61978252108882925
0.53011909534155155
1.07270731826715648
0.39218244570444333
1.12389777290890835
0.33996970524002351
-0.68447739460540458
0.98020811811851560
0.17831567948114091
0.30406487706066093
0.18137964217490549
0.18649069111354211
1.59437302886988919
0.18763758733435251
1.59500184656107824
0.43318962201619859
-0.32475345598122385
1.11319933925723480
-0.71477595454647869
1.09125529761894735
-0.68164952238492316
1.01654420505608245
-0.52420872698003573
0.93504489565629056
-0.35798003273119844
-0.56283821121370958
-0.31084498716172670
-1.25209925191334137
-0.40766468372967457
-1.20643433436512626
-0.46502093589382493
-1.04843455445397460
-0.28876702518386577
-0.51782780985105514
0.69072027874682196
-0.24476969148387859
-0.26836790809872280
-0.10399838559720014
-0.19120161670160082
-0.28759133344859289
2.10890292070088758
0.89969284813630068
-0.97041747961781732
0.90093330364908586
-0.80775099701642195
0.88773450020663036
-0.67267455909663465
0.86088263981491397
-0.44146336264560526
0.84524948305021186
-0.33375562933042519
0.86027393568740185
-0.10879439821545481
0.84338205662865162
0.07574757255788943
-0.43361199045322435
0.33233155014612153
-0.30501991245479587
0.31123657639096786
-0.18593775201862586
0.54884548758376306
0.08819856234102047
0.73214192492481911
1.15519549536206712
0.61082162535913853
1.16090792139247223
0.64792359167275448
-0.71211768582675583
-0.26206285556803022
0.86132804544512442
1.47274019047506100
0.82058875989845714
1.39575864192731847
0.99913203905209524
1.33584182829858289
1.08198785794186580
1.32712802090056603
1.22430028741082109
1.17785516994151629
0.31651040394108626
0.26385683169351443
0.22287025640319807
0.65136880443927725
0.88698164762318144
1.08198255350738792
-0.19145839897832617
-0.03521844807803523
0.62591958381688206
1.01905714471912856
1.17485936464067664
0.55508404196505223
-0.31527438765151172
1.74021484368357138
-0.22111230185206016
1.58638681586053010
-0.30465367707439484
1.81415710589875601
0.84999997413369532
1.49822815622534034
0.83919805103182676
1.43375551550746172
-0.85095871076532448
0.85498699465259542
0.61051173040974571
0.53029762604627084
0.90885376653089356
-0.69697845179084250
1.30668180257675903
1.40863253903951513
1.25832701072279440
1.37382847773032890
1.10264587686125437
1.27202490764955978
0.95285366200947419
1.19078169365899855
0.74949326374476766
1.05973487741686845
-0.03341999736001847
1.93439404076796873
-0.01476187650234432
1.87259187165537866
0.06525477955314803
1.67359473913431378
0.11318734174869177
1.57793698112114544
-0.56675148942104181
1.09914715487860515
-0.36987112480950879
1.14444002527365885
-0.62757171749404905
0.45800472035721457
1.67711504892916885
0.81690848799336213
-0.07574689015907102
-0.25623936704986761
0.99367044236470348
0.50036696768559852
0.89745820090915751
0.37342602761176324
0.88036654674108572
0.29353484060423524
-0.77080234248877122
-0.20084117258233464
-0.59569523598340868
-0.11830278575771090
0.99859577499252705
1.33468629088133994
0.83614778887574359
1.14533665429163767
0.13749154681274628
1.15945839438397580
0.19939393602328467
1.05429752838813440
-0.58784983881206243
0.74845241587061850
-0.28686682759159177
-0.68006128287988732
-0.19298178289645959
-0.54873299349679205
-0.14547995995782664
-0.38466015894299566
0.06574134132841196
0.16685532086993926
0.62408494143548199
0.76793137038285952
1.34546079243513916
0.54674852567768606
0.66075783801454013
-0.41655725149218109
0.58240945508485253
-0.25101954367268897
-1.08175994166223011
0.71183643227058624
1.60968211503371483
-0.04062864818141491
0.78427025367579806
2.08155280107619101
0.80911556440031329
1.94021924744029794
0.86036042408087599
1.88078503945973785
1.07185059681498163
1.69441535117882580
1.22231738658293598
-0.29540555119343065
1.07105774516630436
-0.12972606187311142
0.99091470453132979
-0.00053446237948517
-0.29590694158387043
0.07692464687850555
-0.15941308068940646
0.17731573768471715
-0.39569431828239787
0.48029587956023451
0.58214800843777470
-0.44864364437249293
-0.08596340022542136
1.12021346732040117
0.93904194307629529
0.02132778787550558
0.83161204606144146
0.10796556248766323
-0.21313840809411733
-0.67323479161298738
-0.08853576941217035
-0.60436894086994319
-0.06817592428548222
-0.63332002321569703
0.15893448683503217
-0.60165136437684763
0.17041314088387663
-1.39811946498963580
0.19259830369438788
-1.22565117367812193
0.39408212916473162
-0.65372783197110895
0.32925662435116482
-0.57590692207675842
0.58214188424243674
-0.44383941589664211
0.74140037042293694
-0.35074249493298476
0.42457294277025287
0.71847063074940065
0.50691467206041640
0.51986008546258244
0.96152003437354605
2.07359955468323465
-0.17962908945573547
2.06233439349504533
-0.16629165756697928
2.01045140340532313
-0.13219014840373669
1.97280951066648980
1.24667548405209083
0.09155429326877011
1.07070742506167060
-0.04033776817058731
-0.90947794186520192
0.89329566466514976
-0.34868355316674426
-0.95409356148011348
-0.23404070115194592
-0.88486635382689249
-0.21640224917204284
-0.71822797238142921
-0.64677467926423005
-0.14357138346311768
-0.46036020983192882
-0.31977873592269346
0.85513114178667482
1.84479045948184073
1.88708650230094865
0.54296958615967561
1.88295219343670284
0.52646758636197410
1.73133721640026139
0.47542543269515886
1.67520986986299358
0.46185975092519721
1.49859000257299058
0.39725445242326918
-0.37694927131782946
2.01656407466699417
-0.36469450771311374
2.02257486093795746
0.62090371003927847
0.25947138801661113
0.85074942148165345
1.83179943991673033
0.55175132560578788
-0.32522662286745940
0.54543975299761105
-0.21425440916509431
0.59650699120031758
-0.00525745454082392
0.60145479139288271
0.25364134770472813
0.58626274269806367
0.57130028201733785
0.91235311252767015
-0.37730197294857498
0.89771759920682603
-0.33154446774588725
1.31690972131322037
0.93915296230784895
-0.52217217184271081
0.62366007662801115
-0.34873944020085174
0.57532717431545122
0.97039466556022236
0.85244987772223879
0.80745472945138497
0.88566698265399280
0.08855499768809344
-1.57681125525169907
1.66890152223687882
1.82252594152940550
1.44316527360854741
0.38435245820226382
0.89198183369654238
0.26337342206919540
0.56768205014518380
0.13472819943925596
0.33351785251896077
0.00433548477567718
0.46958123919046874
-0.51387919489836997
-0.33283521917360731
0.60778283060550231
-0.19222024335660129
0.55986121992616944
-0.20493517591947241
1.74639022905411267
1.72366966899907936
0.62642208283799850
1.52916459918283887
0.63291828883277035
-0.09266747466029446
1.17198920494436631
-0.55770289806847106
1.09798867368041586
-0.40082230034678107
1.06232865371978535
0.77549877534527856
1.62737669027915999
0.97152543250848378
0.95921257039566510
-0.11950736665180786
1.31845956939203868
0.01712973289159414
1.24717009660205869
1.45193468149003735
1.07910416618715588
1.29938304342194422
1.03711916464331733
1.24935054813094881
1.02660015536676807
1.10307130680570342
1.04993462022235540
-1.26263185156921498
1.00660185611811603
-0.20523789286387717
2.07406212458581551
-1.79159051471133735
0.63774974830382603
-1.35149564178382420
-0.59867640820217127
-1.36892604116236760
-0.60979733831041216
-0.63806804011388019
-0.35047117679852974
-0.58977806779383990
-0.26288479257792324
-0.44729278991251725
-0.25888572033917279
-0.36432091627507901
-0.27131168529647481
-0.17481890323162916
-0.40814039827302495
-0.14959400455523530
-0.47569489053351161
0.04173848815747348
-0.65858014013268928
0.21245321715050208
-0.78013558687461393
0.33519983371313322
1.67011442280914846
0.31003233242392242
1.49140383680242805
0.27867277871948287
1.34709508184309090
1.05892467575002014
0.96177486081669650
0.66937247923542464
-0.01708993606722727
0.54628852320510446
-0.04281304606562861
0.18328835147202169
-0.28233896330895725
0.23858197842822929
-0.11983504196481122
0.49426204277578484
1.14982609675890890
0.37803104025083278
-0.15375990995299330
0.54018690141371606
1.43068710810320909
0.19825027892449240
1.29974852582271150
0.19707668649938320
0.13085691769394320
0.83049393805413241
2.27622827811660322
0.85152886741645262
2.14279373128952555
1.81269579751204990
0.42600432312849079
0.19222722113948021
-0.06800919891710230
1.04568841870137952
0.57527922639631957
-0.68714137155409305
0.05011902727236094
-0.86674267455247067
0.15145572303820209
-0.90398252005965707
0.18973744835152712
-0.72850619482559820
0.17862798167164187
-0.70931633462730737
0.18456642582869265
1.83351850787039306
0.01855480949262440
1.68911403483504463
0.09223809323154129
0.65922086939845104
1.00647983770229388
0.50570801775705587
0.86300528808174937
0.64841633657534448
1.00698847408214620
-0.91401126587160619
0.90628244133215774
-0.87241655390810779
0.89021712456861712
-0.68479905554077891
0.80282840604879668
-0.69178843562748815
-0.45660577706379879
0.05977451642113739
0.46101447964336711
0.20075472405586495
0.41456621251284598
1.78677965092448554
0.09855722701348706
0.79739550351149480
1.63814238092946240
0.82921475046626991
1.47256672846382819
1.12923013923474058
0.01705864080373378
1.23242664512489486
-0.18547201530847074
1.11177729156630622
-0.11244441036085707
1.62214471222152667
-0.19199806134087388
1.00782686429479740
-0.17043658941816200
1.63275778889851497
-0.16259103060902452
0.26600587623649075
1.64982740689604990
0.18162887174481970
1.62684779870570884
-0.02381242823489789
1.64233464535829765
1.15687651075766307
0.66257230930631306
1.20921884752669140
0.89107289415900770
-0.01517864477797594
0.96190457378197891
1.94203944715492183
-0.10488349159268986
1.75170232885614996
-0.10812233070299698
1.62677924333665791
-0.14283976673343834
0.61192358311133022
1.25481097242337092
0.96536734085775455
1.20772347281613590
0.89888426948173472
1.05135105289840447
0.98995399116497251
1.30043403466467056
0.03947064797533143
0.57981743934754526
0.10768634298936322
0.55402082796879981
0.02332686196784765
0.41368500981990425
-0.55184125396025074
-0.07453364726910469
0.54165106584634293
1.23479884536249207
1.00895555077942545
0.70160882052987883
0.12743947649524251
0.95077417346800508
-0.44451076668415795
0.14343043168718120
-0.27464255885070321
0.06538264405833798
-0.25091549374668454
0.05523609769216954
-0.07297359580371571
-0.00310988098194955
-0.01547241357079217
-0.01638516309831714
1.55660897323542913
0.89222682839292489
1.25977903211363396
0.90004041475297281
1.88011570164312336
0.53553886507296844
0.15337132353634270
0.55974465169915699
0.32029316099522059
0.50085928001690627
-0.01958995094966183
-0.12697379673896778
0.14451809291258028
-0.13089931835981816
0.16881562469270978
-0.07316602822472582
0.38326652373119457
-0.57017476389429167
0.88929581540483815
1.69644876353673735
1.66816907162939154
1.09888095412391218
1.64901048431226460
1.07759397567762383
1.45429495138416032
1.05709947456664599
-0.82143451861102079
0.97372992540355607
-0.76984866240343375
0.93635159586030747
-0.17995966780637968
-0.38161139332799482
0.94376724625407304
2.06479577221872468
0.94799301326759688
2.05002828978206875
0.84546862298306280
1.90549715452996038
-0.11518960197940839
-0.23226330986960328
-0.30627658656111695
0.93616626744419873
0.03185013108840781
-0.10874868342334962
0.11091387065075367
0.03519704258525130
1.12856970934429723
0.17462483237959731
1.02976967172868306
0.18096625584684109
1.12958548719692486
0.44330092255294290
-0.64790291786593524
-0.53859654072166330
-0.62213918120229905
-0.51395512193967274
-0.44153447243182786
-0.37882577382992916
0.25922363328676595
1.63445265753435498
0.22881987774670076
0.08103771069979651
-0.27626577166658739
-0.15070680971582823
0.51568489325157429
-1.42813470648361940
0.51961825784527838
-1.40449516409660280
0.44876800591119842
-1.24189644333402716
0.43696483216530774
-1.19673592042295307
-1.08450583111271825
1.65970800052904344
0.15964109356259656
0.17661411052250314
0.36033038371982462
0.23422795920275116
0.43205974570420380
0.45941596144484259
-0.16396149043653366
1.97257586845850419
-0.30917762021568501
1.84418037530154910
1.31187849273509660
0.65821443835960303
1.20579882804571681
0.63910655934607685
0.91027464459799967
0.52346605078584141
1.08322732437884151
0.53695355093903196
0.92798276376282007
-0.19790537737275063
1.03895200619283856
-0.04199582967642509
0.84096098738919123
-0.12763666939463658
0.82591904269300276
-0.46024198058496912
0.84494481261296239
-0.45521097193219640
0.78595339901772621
-1.13313570196431845
0.71534053294415734
-1.00710820321764372
0.70654618191491170
-0.96260596596165127
0.54170480581902225
-0.84934169103610169
1.42290764529832892
0.64913764096844562
1.21558523532193874
0.70969459864490358
1.11930755778368640
0.72308045022635814
0.89722006944432764
0.83516757211096315
1.26060573978202761
-0.23975375634854859
1.24586230231304040
-0.23838202650878471
0.64592927422090818
0.43733807976993139
1.72692263914929156
-0.15475071931992165
1.62308120241346199
-0.05836028818484003
1.57357171771278437
-0.04452321268970758
1.42986307815779456
0.14609168048650656
