1.06307888136578388
1.36884601731508693
0.32363249304670161
-1.31118054846301990
0.33800295849142087
-1.24090012129783789
0.38615365163986581
1.17967225513004115
0.32891687639359340
1.11959691118514004
-0.60907528290729362
-0.31147728163850102
-0.50150038224997218
-0.34425048664606728
-0.65901054377729962
0.39494178381065553
0.08135218212468798
0.66346029215200097
0.15378104750707844
0.55314426818458118
0.15542658771259768
0.36862990579583510
0.15250924849030995
0.13611122900338296
1.28205615813352369
0.43335865501084581
1.13833505627873621
0.43127071804030498
-0.26970166250064209
0.21170752386478875
0.34345818543135609
-1.04588503747800354
0.33188571459568939
-1.06510837580798023
0.38059160085067434
-0.92234055577754681
0.38600953612386668
-0.89398483578873122
-0.36891087954662527
0.64208022350727723
-0.34252973068220838
0.87106512349962328
-0.50808248772383113
0.33978225515442168
-0.41317120797384027
0.27933191207575525
-0.20443492602159691
0.16351961064702164
1.73312487976320551
0.60222424635620342
1.49358679042438891
0.28317048003103384
1.27684744012752227
1.46114582685882333
1.21648859133937615
1.33797472255218897
1.15493762566697500
1.26209075816955685
1.03304266266307998
1.13514346841364411
0.19530879539639304
1.22524619047105632
-0.46115109007904659
0.80952031285990356
1.73962443445559645
0.73710630490567774
1.70689186705110929
0.72719674541648316
-0.09108094368243695
0.14229226745378318
0.16414869343834387
1.44927532617023536
0.37270976388438165
1.38857492320282239
0.59478749839434208
1.23358653211090008
0.72418921236466105
1.13842378072821759
0.89212297160139820
1.01364210936691523
-0.46199788071266240
0.91113804373595386
0.21736619162530918
0.45439402406108237
-0.08843204534408954
1.53520902732695630
0.71804384526415210
-1.15898444386848820
0.42531393677023704
1.34895698470923242
-0.51989141158467744
-0.08106208300415890
-0.39715280346443699
-0.09335104344208534
-0.40975398877778668
0.25146500605738686
-0.39429449714480197
0.29941358241530802
2.21637516572957471
1.30379917203522622
2.13423388592953334
1.28399679251812948
2.08368614190185220
1.27347565579767541
-0.20613681377145326
0.87266742151667731
-0.06461157649809326
0.82693437586179175
0.04709928719188752
0.78463486579214436
0.03014893441681169
0.81633421795125638
-0.14688262018311793
0.94419163841061593
0.97167897156976168
1.55629573570362378
0.88960820867170298
1.43833226862627384
1.90188847285400175
0.29399493561984280
1.90836932651522861
0.28939493376764813
1.75906675825396186
0.33449538098021436
1.70384377193744618
0.34914187617289633
-0.93012129969518842
0.15279318872311629
-0.59410250994854519
-0.45326367661943490
1.07256960316879990
1.30476173337858636
0.92392369432063148
1.23332454714836226
0.62064412493270327
1.37920436831955073
1.94970795871481895
0.66120729947578205
-0.59365797077936100
-0.94416620379178096
-0.35141529382936409
0.86712267551880606
0.90601195698372461
2.06518696392035039
0.82303079774798427
1.98941694524599932
0.81998925272052281
1.95151289299257003
-0.08649547200821807
1.20061071234369954
0.06528231987055330
-0.04988633186390482
0.03925222668197428
0.07365200989456941
0.67098852359013328
0.26523804644791660
0.13738156060790968
0.17394269517051505
0.26682513000101238
0.31972171573311681
0.52389313042197361
0.34231111226481725
-0.34626651584512325
-0.46705021892971832
-0.28269228406987629
-0.43291871925261854
-0.17259255583349495
2.00406557155685849
-0.08486373105056169
1.92408120199834931
-0.07891603295960824
1.83777579650238865
0.03380754800514732
1.70012963330886269
-0.09927538285234752
1.58110268312008628
-0.12209161815629430
1.32317170710966581
-0.12843103539704789
1.52433804566697795
-0.03145118545848231
1.58230537877149557
1.08801572534749580
-0.33789373499573194
1.08125726823620050
1.12770994241637457
1.01158781987931135
1.01119168682428517
0.99210384949163388
1.03283742420209501
0.10568798067639328
1.81051654751131408
0.44397118721794898
1.80849737417150314
0.36940314956513021
1.81154016387887395
0.13528132890582270
1.74548926121151715
-0.13106192770025848
1.71617658714623755
-0.09979670372649127
1.69083871781730766
-0.12154311263106665
1.51614460998980327
-0.12652864342794598
1.46866713225320833
-0.17668232731623204
1.27148262974354087
1.16888548479079035
0.20352233049634338
1.95665759265326389
0.21249724406786058
-0.44346137789678758
0.44819821889131617
-0.36917783094056111
0.64320557631479203
-0.35060655772279153
0.70019927158464612
-0.30786174863316490
0.88604539586323239
-0.29637572428768655
0.93470983565694432
-0.16165024691824520
1.13546907923363904
-0.27836231554187385
-0.79348635433657377
1.49730374757283990
-0.55055669640956084
0.44409199237776692
1.50149867439550211
0.68436723206670869
0.50788874917985793
0.56002279259919718
0.48394656676387821
1.77705119345517204
-0.39738916176865863
-1.14809913258993523
0.95515121911226275
-0.17873952380954167
0.28407683030162445
-0.17498034676672913
0.33962719853025730
0.77797278992338126
-0.84206654048669971
0.73290610362439790
-0.60069272115511951
-0.10477218066789647
-0.04338290032232844
-1.20258657964947946
0.77222057372028230
1.46717422894206373
-0.66876171187188393
-0.94645724606549120
0.67210856406218478
-0.73492238586194214
0.61526542720945099
1.63922732517988012
0.07387616273289566
0.86614320732119576
2.13709987636515475
0.79133210289178069
2.03890019191128680
-0.69233944753281629
0.90166123571511503
-0.66486130460765303
0.89008958480287315
0.08739634709462597
-1.16565619403566911
-0.68708478744377977
0.81215463892659656
-0.03600192512221657
0.70512708133247382
-0.83220643552842033
1.20951408340155164
-0.70534789714477597
1.15972908529474217
-0.64349886678130941
1.14567447058794714
0.37880303649425728
0.56594019517473315
2.32907231636418155
1.65597603016957340
2.15530963637869855
1.62438476278185751
2.13828678478779155
1.60730420049608158
1.95836024168463374
1.60055404836203885
1.91183692038139741
1.58850825762467807
1.21270809958663328
0.03373438815342128
1.17478777865016237
0.09372928149534415
0.97052827949055898
0.49409110129236772
0.48828616634322286
0.19588007497897841
0.44517319731185701
0.27306905387634006
2.01675068759589760
0.71569067464001046
1.93060247419345021
0.76730315969185348
1.82962912864836524
0.60516295631242922
0.98208857469930577
1.12103560208202135
0.99135291637682887
1.10250503589510873
-0.19594493358526369
-0.53496541710083911
-0.17309864797548316
-0.52729533086729830
-0.38147950307171430
1.33087275336032218
-0.10715237064217362
0.60419185672074582
-0.43254999565904051
0.48436769990807232
-0.40931777631003757
0.26483043387194666
0.38331306942057403
0.84699723892920220
-0.51630084326165715
-0.10516649368531301
1.60729861459424406
1.64106095692012954
-0.11322869475788970
-0.53237071103325473
-0.22482554927210088
-0.23465742661550157
-0.26827693677407849
0.03833777705535961
1.22531733343360250
-0.83559338765461344
1.29706336567206626
-0.65310991056131351
0.19881179232175522
-0.44092350864541641
0.23493815749572397
-0.27290250802590227
0.31708775035466930
-0.13148087382285698
-0.54267130206602754
-0.36126545379093816
-0.21538604453227139
0.08132787344719446
-0.21116850722392549
0.09131079931229487
0.89738445230591979
0.83681572297040308
0.41996173192303732
-0.80237625043427541
1.73998514415719785
0.14931713965537563
1.41549508895303222
1.60155003068052659
1.33001309860946448
1.47531761687058594
1.04863715701772264
0.47914465543721452
-0.82408182774428762
0.84123466422337756
1.72879747840551690
0.67990988950884546
0.03308171539121244
1.21250912021386803
-0.01719962734739110
1.09660012564671505
0.41593594224462327
-0.92492774563638558
0.47084938745928812
-0.72832842028694311
0.64969576695007736
-0.50209557223355883
0.83239770612427177
-0.24516234608922607
0.64088793199886296
0.90982491385507192
0.53310977600165299
0.89930062257100762
1.52135441792283399
1.43126299268761925
0.41204235197568218
1.61055938325878434
0.98779445772635388
1.10741364507328699
1.01594620500411192
-0.62455708050712089
0.97871269940520222
-0.48451514786854577
1.00732790322108312
-0.35918379754303642
1.00639231331259249
-0.14752986187934192
-0.02737204279491828
1.01381148378424291
1.23999429406448280
0.21458907950342679
1.02744361721721278
0.28537085518665406
0.72458501533164776
2.00866139902737828
0.65858861364070020
1.90199060305101741
0.62111142496245808
1.86156722274152875
1.15046801924346398
0.72740782731609932
1.21842460560911370
0.63582744683438275
-0.10030382678916853
0.71249318680705021
-0.08455787921824301
0.72477492954197087
0.17111137878096108
0.47515058710222408
-0.22409627269690102
1.22083678581520627
0.58551062255162445
0.35830374885871624
0.08910661988377849
-0.08761503811706582
0.01404962570322063
1.23524231378654026
1.91219030190699435
1.59914765393949088
1.78019955044003853
1.51257834029491756
1.71953816000144633
1.49343614823901127
1.54706310454380391
1.42647988240921753
1.34739308933386526
1.36839046176999068
0.70700339513527832
2.42631243166272492
0.63527254031496005
2.40400353719752991
-1.34283246329897987
0.79843554787752880
-1.12947961343143888
0.80803194404573520
0.80910924279659091
0.73997696029470927
0.42606849038732320
1.47922895061007176
0.58316261992608431
1.38771317465047495
0.78445800885967554
1.22317047349785213
1.61432379187193487
1.16401544749263786
0.68629463574414273
-0.24475037975179462
0.66710458840864628
-0.18149500361339355
0.97338226853342436
-0.43560852421497520
0.95626261883738883
-0.45810133123754859
0.84640431334454891
-0.16053063710416166
0.05321842530658780
0.78484588700903801
0.14811782887450642
0.73129666246355018
0.03120814010175794
0.90468160862910763
0.45051494230831279
0.53314402543651962
0.44714354568830222
0.28200155817501249
0.39969638562320520
0.12691561595939044
0.27040241676422977
0.06213081473878213
0.16641261902443583
0.04903553563323322
0.55242548693292004
-0.08235392858292288
1.67075297592031835
0.65325673938566775
1.56379751312250126
0.60527123962326912
1.44081737524624476
0.56248503496435509
-0.21772436938505502
-0.66078829798168326
-0.28202510330406605
-0.75267853247657746
-0.30650539819951789
-0.65047624756502165
-0.24481916937347353
-0.64411805020865998
-0.33114663673812034
-0.33269918523487740
-0.21437194078733537
1.86663051009888559
1.96610478343292927
0.59789080986543208
-0.14240502198738650
1.02462293797461101
-0.38549608180231132
0.48224097062876120
-0.23537180515054945
0.50314672777347202
1.51513256715749156
0.79346135110338467
1.38028121613511678
0.74925350996519469
1.26230428399222205
0.69846326582573826
-0.36657068552348054
1.21869343856697410
0.10251439649316038
1.83034423420719072
1.09021893200541875
1.58972862015605498
-0.85978953897025179
0.68207954870228882
-0.86858460413610827
0.69306461858668167
-0.71908012947593969
0.71931003016957906
-0.70184409323868457
0.71631055575974034
-0.48143145092669215
0.78350050408803606
2.14109857477352561
1.19574430023619560
2.07417098192447158
1.16275592731721700
1.89182629460581087
1.06402251692828642
-0.11076042055603498
1.72682828061085081
1.51603564069618146
-0.64046474654152041
0.07525158687176933
1.39860364004767845
0.11353953743126470
1.21823816383058547
0.11993673489010070
1.08049582021839075
1.48780412738130541
1.05263329473995371
1.38141651870905391
1.02339211830970545
-0.11658651661999261
0.70089434122627015
1.88812868708607406
-0.55553904377415364
1.77066910302772929
-0.54769374130692339
1.49578049566369664
0.55445806505956707
1.35622032699702455
0.71222796516635101
1.18768970617763503
0.89664372563723682
-0.52389004169442932
1.10443740639906096
-0.29930594716670245
-1.11362748829301883
-0.25225526960631256
-0.98426976180566828
-0.04542559371415331
0.32271667203422649
0.32659942045986146
-0.95285012436976979
1.40727062985292384
0.29552753756102940
1.19105512011746506
0.32072839690220351
-0.34005347628650828
0.13488176839139324
-0.90997705765591541
0.25404475248939784
-0.36020889411177853
0.97727938902633127
-0.23661775475353103
0.90636582636210028
0.13179713560902517
-1.23157535930379014
0.09809950284960561
-1.14395214682826785
-0.34736415868735571
0.03764715551584426
-0.14178617870417037
0.12955288506026305
1.65888263166701244
0.13030895254045147
0.11018504447657421
0.13917277494734245
-0.65870732682833333
0.99244645277916832
2.02710210410775460
1.26859062364948150
1.84448300230037110
1.63708920216932707
1.74387584871899182
1.54216025439580684
0.27202566769210285
-0.65158186608043644
1.31023535059205387
0.08245328602723004
1.29560172331153511
-0.08570930784917523
1.28801870273377705
-0.13207682837742377
1.13610598202445612
-0.21967947257313569
0.51045660990738728
0.01464957178711476
-0.39202875282933425
1.63243862316908173
-0.49659525865016890
-0.08407113792922288
-0.30972993758517359
-0.07099216895516683
0.26626273702833625
0.80932781468604165
1.65185654893162104
0.51964526099503550
0.60850949397253085
0.45058666238187278
0.58816326858992785
0.40519786701951510
1.13908156239474212
0.40079621565226348
1.02527935708448292
0.08736289912957965
0.79147675247905747
-0.18187909533640223
0.50487318333434728
-0.33208919354424349
0.28102805198907221
-0.45277050977710315
-0.06755043442740048
-0.32247735015679146
0.08372158539071801
-1.10055582734315416
0.09802670847800612
-1.10939249108475679
0.19352913703645103
-0.98467027839414756
0.28272219482706679
-0.89968241724242759
0.72716159178748041
-0.85519755358063065
0.70766904550326237
-0.61259811616351845
2.15230213536510373
0.69969954122390132
2.02999839465562149
0.70794129339284517
1.82729092704021423
0.70553918875212096
0.89377676372982595
0.70499754362145384
1.78654624713048604
0.06536469234735362
-0.46709115008215385
0.28703218536652092
-0.70099191328312993
0.63436965632548137
-0.51042607849292021
0.65190328840681977
-0.39801539050193757
0.66122602293674593
-0.10555774512049804
0.71492229895096249
0.55596015406561683
2.57666725129813523
0.62921971871013849
2.43996817956128620
-0.46803305819159169
1.01591217493985364
0.64261514530259423
-0.41858107037579068
1.84658602509067582
-0.55603254637093225
1.77687492719952522
-0.50537417312815214
1.59235779666276001
-0.37760724624167175
1.47751564493136156
-0.30077508741121128
1.63689404531045790
0.55105934862483963
1.62670250717066089
0.49855375608244340
0.18831808633109717
-0.85545354341379132
0.12441943376953722
-0.71443711489720352
0.23401869854968557
-0.67780311291602058
0.75317387023935367
2.28413818471124053
0.77500269796327326
2.25410950748173633
-0.80585230679517339
-0.41356646148460541
-0.76857857631098137
-0.38898418189896661
-0.63604272928268124
-0.31806300480860189
-0.46345072065831461
-0.21632935947968657
-0.22988674900747169
-0.08225987926959687
-0.08139822787995248
0.01298949578707604
0.18757773286406387
0.81049522047716871
0.20885666373887854
0.72400148197629388
-1.47472015289926039
1.09593952863591926
0.93966348150251511
0.22850699153256282
0.82894612317857208
0.38206739781573673
0.57538856369642744
0.52438419463230768
0.45988364917677188
0.59795875973695978
1.06954566913843552
-1.42046018168210630
1.07468660247457648
1.30114709366039638
1.04043703759977757
1.27129258729941674
1.64131498103412921
-0.73335209987008965
1.29343819476182720
0.58719638282709385
1.08973200321967556
0.57057292504549451
0.91297778742163505
0.55708663590260987
0.62915941466720515
0.51298351123323704
-0.46765713779659757
-0.10966747656386727
0.02311101108373106
1.21447157877940870
0.14339362775456443
1.10612681599405738
0.04074305306698431
0.99096139288334317
1.58643195858896768
1.49352606269834953
1.49663922166482766
1.34680735845533328
1.92734157530897088
0.31514998782003067
1.35626633212170455
0.07513500034206443
0.82700936578600981
1.59554118565936998
0.78890497443859631
1.45959161253646674
0.84851424533488529
1.23843058701645203
0.94367605617949968
0.94771092135409352
0.85129188525845279
1.07387807756230025
0.31431038420072871
-0.22291924254267381
0.39088417774061002
-0.10388231515962326
-0.25801789552035082
1.10735538117241039
-0.25708075422155940
1.00342184392347034
-0.35771435702734439
0.93400125297694758
1.47753415323052351
1.01034579341473552
1.63374089401919576
1.54721997756740093
0.22580271514282341
-1.53820580350072644
0.28036195801327718
-1.32436073164160439
0.30226027429132812
-1.25796236850748477
0.38632941326006331
-1.03154276107788423
0.90597208679407759
1.17330155155559890
1.78376496758219738
1.27916654728195378
1.73580195444218077
0.94886134053664295
1.48578089542296032
0.82668176978912422
0.67575736966404831
-0.85947139568408937
0.34165439391624469
0.70931697729330845
-1.26318325559917044
1.37411963297838713
0.14958411468586624
-1.25240400235047034
0.15749890061208704
-1.09563001724759701
0.12303297220481786
-1.01206237175121694
0.00125451839529017
-0.75208623832653643
0.85603496010271118
-0.18307460581317059
0.81624526731553992
-0.08740262750513975
0.71500728874926700
0.14901753798165898
0.80533746238991877
-0.05647717183652733
1.91782237560267199
0.33395872029269696
1.90604181117116167
0.38012223634334497
1.72317713367059588
0.34566444101476435
0.91675675841621840
1.08336412360466916
0.22647028118065721
-0.38085312315092684
0.40379481875990053
-0.81422722124006219
0.39969184154260712
-0.78596564615112996
1.06438048746974245
-0.81638283550815227
-0.61556539098446961
0.17980790032321065
1.04924476805137323
-0.31388052284157580
-1.32281319597215674
0.99878648919161672
-1.15219180605780824
0.94233890115750263
-1.08711004503228392
0.91903038513750146
1.54330275675570872
0.21809122866576658
1.36609059395525878
0.95707175745681006
-0.42852931794934690
-0.50030829093903539
2.51878215109957670
1.72383711248361760
2.52540409612206807
1.71955544338143396
0.25993975425617383
1.27970736836885957
0.72116716931318958
1.17580189836872551
1.62845913471231873
0.02750606000392021
-0.41034097924704299
-0.42145911534807184
-0.81426990372078367
1.10734328123073711
0.17415061073717050
1.76072121325434572
0.18111457296889052
1.72745279912837657
0.17749481297272407
1.40628844675691922
0.17440112189576989
1.12202523269326049
0.17089531496022795
0.87551899981958003
1.06197530621258074
-0.24591259700053164
1.90233033774136162
0.36464282143887522
0.37762507364263748
2.03778527088409067
0.33396389629593681
1.87781337688152883
-0.05157802598609108
1.37102769232990473
1.86490896958024810
-0.01699658760660443
1.84807155520279798
0.44233847130992882
-1.08413324275315692
0.82655395884072547
-1.06118775364476159
0.81415120081545256
0.59393856571270420
1.21338761544093088
0.57822994872303379
1.14064947888154200
0.50936159512343726
0.99595047984209950
1.96573127782341839
1.28205155376357660
1.04037181192243233
0.05219824273033964
-0.08387299543394648
1.55333986931281154
0.29529429259906914
1.44344130368242629
0.02748437982198741
0.05562732892692853
-0.06113897778165862
0.08757759868297961
-0.27113795495273302
0.21344211036465174
0.08786104012968454
-1.07950695465713453
0.10519073992054805
-1.08669128862014386
1.38455941343080013
0.70399349155261481
1.38643448644144285
0.70540182515522964
1.22848314714401186
0.63706963861921395
-0.04254176794778171
0.35210439449415537
0.07108406089853243
0.38273714113537932
0.11550711070639752
0.81052011308229688
0.14463281476103285
0.74512076879856870
1.22214146439520577
0.15893331763157922
1.07081154577044280
2.20855802378853294
0.93862313898158223
2.11033445263294483
0.35577957586601844
-0.08477801055864516
0.37693515225801905
0.05533545036023507
0.36646160138102685
0.13386036559533179
0.49319569879154596
-0.05981974907258747
0.64715432930587946
1.60357263712337894
0.75840462482253379
1.62945994312523523
-0.54978917453540088
0.64048287735858322
-0.80236643720477363
0.65287820177308065
1.51985069292852848
1.30774320775465358
1.36868296870254658
1.23979114474356611
1.38417219036498196
1.22599007649424752
1.27487746711300454
1.02078160425593190
0.19733723297059871
0.38888884396089451
0.94890855368935612
-0.68349135689742058
0.87753882143537532
-0.61268579685198510
0.76092184648384231
-0.45748201896885687
2.13677233659417531
-0.17902750975776438
1.93580514522696734
-0.05768578645317989
0.28484417262791090
-0.82781638748029074
0.59444819550129702
0.20566127437485576
0.35959354580695402
0.09645363702887387
0.22447070041557404
0.33261590454860623
0.11442991903922949
0.48477625753915998
0.07768978756410698
0.55431175751682615
-0.94623105635460059
0.25996646003487311
-0.82986275965594991
0.32471848684694216
-0.74037004213930380
0.28299883336850129
-0.60931582248656779
0.44654848190196844
0.26507112955404621
1.63090973841145193
0.30385868336502536
1.49447845191380013
0.29418426578255147
1.38253092512305531
0.34340310568012627
1.24348654740786313
0.79212297582464830
1.44965100150694837
0.84153440524973000
1.41585717617584161
0.57625068306038307
1.30498543357799823
0.07762567183647708
-0.10118067170589017
0.17922401000324073
-0.02836394468202648
0.18886720477380078
-0.00768828703616953
0.30393397119314314
0.09429909547979909
1.80115627888988583
0.98164985282600703
1.73153767186572094
1.15531593838038349
1.67122393970350824
1.02700328095890980
0.46816943522861126
0.79507697941532451
0.41777297282025805
0.78636125711517957
0.14858996389977674
0.56011900998520214
0.15448469910908302
0.53514406557795224
1.33326904999908957
-0.88457647519359206
0.58241032431150741
1.02235138019807881
0.75804481653588662
0.85480285792462896
1.00074594245559068
0.81349477955332294
1.27360548298592047
0.76773180962379095
1.47423018982841292
0.73785859873507798
1.69345560716392862
0.70292988414689450
1.72833633318468416
0.64033727677340713
1.70799990797957713
0.47358214719674274
2.18412011689798735
-0.20923802901489691
2.17292481469862864
-0.18618789181461226
-0.65933861192952969
0.57203372386220352
-0.58812920531572632
0.62328611010267421
-0.30409902283807555
0.09258629149778987
-0.10134714760735786
0.17608973189758048
0.03073420653636950
-0.48812688629553869
1.11156967558073339
0.32615666176631253
1.61507158266682671
0.31212209807889496
0.08158494495838139
1.77320418756891085
0.07952267529317256
1.64156857017173929
-0.05799507785240948
-0.40790532896674492
-0.24470768874811719
-0.06386061220515510
-0.30743017840331155
1.19285140639980858
-0.28689747075201749
1.16732702381777176
0.01782717661360676
0.85591692384624862
0.21820998749940396
0.72157825624972438
0.36530076759488350
0.95160716956129332
0.45742723866874424
1.16955461749538991
-0.67261613424735534
0.16498446298049366
2.13163838949781725
1.66964782396221167
2.12143686701458956
1.65342486773627484
-0.45912360249548695
1.75035691968125362
-0.24142757708568613
1.81408928988604212
0.24780629639167240
2.20386490387258638
0.26024541397589152
2.05325540530577610
0.23959508015486541
1.95697713913154270
0.16550055548643827
1.73260904835621554
0.09967965099245872
1.64748931612825755
1.42380077036393504
-0.42416372725261853
1.31777260033125132
-0.33616720887855872
1.24291124780176010
-0.30978399103043480
1.01235829381072984
-0.23900420057488092
0.78656080942716944
-0.12373101607932571
-0.45886387332010775
2.05905489427531396
-0.40411544134407662
1.92549770276761700
-0.38934701333331317
1.89283577619216814
0.57254975265050834
-0.77433642599046926
1.16589885894516909
-0.13729901495440905
2.28673538279446031
1.39251346664238373
2.23619525670063712
1.38839943192015336
2.17059115938154923
1.39570468341030485
2.09842303925455331
1.31180924868342164
1.99733102224601877
1.28562352004744396
1.90112605126048484
1.15017330171976795
1.81903295663470632
1.11988943672415231
1.73451271736547574
0.98037114500915035
0.61425688394513556
0.72639016198509132
1.28518061091935465
0.20549653019395389
1.16151360855597652
0.26588766134497832
1.09510870776069158
0.23261131654272968
1.09165602967956299
0.45786821636656461
1.07628129234064596
0.57052217354615264
1.03145029874155014
0.77763066028638872
0.77050655839828364
1.71168865321533370
0.73670526134447545
1.70223224367645987
-0.04858336279341172
1.29503362626409069
-0.48858180389067962
-0.80919061290464889
-0.44080573418498553
-0.61779629837696115
0.17110285594626157
1.39224262136966837
0.76116507894484053
0.95585520300735327
1.46761462974521550
1.61125993361921438
-0.28111109488998048
-0.30883028922064032
-0.17748047221994132
-0.26743648425006805
-1.09083991863102781
1.27872212928588613
0.30663799089735833
0.73268347187644589
0.24846177328578750
0.68107740570250785
0.43892740288848919
0.73073468196034264
-1.12819417973630198
0.96568786481879898
-0.39612888276792563
1.38474585500645353
-0.42557434403924510
1.00853125744590955
-0.40693957061886477
0.75923427567101787
-0.38840126128672575
0.43162637528914938
0.91301162912463063
-0.31037498050055118
-0.20163658721829425
-0.50371710860206476
0.69057273997685598
0.36374705192560641
0.54352361768639834
0.37408399660625918
0.26876779327851613
0.36571772197883312
0.21518995406117425
0.47325248272202741
0.05297205372371121
0.65108806771449923
-0.33251455923766104
-0.74229776352924559
-0.24161039075393376
-0.62596633797443268
1.14271947142866259
-1.24270265749426745
1.12090173979924157
-1.20595420066662884
1.18321997307642701
-1.08271442875768176
1.15896685572417280
-1.04604857219993863
1.21999789585742469
-0.89631161237890122
1.41228244106502410
0.04834055998385133
1.28097429766603210
0.24524319188184412
1.36356205276279518
0.34594541229572029
0.56792930271730990
-0.11473832743303940
-0.12862684055507961
-0.36622816782964668
-0.01684940777809242
2.16840646610250909
-0.00616094594295614
2.14422157064143892
0.03934891218078387
1.93358280729955601
0.02770280886251671
0.38058194376471843
0.34448750046695198
1.32000451161807852
0.66382118598654516
1.57237910136192349
0.52963142076294900
1.43068220239372024
1.59230063698947299
1.40755792312733297
1.42591957360027566
1.31361301928819940
0.65220860512266066
-0.39896106723036162
0.61309181079024933
-0.28895794735827457
1.57100766556066906
0.85107785938572844
1.35533019015525791
0.81271727596964005
1.31183791786532811
0.79829582919644804
1.13099369592167065
0.79042082581512074
0.91603157239790312
0.85542131790271070
-0.33757240976396552
0.93411652437389991
1.89973164734264222
0.46517308053638878
0.54404921841180420
-0.54567876067558352
0.51303503387691340
-0.55399307901496886
0.56412504991284351
-0.40868760493363065
0.61679051992458078
-0.31392421983376106
0.95277772895871393
-0.15864453809483897
-0.05144922957601436
0.24699532335907712
1.39004549541044953
-0.20857157705361362
0.75758510807624968
0.40139985309985077
0.70988438723602776
0.42507825827403956
-1.08459517971970909
1.29305304044637026
-1.03042839172770329
1.26926936312073080
-0.54465237832235769
-0.59841050447969035
1.56949726508903464
1.44074160410068397
0.28347418608302855
-1.36106888165095041
-0.05614095436710393
0.29656527679668615
-0.03628327087905145
0.28662473765663399
0.02969622256216679
0.13956228818801247
1.96059089147540933
1.54774701415698357
1.83186698894957622
1.48607599202688156
1.76067471502458162
1.47818578736928430
0.66402887289928592
1.43006609844808041
0.33718834925695496
1.44996221195676656
0.36837410603163145
1.31851461556494565
1.12673682116669327
0.00159356298553961
-0.07100432552638558
-0.27756656830003396
-0.00332137085480859
-0.14976441645862448
0.14541357732377044
-0.00119221737308225
0.45310176133591901
-0.22815906127246463
0.45768166835465768
-0.20761148617783168
0.63600635571987940
1.00066383285321892
0.63149568809719059
1.02522795147111823
1.86327075812492504
0.49138448940438711
1.69294930950331612
0.52941640511812416
0.23991092467960681
-0.46567683978460489
1.39405648331377985
0.22622861168219402
-0.45334419692408118
-0.38187513493929759
-0.42847228180378605
-0.35974092418227138
0.85996332729007741
-0.16686373951024330
0.98676992748716219
0.08918663443512358
1.52009216741399489
-0.67573903861220219
1.53447406752771753
-0.58146993428921268
1.38589990480488390
-0.63471627789175811
1.37078507924503845
-0.64570107016424394
1.26898288918507540
-0.68892264005386061
1.16322654477177623
-0.52588252790587831
1.12106525877657281
-0.50079269020486694
1.01613178482558975
-0.35523501888464593
0.21669781516006556
1.64893169478929580
0.14101524919555924
1.60917780696552137
-0.97833160505413674
0.67171402292252136
-0.56040697394140637
-0.06696037725201553
-0.39577029451645324
-0.42792261255074598
-0.39427433675189039
-0.40279830772925113
1.78918649312856726
0.54029095103530222
1.68442914221337214
0.34858794909903790
1.66666794113934258
0.25309159455036745
1.49700943873432402
0.09124415582870728
1.93603295127772990
-0.19918070744210256
1.83238269194113235
-0.10239164905365333
1.78803711888786454
-0.08073266881290474
1.75366960580775899
0.08290508300158320
1.72032550079036350
0.11553714709452047
-0.49945192633017188
0.57771618091393129
1.75447085331194685
1.28711902113387522
1.67777442484188710
1.25636829265653027
0.66879133324486417
1.23288165940918271
0.65028630509286200
1.08102404194510204
0.62010814118745794
0.84811896816660914
0.19025876276960849
-0.49043041958823708
0.18323062783423635
-0.44211996330802200
0.15342863104432031
-0.27155293329238372
0.11881000715787929
-0.15424385844148039
-0.41665277062161082
0.19751783404027126
1.29122860700264352
1.41761860219381930
1.20251451748748095
1.31221402221321815
1.00181427658050026
0.89614177445855558
-0.22842854196982385
-0.98170101363437889
-0.22453134536004349
-0.78564434346287038
-0.04220844575080528
1.40027088796332899
0.01052014570726625
1.23556531451304408
1.07297633173134477
0.01528268193048518
0.85904660378058395
0.08157175889585888
0.62571672533828160
0.18464301092558982
-0.24273376958147536
-0.08840779819496709
-0.13998439399273796
0.06674449849995692
0.12816058468140179
0.25775832302695112
0.30201390883619128
-1.12671010220004164
0.35376937165531708
-0.99609131607940826
0.79926172877284807
1.63211730739381400
0.70134158718530437
1.50571713079163749
0.61740280934851066
1.37983678836264900
1.95710777895862820
0.18532470427399328
1.81109105717243546
0.25448047692593856
0.96114022084170725
0.36724530868661898
0.95006664822110387
0.63790458637036784
1.06125964408058615
-0.09036114528877381
2.08946899081110260
0.84358725782683441
1.97365071899229894
0.77103402085521200
1.45592192818894639
-0.69784514097635975
1.43948784030254950
-0.65980138314521064
1.41674636871263804
-0.43037172470443563
-0.42155726330647131
-0.49213415787595277
1.55322974557695237
1.42448588786415020
-1.46385702927473949
1.09280193992093078
-1.38822145856503809
1.08170344030485599
-1.33366321566673607
1.01891140810429426
0.05533826550604710
1.87228203948372873
0.11740126302747883
1.66918589964368103
0.22940545082495223
1.33107735552493645
0.41098709793093152
1.58041690448642091
0.92173419451076899
2.16389746601835764
-0.43044345730017214
1.31133319477635624
-0.33324704361759777
1.19180097898486781
0.54647764882813477
0.20383378875387931
1.56974356595792397
0.82560877192890469
-0.12574702946614602
1.05191136501863025
0.24023955685021256
-0.96307553141402336
0.34948061389385038
-0.83028342245721376
0.40203961187675896
-0.78096933065782470
0.55653190983434175
-0.61924221280413039
0.32940499601566164
0.10399251595895934
0.05143508503646554
0.21835109082532672
-0.54912371976540453
-0.47454848183499393
-0.50143244122786801
-0.40536854464469896
-0.40806790406305832
-0.24201291397054425
1.12310763477749775
0.73496048814481485
1.47711172061081153
0.28600235679838271
0.44080164050126430
1.19536830609917843
0.62544130214620741
0.95228065309622112
2.48659066527136741
1.73949759892728850
2.36171345863472215
1.66730264816073159
0.53282103056803665
1.07890896623049892
-0.35768617747523013
0.74606001325793614
-0.35208143099397060
0.75395417796950837
-0.19102280628342933
0.72378120262192369
-0.26175463962609125
1.15157862913233000
-0.14721668019238127
1.08921586603247711
-0.03072991526433506
0.44919986039732779
0.33798821642832588
0.49474366699125438
0.31788034808769611
0.52590924872166500
0.37252207741821425
1.33189133238980850
0.34831476224986313
1.45569092726893223
0.63164546192594340
1.41970279402125210
0.87814846103317545
1.33692987428211696
1.27202456246371609
1.17618645080257900
1.31047389829135530
0.87579537077412828
1.31493969836253299
0.48674361595951937
1.44709075327086034
-0.09059908697666288
1.42593814706336386
-0.07893752571070593
0.19092267431004034
-0.89258140659998486
-0.42468700318717689
0.01345215250682409
-1.29899113804207800
1.36160268655023398
1.44320885340159943
-0.38535805171375720
1.38742345154443769
-0.31525674192762265
-0.28706945265000827
1.66916565599335964
-0.17826490555009616
1.56645662016260578
-0.53088176318604541
1.09811254168889638
0.64237985939714504
0.64639040800945036
0.83858176683111318
0.04520422434113971
0.22328318677153608
-1.00504559389229131
0.05708803662213792
1.35414283130019175
0.57038827194220898
0.83168829074142725
1.09991702682274228
-0.84946844234523511
1.13561751227615448
0.27231834135093480
1.46982974443476944
-0.53443158936899982
1.66671953230163572
0.99596783675962097
0.09723659287330569
0.69363925112291580
0.88360294603984280
0.60148166678805193
0.75319430219922445
0.73316490974319204
1.67515663236282220
0.48911439743972351
1.63370996916396405
0.51860964815805133
1.45399107062747035
0.69689182645514980
1.34143064060992256
0.85940058512432316
1.10316278492791997
1.05687376946824574
1.27930356466803152
0.29168363064030833
-0.23273750293587697
1.00657627449057685
-0.17799952531290875
1.19557952410763790
-0.06130417012531604
1.34227827921447096
-0.05092847955627170
1.27011446463020250
1.86611950121348480
-0.71390509777228417
1.81957453775713196
-0.66314159609749068
1.75094743051952917
-0.62665505926844767
1.00871673418984442
0.16980093959328235
-0.38179598598781045
1.06727358501389236
-0.35983003987662165
1.09277542125255267
0.08492928722525597
1.63138440563787279
-0.66985110269439840
1.03420284849483402
-0.62125921817736107
0.98789594278215576
0.73407731223659112
-0.48096834385545417
0.69742035287473403
-0.46929289141177011
0.74062472415409575
1.39523874058601605
1.37273132909322082
0.96668583023604826
1.38244994474513505
0.04057778212898674
1.29007175322973078
0.07490448873865888
1.01175259875476109
0.11855448841127908
0.84862878702606293
0.16082642098907052
0.54268561502573520
0.22372405215779645
0.18837905070838440
0.43150148097539454
-0.05151346572886606
0.53012651111781173
-0.33179579913443930
0.65185064456495778
1.58324775399665341
-0.55683408126746292
0.83145327594959406
1.05421423998229158
0.85136062226552078
1.05427777807432665
0.50514695809176169
0.76581268909638467
2.08244252900643279
1.29049073124568592
0.39366466188351051
-0.00578286445145310
0.59989216357476083
0.03831104093297141
0.78411575618510343
0.12018380181371217
1.03545485513461388
0.33316282117669255
-1.19865904617470087
0.81862462028040517
-1.04722597213369606
0.80684412635892711
-1.00987342322034723
0.81699142527269897
-0.50405359492090784
0.59073195338110140
-0.06666620870635209
1.29721014953412972
-1.46322264236981514
1.01352157757796024
1.35971575866438488
0.60409792271994378
-0.44003680528463512
0.32748333727236034
0.11506433436433122
-0.52893649431818957
1.44840036876438694
-0.64256507532641982
1.64223969898830391
-0.28148656944072359
1.55553741987018590
-0.16952251371832286
-0.49651626365456958
-0.09096602609015965
1.48579905834095949
-0.01918683619187457
1.45577112745777137
-0.04197341261125227
1.40770527821055680
0.12659594270249094
-0.11806656491832554
-0.02472777624923557
-0.05464293449524315
0.03973727227569462
-0.08888002850266859
1.09134209326831355
-0.93192027466891092
0.36596767569538391
-0.78242483084354975
0.37717872780336520
-0.69670393380152107
0.35658466275312239
0.60613147171443904
2.61854824157754873
0.32770939057712817
-1.06415393724259322
1.76458542588961098
1.13929372196433598
0.22571565613138078
-0.54154844338615538
0.25303645469044495
-0.43607388464894548
0.30843749619573035
-0.22623092682162038
1.06959778810447936
-1.37377444289984263
-0.00951778114900163
0.11627200879688644
0.07682239515786375
0.22938557999059153
1.64931278413213733
0.40359136470510915
-0.75756587250664453
1.21012402766584715
-0.63552044095081150
1.18412727239371840
-0.44067874759718384
1.13296101007911387
-0.25566953926980585
1.13941813040025397
0.03265025612077738
1.15459387763789123
0.02102267744467362
0.70687866616601813
1.17420633937885599
-0.98681483676336956
0.39287620762727404
0.55821473196626781
1.77291987793676298
0.54788640008107670
-0.10528494613387154
1.21604847143331396
1.28614535488272952
0.06173239267568846
1.23027988899813656
0.08202638525190824
0.71019060969161396
-0.57612922359233421
1.05868227596416453
2.01238131558829370
1.04185571142862377
1.97054379906436505
1.07794086683321044
1.70155986017805927
1.72071049894640327
0.62682629160166858
1.56942974988949602
0.60772909591636448
1.41220570760176534
0.66407122169890209
-0.51107047627291702
1.27816739859525330
-0.39673360156799337
1.17603006367653262
-0.03834232099948588
0.61350275070046667
0.13115295000211780
0.65387448543244675
1.86758810539294906
-0.63861238193907943
1.77039179671822633
-0.60311367987481135
1.70266634046755438
-0.52550576013310035
1.56429855518039851
-0.55920185878145068
-0.69144831115476713
-0.69916888965156732
-0.65995466604971831
-0.66623263850552117
1.50059377576410857
0.25527350175411823
1.35753645724626426
0.29963938605223833
1.29531828518920866
0.30847647883873036
1.14666303574542083
0.33451568230221651
0.15355291176635608
0.50307223190371508
-0.52896087962047866
-0.61825937525632979
-0.49019441920968754
-0.50469683811252097
0.66635577081961328
1.17076969402176667
0.98239852719149767
1.46959695472215679
0.92143158266426783
1.23991942542239264
-0.55810793654755197
0.47608869626969447
-0.42208325702767735
0.65259496846941634
-0.31923619109703544
0.76957477566050358
0.68796545890917737
-0.42762635083613854
0.67593681475145995
-0.36402917322142347
0.48971201022823724
-0.14598140775516022
0.39842423023550622
1.47945439428716763
-1.53726085524336176
1.03228253528125924
-1.45328069326103515
1.01763559025921513
-1.38155265444155262
0.95665943419489785
1.43750222678240780
0.22859272016203563
1.42699198729767907
1.62420949280164173
1.34131298363756812
1.49086892294651996
1.32710095502431824
1.47509980992124445
1.38464707199481563
-0.25229267087632223
1.26336436626303872
-0.14293872798569462
0.32068220836406663
0.50743663855736854
0.36157741324469500
0.44293174077890612
0.19728527750451552
0.67843583874452107
1.27480600042784786
-1.05933101094003157
1.23359620275694870
-1.05561303530165485
-0.12565828345144117
1.05785034856925919
-0.79728927546260608
0.22238257175201182
0.58152269168193493
-0.13591995247570166
0.56113519965354430
0.09576795578373642
-0.28563409625222241
-0.91000545830776280
0.13617568756167414
-0.79242250646316637
0.15701163728475301
-0.74634248833790229
0.69969687049317131
0.32716158640354120
1.60504414030643017
1.30008949069717339
1.55529435932282922
1.25933360887141865
1.53794882120488907
1.16234129629299487
1.50532815573568679
1.15199163520502212
0.34592002816552636
-1.59403758366612314
0.31728193573429869
-1.35946092965940357
-0.05049598363726755
1.84353342915859564
-1.23984261311729416
1.40365748192224893
-1.07384497768561138
1.30639394753531723
1.00433645488309153
0.31670218916539788
0.90160492400331949
0.32776641884413765
0.38615306336103256
0.00353365567682629
-0.31168336011990294
1.19009720921924633
-0.11679475904550587
1.09023338914648926
-0.01334301361041370
0.91278572821165682
-0.33545804425365555
0.98517986705087446
-0.49972490935304237
0.16140146626557450
-0.35421149975146449
0.46466258836020546
1.05137899428063286
1.12552623414491260
1.00823108919434734
0.41964775523251552
1.38778100850231434
0.05081343231937998
0.14624557007669409
1.67717693484485819
-0.91212841583054105
0.20400239982075113
-0.85433398150799222
0.21676595477630095
-0.62105049545058011
0.27554767061442853
-0.49556531717774105
0.31282662208986695
-0.26433761870758776
0.37478721570597046
1.78157952746545334
-0.36033326236661589
-0.04427916263316338
0.14603623789677844
1.79566353193858053
0.88438424495915979
1.76795255906734772
0.88605276802953437
1.64454278589231762
0.74962361474826478
0.31760363695266486
-1.31637788443661230
0.23992686455949935
-1.12640173535370747
0.25663305958271054
-1.06274770180290279
1.43193014642781513
-0.65483745952274586
1.47308598846168581
-0.61823431197293732
1.22802318104523334
-0.52077584195740267
1.15125751479773131
-0.39686356426504393
-0.79236656835638486
-0.36380642222532417
-0.51489994726146493
-0.82943795815829857
0.54945982887687861
-0.04827997365015053
0.50316866740067911
0.12308185537741081
-0.11510849996769963
1.73669053931474227
-0.11082566681682934
1.70237451204076784
0.04691144114786591
1.61961631181098209
1.63457181244950212
0.53839648778830540
0.67131462217365812
-1.02908070587477196
0.62707424569915504
-0.97934279645212763
0.01426276770520180
-1.29350241061269489
-0.09913941567546067
0.06764481871210887
0.05444137385096408
0.15773036494625639
1.96909393754651929
0.57078484219552827
0.48623171321691272
0.27631813531767413
0.33186477670919323
1.67988306108873497
