0.03277298113675649
-0.71805262878757381
-0.10987600472473016
-0.48601165421503134
-0.20997379599368221
-0.34566377555534689
-0.39273332271391798
-0.06970715555828305
-0.50161842225325581
0.05497410691796088
-0.67779118778935443
0.29260646735775298
-0.81607192661946915
0.37719616616246820
-0.95608881702148441
0.59268791357745543
-0.99796680233427915
0.77949344708403145
-1.10186013386686077
0.97257084192965193
0.12851659601751181
-0.55146467876130478
0.06289437330451428
-0.41068537009058337
-0.12425312210383134
-0.14753676549563446
-0.23158493902169691
0.02579867733784583
-0.41659210596149232
0.31808185254555199
-0.52248393917643388
0.41670145097467776
-0.65627946554138128
0.66799423956028581
-0.81766987712650563
0.73042598928707514
-0.88333818449378121
0.97282049708218998
-0.91822089250949146
1.15441678065330455
0.40719930201018423
-0.45575880622137926
0.19456262589293671
-0.24144431155299706
0.09569421045258997
-0.05717440002644247
-0.07570616200906299
0.21398017943859238
-0.15889074542605464
0.38284343010601685
-0.33193748332873224
0.68720075306952233
-0.47298416401717541
0.76805869097430635
-0.55360933838434467
1.00278695686880881
-0.63351535321976571
1.17493925614862516
-0.78762330323567609
1.28112635954433940
0.56778344106466483
-0.32571428430726329
0.47808471363052285
-0.15702768115270238
0.26170537527176307
0.08219000562967795
0.19974765144174736
0.25633433164350183
0.05202542748149296
0.54907631124751111
-0.03433384032002269
0.74199244431309341
-0.18493924849419013
0.97723441201102312
-0.32825029083224722
1.09368072913906822
-0.45351558121087859
1.30606021121236870
-0.45254606980430934
1.46145067732168688
0.88123888610127366
-0.27821294980105743
0.64731750092513929
-0.04234352409488563
0.51442247677445385
0.17384393328114450
0.31862651645505002
0.43754912795246542
0.33134978481293020
0.62508770074608133
0.21119055200528564
0.85302796876744968
0.14563067932361398
0.96725902594551705
-0.02802326141999162
1.25256176972591593
-0.08372927848077415
1.40538229410410120
-0.21546024476388881
1.57087259400325707
1.03319528152434303
-0.20934283896979311
0.95051115043471524
-0.04536380072324529
0.72433009288793793
0.21730758474492223
0.66762774718594065
0.42918397688426435
0.59289961318424922
0.66046309933331848
0.57833945114532248
0.83054531486803229
0.40493961851185234
1.06127824623651201
0.36529007262324636
1.22738492117676312
0.19150901837513187
1.48612369208523143
0.18239112709379296
1.61996398582001810
1.26296873591698855
-0.22000310502824708
1.04033060119569298
0.02127061819869618
0.96134589424412764
0.19698180481593433
0.92094415808982055
0.42660652292469464
0.88708993158662119
0.65071642846535660
0.79560023013197945
0.90358610217095237
0.74116951886160576
1.08702031456468529
0.59064002995024489
1.35789668608049885
0.52943724025116357
1.55014255292538161
0.42888462724989312
1.79909753418376850
1.37167863243993571
-0.26458773768530769
1.28957840210733554
-0.10719837823551658
1.13342983595735758
0.16430559280495782
1.17604001749586540
0.32354001182009717
1.12395829148689241
0.60425791172861576
1.10000547904999846
0.83222819674490145
0.95616539645562948
1.16364984095669710
0.93220593160894383
1.35012623659136755
0.77685626771667304
1.62280248640479008
0.72109668976727859
1.70685822213243465
1.45285311331377431
-0.54667089993746187
1.30388612987422814
-0.28154343915331609
1.27283562809693196
-0.12631046919932867
1.31917936056616236
0.21141700407290320
1.35200187426961915
0.45593649464535585
1.28045807808025702
0.82916011791025990
1.27412315831213152
1.04330657816235939
1.17090511725356050
1.36023015629467925
1.07057786654673559
1.60909337320817158
0.95267449237312896
1.78290314814010964
1.43514575721747484
-0.60707459188456092
1.38811582399769229
-0.48501895248973986
1.42466951528029040
-0.13824238917264867
1.48651660133446284
0.07423431891082595
1.48846226171125551
0.44404589045329573
1.50283280467318514
0.67432193014597741
1.43561014471596438
1.04181405914771119
1.41674882874055874
1.26842243717704561
1.27546445290518839
1.57902478859477480
1.21914338218111307
1.71664343104637718
