0.31534608244641488
0.44408651468788196
0.34128899687021014
0.38876558965860869
0.37657508420373675
0.44776229297404002
0.46275419911629129
0.39570708879194266
0.34077285812824842
0.40718200504359903
0.32538197309346995
0.47187075745463775
0.30926930576586215
0.38785573544955276
0.39919065369750406
0.46585911942651026
0.30985533514476504
0.41843684467336539
0.34029950871195813
0.46300709485502933
0.38178623598866707
0.40157959550344363
0.22710938394556920
0.34844429558460577
0.28588750410970726
0.45744081038960760
0.26832984310906793
0.49891776036728563
0.32593200375499476
0.52336241424258101
0.20928787950964495
0.57523713158604450
0.25264321652543609
0.57688411487712088
0.32224984161239417
0.53798569593543510
0.28515611572323019
0.51836503328056460
0.28594589671193110
0.54232644141352337
0.35052567448713534
0.46157704025066215
0.30738898794987335
0.49235972911851139
0.37055672790795713
0.59700920651945744
0.35118630525150901
0.48396777333277552
0.31933653429535924
0.56491316730081287
0.39610886339136286
0.52017179423482884
0.28903972163670621
0.47524227230641275
0.33330985762510090
0.47927115985854046
0.41575276861671517
0.61784549856941173
0.27999330580945087
0.55728187695269271
0.39706798369742224
0.53229105634557639
0.36815091946604800
0.47629487949457983
0.28922796638233345
0.54394884979525726
0.30345231250252441
0.50146179349368492
0.39652202181008633
0.58968177832043134
0.43169505548771769
0.62168946926339441
0.31647401953917442
0.47318464653848924
0.35223463129317667
0.50975594559762694
0.35878302616957103
0.39659626373594525
0.30527772868791081
0.44927199039899191
0.47122134299138191
0.47788971760994881
0.23499079533734277
0.45394195230886375
0.37413483422008514
0.41959449537606253
0.29845723077059011
0.45008807451852662
0.29962934610348352
0.47426349404397494
0.52150168927710705
0.38717531804676908
0.34999140234136539
0.46863302446586785
0.32402160289770299
0.42242919430842557
0.38694387954896470
0.50253840084967449
0.41798918047728051
0.49939389492305075
0.46750163219293639
0.43931373505431492
0.36051598248378469
0.42371546065994498
0.41068370568493162
0.49878928098604097
0.36760757701904795
0.46681926263265411
0.61308027201847815
0.53188418988864261
0.35198237664733700
0.38521498072936955
0.46721259895640527
0.46016981546744995
0.44785957276635668
0.41472613119420487
0.53810445710714860
0.32456127501233778
0.47741820947543728
0.36070744247417341
0.41559712427416567
0.35639392829085115
0.52882131869356230
0.34811177014176747
0.47874121343971310
0.36212672447252753
0.50755004321042474
0.26561370170304288
0.43881307654422685
0.29200995902912363
0.43505853732368688
0.32534829591127590
0.37555674470019107
0.34416763366031855
0.54582112345107037
0.28394741147273506
0.49240442388851829
0.33583507019703002
0.61120804777163562
0.32584012583184130
0.54694010229451329
0.36963273524854179
0.45596057225840980
0.42898836541343571
0.52474500540428537
0.36505230742107836
0.60146662349107394
0.40062171496610360
0.47013131392953622
0.44511867492261503
0.44550923078413185
0.35881148581621447
0.45083075025426772
0.35087331071880001
0.42473877936829407
0.36879807903239303
0.48619308245429282
0.41019782214049372
0.35930309629727430
0.57500803079429696
0.50066384889031723
0.38460885873896788
0.39329253704697897
0.39041960557557748
0.48062644240582753
0.33312425822196673
0.44840102435667784
0.44293570075203220
0.49439768223235486
0.49655673358167435
0.41810982011421710
0.44707681152415346
0.34393826648762049
0.44120035579965788
0.45248583707992318
0.36561725288058711
0.52961274341620401
0.42486407458910080
0.46324821616799394
0.45845809776498803
0.58979831283708350
0.46038519621009577
0.32784638476620453
0.41365509475505885
0.47225556743378821
0.41794957616765865
0.43277977080177166
0.33803022278968498
0.46886424821701617
0.26403032204894750
0.60151703867584250
0.28205022302033356
0.42817164898484916
0.31013649347116767
0.42241269485074784
0.30080720348842083
0.50961657938639204
0.32918189504133688
0.40144320091634172
0.32489066234584968
0.38956186317334457
0.31531153725237204
0.47039097592416057
0.37814200764532768
0.43759502587489418
0.37374758097592720
0.49191165452305247
0.30190148269668476
0.37532021379907787
0.44304898234120049
0.41727545999475080
0.33184689756302788
0.42436247880730743
0.34429803191271280
0.42838672651994225
0.45067514168763378
0.41349919133418428
0.52079908865877889
0.50339596977977119
0.47310183944515510
0.31770208187886617
0.48842762729720340
0.46435385058288237
0.46057107525994678
0.33106671961028461
0.66187938751864062
0.50319801989863211
0.63136623012029536
0.46742206132210207
0.50715987414480057
0.49485322045796559
0.56955314759164166
0.42359334120454267
0.59403924100436312
0.58021615959665951
0.58290164590412452
0.44748368135263411
0.68167654323653792
0.62605937318465099
0.79229920629630057
0.53715577288262140
0.60950764541535352
0.62485551190733690
0.65343352455341297
0.59187563934183818
0.62298553436958548
0.64199619944814046
0.62266983434122114
0.58053980683944206
0.64370814875162241
0.70366258617451627
0.57096449732286259
0.56622424551309181
0.63386605601202473
0.58239961739082335
0.57842149818165955
0.64897437983575990
0.60436823498002668
0.64171813236144670
0.54270606083433004
0.46066734056441966
0.62029129181479570
0.56419997807281574
0.53180853011336882
0.47573705153939760
0.49047710013846807
0.46556908658748475
0.49626124807988037
0.51116866665890570
0.58171767965616827
0.42580834394267564
0.51675090972299731
0.41419348244319060
0.61381252296142730
0.51143683754136959
0.69101150719603432
0.43762659318418012
0.48301169852895176
0.45296648070664314
0.75062678650212322
0.47587143796182324
0.76900014196310762
0.51976413440596381
0.66530762296033696
0.54029811796886829
0.63434925484498172
0.58478268941522249
0.73768563606078397
0.47012616520462269
0.64102080502657222
0.53892374001080756
0.71582390023258180
0.51926206402136632
0.67331427596687010
0.58189651270285947
0.65171537798354828
0.59811828715996285
0.64280852825391388
0.60877088919354916
0.60660740853959827
0.56648851232173136
0.61655974977862449
0.65242481473248737
0.55963538048876893
0.55198123033261459
0.56568722351073752
0.60263054127445104
0.54586118980463205
0.56701495062491669
0.52596881298071074
0.68774802967583659
0.55126616650478788
0.64739074864740342
0.57018308175093391
0.62960221115156256
0.49488127393171494
0.35725672262053210
0.42100436995164853
0.50620812825763872
0.46239340552932340
0.56801760019260417
0.45447055957729643
0.51175127636931106
0.52734581870826380
0.49324529656638771
0.48068097183344305
0.50522366696791277
0.55581036604151379
0.50366653866230993
0.41634961099903867
0.43617374008294674
0.55333508846783164
0.38853655331496589
0.57230292329889298
0.43669313619010725
0.68078386396595469
0.54464995599611776
0.41018455782690416
0.45162002096135689
0.47842501598109755
0.38228773091376234
0.57139651125432889
0.47561175302371900
0.68502717842164496
0.39442988548783864
0.65336701245101358
0.34080713020312703
0.66877413804381336
0.50929636881041207
0.70626525268229268
0.39600775499403956
0.65313714743594176
0.45534462001420800
0.62756962935496086
0.43638871153975045
0.72897398382040912
0.51593354450710016
0.60117608624048802
0.52648873512754646
0.64298882973976124
0.48029813348241790
0.63021004247348500
0.47500987663898186
0.54052470872979608
0.45830900966730864
0.59464383644308139
0.49290879764803280
0.63729269026964286
0.55269830081709992
0.55896248319507524
0.45793572061716409
0.49339979819997221
0.55008945616218041
0.49874990585987566
0.58253879882888659
0.52675200213819273
0.57237109791786045
0.58049876281345825
0.59568206441419091
0.52416733272420357
0.53238897522961948
0.53946343568547173
0.67695093700729014
0.46231646420704264
0.55599951394106584
0.39350524289762012
0.59977482389354453
0.53580190206966904
0.60681327250166484
0.47240158865259207
0.53800331440150628
0.66944815358769250
0.56410042999239307
0.61102764815259003
0.52302353483757791
0.62188983965723565
0.59863135929180356
0.64713233956706362
0.52035287522011875
0.65246038183340160
0.57150248304415752
0.60112253966567342
0.50734303642369072
0.70934626653609456
0.38511790482874536
0.42908007029655476
0.44650526041819244
0.70023869255517845
0.47452042652803428
0.69836663040717295
0.43901476882304596
0.64931875527951566
0.46637253319407851
0.66562660626134884
0.42415685149513416
0.50415972634496919
0.45950424387327538
0.71206471990823195
0.48536385242377955
0.58060915084597287
0.48059319373572562
0.55524081766267974
0.52379532354309821
0.71058369086852968
0.53270671774084455
0.72180250163179305
0.56779861423118616
0.62795638444173341
0.57061250403235697
0.59414893746207331
0.46940410802545951
0.61872647426683802
0.46329214215883974
0.53065904450160495
0.55447387024389583
0.69761392900834818
0.52483918305934385
0.60132305093634453
0.52912501224847497
0.64223132164873753
0.46967234775497840
0.54152206119622492
0.46524536808218442
0.61430632181786471
0.42354061188566067
0.63446466222797571
0.49659300684831931
0.54584123896826919
0.34273550734921659
0.44178815455718340
0.34240146289613671
0.57023871084080491
0.34459451475114289
0.54187771041665389
0.32553647303069372
0.54634793199426979
0.38043390365326890
0.58123552298311021
0.29751727315633425
0.51365315137158285
0.36818969996452200
0.54468961186328269
0.46313768694958862
0.47592133652353630
0.42733755104335819
0.60249426440387710
0.42144559734467746
0.55618183070347538
0.39768592858737745
0.57889400249991729
0.48719471467388548
0.54436384443629771
0.50302782491477360
0.58107253750362164
0.48590987644967620
0.67075377032946659
0.53899119294742703
0.60939192270878917
0.53098375379206331
0.68542279467038358
0.53702283329117362
0.62427351432660816
0.61967429688510156
0.65695627162102954
0.58166340897123037
0.62242342073245083
0.43137571260637331
0.58671988297959576
0.60604203046075478
0.56630176725887971
0.57481300523936141
0.63788762192155835
0.58837484685639496
0.52751857942725777
0.58932693571909145
0.61057937064265888
0.65409457374528879
0.52678709075110119
0.68433525657061445
0.49240732628324813
0.64731578985091232
0.56782425477614795
0.69924754902121877
0.50453445369616967
0.61897847510299875
0.39776193194983028
0.70092448417637754
0.40469155932520634
0.61783156066931477
0.44841217117944493
0.63882085593124494
0.43402514734027153
0.55590700524950420
0.49654028800266820
0.54393302879966410
0.44873001306352495
0.58207264527253200
0.47378567274732292
0.58243194694559108
0.35321248493985569
0.49833758858687233
0.30446313483012205
0.55216288920981893
0.41988989268789645
0.37078442156403163
0.34714119929386478
0.43995094288307635
0.30081307058426865
0.46822747272643767
0.42705628778750176
0.42229135121643641
0.37260734274294710
0.43198475268348535
0.36928837535774839
0.41347093982453220
0.41122067360914066
0.35901558239522180
0.35882372585760147
0.39828333086000145
0.51154232266476729
0.43785759363159538
0.44499861562633686
0.41128092701816543
0.42572010145094941
0.35468649962616150
0.46996608438714954
0.52628052890820254
0.50507185176467229
0.49114578066679926
0.47437906082231712
0.46993859715379149
0.49554264641229895
0.33875836058688352
0.53094299685761781
0.54648059330017340
0.49460465521794594
0.57829588735919024
0.47219500984209373
0.58847191056131121
0.61720149592122964
0.59294985754261165
0.46700131099155423
0.57901219699076167
0.40925476550083917
0.52493294642641986
0.47434366689550234
0.66489962379769862
0.39958809703184822
0.60076760962497555
0.40756210846502089
0.61076058169753922
0.43819303610761612
0.66230069898706534
0.44748700850843853
0.53966575251210291
0.47694862037777574
0.51699271049677653
0.50687555761706704
0.65337586844242390
0.41493330058045108
0.50877094349780594
0.50237158566716444
0.62510088369576922
0.46464681300959548
0.67067782081669436
0.50229086155778724
0.62755920398435572
0.53031011954377572
0.69450558029333243
0.43988217626972687
0.62207012912090887
0.56008285383208256
0.68427618603199580
0.49028802342169209
0.68786338740573916
0.44609674668462090
0.69246209241730861
0.57195721380905906
0.71075386158873255
0.49038227237296400
0.68070574642557358
0.53401171633342226
0.62367181733219135
0.59667592159135363
0.67368863792460720
0.50902585213576823
0.54290015698113447
0.51415075662926246
0.62486480425512381
0.50183392034851382
0.67135997549663162
0.46413804992423335
0.69946804594675593
0.50815272956488033
0.49808381646798211
0.49794865427563889
0.64674300694562770
0.56962091692627304
0.60472012646267326
0.49951405894449569
0.47176564205415600
0.44901499961839847
0.62348657905697646
0.58296633749272231
0.56957776109585323
0.41723367941483747
0.52750393883030877
0.41875894596973556
0.52594945746166832
0.29355516347840027
0.55071017652599097
0.37902154446240122
0.39934346676161148
0.42053342428053203
0.54606812515314251
0.40423312745071444
0.45683622330174006
0.31942611313813929
0.46408621024099717
0.35275019953491032
0.47198525886006865
0.43868666106809040
0.43532114436211067
0.28855591120932433
0.55187146936474174
0.31584509040441294
0.55980945433984775
0.34140194148047159
0.48965094971251333
0.36692190894455307
0.57926733813265119
0.35039307834650368
0.50150596526914415
0.34929154812747765
0.57780835643845152
0.42660431257551085
0.58477705134284763
0.35801651943224988
0.55519130905598946
0.48614363552055040
0.52981350970567664
0.39356497463298923
0.58961485749890041
0.26368237826485674
0.52192618576082372
0.41044759650425588
0.52814764581169182
0.45360778508850780
0.59899585365285424
0.43465360566793065
0.67228759828478690
0.45462664262606373
0.57685077682019248
0.33236653704351210
0.50364715731543508
0.50809219746422152
0.56145771161736524
0.42766646940207170
0.45086016240825150
0.50905040748035491
0.48216614623452592
0.39550403602168299
0.49657315633456983
0.45072577702820926
0.54893587584391934
0.47281971401317896
0.44704168228586505
0.53858717044939441
0.50207161327733651
0.55533150111910701
0.54755824861495916
0.55162885295181419
0.56719922735711459
0.53605456815586205
0.61438482857659427
0.60290388481408097
0.53081467674274296
0.54778907709499969
0.37040513451266710
0.60602561102802266
0.50659946861389626
0.50322320335710713
0.66512034148401222
0.47118281629733544
0.51864718263130305
0.60562125756736818
0.66300774784344496
0.50954420955494906
0.66748934868329290
0.64504893654748896
0.55899590368508700
0.64746217202729450
0.57761859766357326
0.55443495066184878
0.62358209134118048
0.51493845632422741
0.61070233929204487
0.57234262046747897
0.70256995650663212
0.62064627261292993
0.55138564217550856
0.62326186745104273
0.56242385121822747
0.53270431414511543
0.45847470989205991
0.57285880475648643
0.59342274040000964
0.58379413857552243
0.55701867843408748
0.51143915430321940
0.56527030236851350
0.56231620439847874
0.53912621442588948
0.58261932870591449
0.60244640160147100
0.50783436400665904
0.58696053291518691
0.58504545348523695
0.53379808812266250
0.40601018125728006
0.53784026561358822
0.48705129530517999
0.49315795843147381
0.59969057212742327
0.61803364582299003
0.51525239793730915
0.52723796417625490
0.43940076843870601
0.49253412152925463
0.61865722032819670
0.52321884407093544
0.46735179191364418
0.57383609911780520
0.45886940106607987
0.44727591548818324
0.55734707546076900
0.34304347375316985
0.39361177711243162
0.43279163255862219
0.41392637281875716
0.39484660237713703
0.32679245996214851
0.38090049717019159
0.34433766551117906
0.43692200624206490
0.34439894998367920
0.47079122648390181
0.26464155948050144
0.42454032881609349
0.39390983972605681
0.40439076751382147
0.30876190554496413
0.40687381032080505
0.39591934499109271
0.36160490170567205
0.29706639666176637
0.45627769650469424
0.47100892980455933
0.40573451337814570
0.32694965257285685
0.45141605261819251
0.34226169695851505
0.51814428574641302
0.43268462981443145
0.47179283715978276
0.29947421618498599
0.46767482791676973
0.41053597559939303
0.57985812132537473
0.35095185563457637
0.47686335696410220
0.46134907349889948
0.56001078993318021
0.36558179779563010
0.60255124420899975
0.34786904431543608
0.70884075869835050
0.45209917533549487
0.66889888694181088
0.43232465430728284
0.62973503565523847
0.45836451792434141
0.64487205120867108
0.34307202282912269
0.53406446105805228
0.53041338324113640
0.60167057663552037
0.37837055176044349
0.67428514670452544
0.39575060921276184
0.45792779807428940
0.48350348876933069
0.56671253607745187
0.43145696788602367
0.54461561013940152
0.36983120140536102
0.55964342852753635
0.35787005770178221
0.52966815211697860
0.36949859941269003
0.56419097067121038
0.33807624850720058
0.37571420545782469
0.51103223047490043
0.49747452956444832
0.44297515967269929
0.50425431413953536
0.38771978602349483
0.46823736020710366
0.28226110845081637
0.67460093177573055
0.31210153825386289
0.47607386805171570
0.47059129582568848
0.58524393818926612
0.32330019591098741
0.59890022100849583
0.40997055319409104
0.59597621880814478
0.33236643693075379
0.65023532939741246
0.28901867278488397
0.63035939884613201
0.38234479916015629
0.50987396988958966
0.45875868627467498
0.62371492683593455
0.32286249275111545
0.62265744872273643
0.44276360666654624
0.58523934581081460
0.41291185698332050
0.61019642674218211
0.45218442242838303
0.58969612181728392
0.34097776084234765
0.61297723563544348
0.47163770472209615
0.53870605712779385
0.56116578352205870
0.51842408676079932
0.39042055047113633
0.52807976551532976
0.56994950083586426
0.46800118206702074
0.53133042696334520
0.58031043489294498
0.54187781313507632
0.44075287428632454
0.49951080108811008
0.45675190136918470
0.53835922049295382
0.58029306979713446
0.56554385061691026
0.53965662005941206
0.55566900313477807
0.54938112932386163
0.62002565666492582
0.62259477723981915
0.61288568601523896
0.66948456964838343
0.57327750083572326
0.55613019665142016
0.47979759178260412
0.60338143565322899
0.47416169002732833
0.59910814606517115
0.54442727190589257
0.46817753045505139
0.52462566973884894
0.58782552510691033
0.62976237167321170
0.63905727436488313
0.63941965931178435
0.57652590845708229
0.53185826373179834
0.56291575324742227
0.53627792336300006
0.47462544563112108
0.56976033130506998
0.60384522549423980
0.49580567725584496
0.55109419855132358
0.56923194357183582
0.59494808521169740
0.57082768357073288
0.59012584535297130
0.63319875900578415
0.56407720863454880
0.54513621258418765
0.50509312793014705
0.44591216305744852
0.61131701559710694
0.63165957282280172
0.49041533825267231
0.55353655093063492
0.59285914431514286
0.62765124565946284
0.63671561370082419
0.47333796004594297
0.61840932447123276
0.51689426182170062
0.59264107155145451
0.52899679279693246
0.53437584388856851
0.40571685893190695
0.66004191029032366
0.46718418775576803
0.65597635376995633
0.43712670634206952
0.54687331396327665
0.54148165746487753
0.60934234777554175
0.42348238228813029
0.56551160063442352
0.46286768547039564
0.57184372432711261
0.41252243555079382
0.56293368464175120
0.43236802668544627
0.50437492596602163
0.40049560178859733
0.52273377250025199
0.36587017760571627
0.48756992937985916
0.41108943037286438
0.46905179694996596
0.35668941950774580
0.49006402842460067
0.32451881193603554
0.39336893029217251
0.36784154029651694
0.44489992136232714
0.33891601612409433
0.35448037193052667
0.44194738743557666
0.46789525146097061
0.38832108307978402
0.45405854951023356
0.34907429129293865
0.40006201755282089
0.43767908823182783
0.44417811324665196
0.42375142871418509
0.47720533766649298
0.46587980059024131
0.35128989668353883
0.40816437118093529
0.45696345550852918
0.57716840252389257
0.38986931273220188
0.44839472269019992
0.39146788107827341
0.48019135674539404
0.37562739886510471
0.38514337311606128
0.43080448224179413
0.44865882887285896
0.28664804832414947
0.54620076589842503
0.34029262508812419
0.47713372706010626
0.46270360271573596
0.42689079670069008
0.43850498610002547
0.46127911736205596
0.30648466459005286
0.45570686914990177
0.49210324822835444
0.63353251728074289
0.32948700374300632
0.45084856568692461
0.37286042141735071
0.37202569403618502
0.38185122559651241
0.50144163118314156
0.60506524922832838
0.55308619329831155
0.37656531447300923
0.31762199503019034
0.50034075011641999
0.39382540422250939
0.41029826309588241
0.36304557878584620
0.45834938993466978
0.45048162392448404
0.48785643888767755
0.44120712285786795
0.54299561654097872
0.36602773846492215
0.49971844636148710
0.35502526187556288
0.57954038444981881
0.42748026791574628
0.56697613619492093
0.37809347174424374
0.49157630736350283
0.42097734778281898
0.62041813100315579
0.39326834075763878
0.51452238252564220
0.39564164565263932
0.55303537409513781
0.38847872861900473
0.61744388195782707
0.46625810852393235
0.53045288281837466
0.50472771068746924
0.56209412124792979
0.43738181218050309
0.45362205134573241
0.56440327944918889
0.51348170400680426
0.50540802565324738
0.58998455582934894
0.34096676833804695
0.51211924458360714
0.41930062172382726
0.53662595796270840
0.52579308425949911
0.49931382591071416
0.29974114349451569
0.42031507465305007
0.52578311708220049
0.47359673446313444
0.43823699230897006
0.46826846621139573
0.28572862106930608
0.36104219451340069
0.35942890571833952
0.55158591829210990
0.40544426055205807
0.46690300599142470
0.37835355912378699
0.41589458705029064
0.35657938056754995
0.51260622294914859
0.30817161277516286
0.53635354434458116
0.36372192796306640
0.51439204425416318
0.39196673442587893
0.54414961092043557
0.40312629952793427
0.53717531045262668
0.54042081650299267
0.58046707243042350
0.40433241739084358
0.51395951124998718
0.41571992108440314
0.65965107085606844
0.44174784308976384
0.60699360373293154
0.46127813028995179
0.68151154193468244
0.46799541452437299
0.58605736441747325
0.58434701469334260
0.64625381739497678
0.42073403049982500
0.64905936013573640
0.46428148985655981
0.65685997579467004
0.48195734408233709
0.57978661039100210
0.50917511018683115
0.65785972502001977
0.53252950627242912
0.57877067906089974
0.50827713448679435
0.40747161080201899
0.53253360269944772
0.53148289137145155
0.58252064465296827
0.57968935850791503
0.60714456615074475
0.56038745724883554
0.56714099270183471
0.47137452021809778
0.55668886739399059
0.54242103390439456
0.57008462174882657
0.59341113865718798
0.54127012092449944
0.57804244478961153
0.59797104828940661
0.65659297851318787
0.64593936412785058
0.59033180841079891
0.63764646450807505
0.55276798180595166
0.62691609822497285
0.61309924898036150
0.64562570812038256
0.58662237145139629
0.49714596648323178
0.57665412151329654
0.60810120460345052
0.58107897149840326
0.60794078063035073
0.52042827783250023
0.58820430653476674
0.41783504166227914
0.56817039424328220
0.68691541621143870
0.61741559521466094
0.58876156212337838
0.50675085053139834
0.49372288111605167
0.61787878430066001
0.40575265306822073
0.61771454500038336
0.58500074566068883
0.57240199524858226
0.53487368755660358
0.47262696437753210
0.44730106131016861
0.58732717684789915
0.51488228825740812
0.57783890954772310
0.53968979327519295
0.59136779184094557
0.52197347966771235
0.49947631456883446
0.39298505073894913
0.55935121541844668
0.51746977253160131
0.61771514036179576
0.49958595190075683
0.56011613203738742
0.47150553479005025
0.52233909763276765
0.52997969875869755
0.54969983903271114
0.41798600412447573
0.41032477620010388
0.41744633115863378
0.45634971950610387
0.39363332627513925
0.52290056939381124
0.46378291367982238
0.50921151983112967
0.45905275500445708
0.54132190651252599
0.53089208370447805
0.60381156661903013
0.42267210672904942
0.55881834299410238
0.54098907014918407
0.59979814320994973
0.52398985260946929
0.64105604292392149
0.36300374090158299
0.61364526076126957
0.42133488719947665
0.61058586476176291
0.56586292126274229
0.56606548434957038
0.45081211892165346
0.59411234196192031
0.47012635243718909
0.63945878440471904
0.47203554778681200
0.58178303325935643
0.43089489692016614
0.51153673585699111
0.50075588445555341
0.49614402515247674
0.42917973394318437
0.54783955662496142
0.31342781708232398
0.51080776624734703
0.38322397454365081
0.49390659738323978
0.44523959201183405
0.44638038448769629
0.50369554276465944
0.52804426562285978
0.39244399085228926
0.48486870309100027
0.34213835009687815
0.50240491308938495
0.29539635627754440
0.49643472559945950
0.32372951994410032
0.57040629538163801
0.25920954201254198
0.60571414183441641
0.41914001356743719
0.56933133369672606
0.38429338888893205
0.58173217458077742
0.34532433843437671
0.49136140518266064
0.34841180518197495
0.47311394159228254
0.40244537930266572
0.55356691145640946
0.25876750236098411
0.57378557502239047
0.40926869122830023
0.42728073943783185
0.32543825236784063
0.48274546418352926
0.37060069419243402
0.50201893701253986
0.28944910234816112
0.53282353772373947
0.29933363314403083
0.51449715095914350
0.30207070204626085
0.51849519410159062
0.36853918241188988
0.52387995499341267
0.36022274555517075
0.59149948450257261
0.36703041043270052
0.39448559877973893
0.33898034607246896
0.51604672912800620
0.42163707654391175
0.43894962380672142
0.31550961423610113
0.63539926972956251
0.45397913894346859
0.62749423593169373
0.30162375281729892
0.59367512207674389
0.37011413181513941
0.54632697910125327
0.32989475153249592
0.64751096469519398
0.43572255990995445
0.48172802076748528
0.45103262030980196
0.63056740944898126
0.32426688258628872
0.61296190384911875
0.38092492051692117
0.54285323023877496
0.33772228787201386
0.54770022820191788
0.34596834660106424
0.56475507234647448
0.23836789303543307
0.64363066829036830
0.40340800843491620
0.57504211216039669
0.35914578546010134
0.53852774255852542
0.31980809259513243
0.51795949398659868
0.38298671365147308
0.58940104900919787
0.29028042823834049
0.62658122574399533
0.39001808917037140
0.64002324008970546
0.37083962586856195
0.65199533644775687
0.39859044131101196
0.63862819117163039
0.29699676905843136
0.66626880768100383
0.35605894419867040
0.58419405856079765
0.31793417692918358
0.50123827942396815
0.40132599809063330
0.61760975610223656
0.38160190611372591
0.50884693803936953
0.36768930480783107
0.58303792256617748
0.32718889674749185
0.44119081655877512
0.42560519597237317
0.47816612867490582
0.29437747291637961
0.43895512126756414
0.30945512062139641
0.48716200835878054
0.32522767943407815
0.53575796517323759
0.46566738033046706
0.64234751225859577
0.30114950625736603
0.40272152291664154
0.40328641839448831
0.35774046973342921
0.35824122574969591
0.46043198445614097
0.39847415596236696
0.45001396978472930
0.43811851903897014
0.49176562687168945
0.36601678583807751
0.35799259882445600
0.42416452345062661
0.28141126027029195
0.43220225456828759
0.35708817105252011
0.43497822568366407
0.42974421221777459
0.47777974988712985
0.33403933081993886
0.37470549282685606
0.33340924399153615
0.41193518745727453
0.51837404505170248
0.45378272916096973
0.40671607761103212
0.54617118914465368
0.34608691765344796
0.46586544541585295
0.33105027003218734
0.60788234709603928
0.33579466959583693
0.54305281399031802
0.40809358950227403
0.55725039852048408
0.36313133830790917
0.51201403118818500
0.34753376284404469
0.47144738999443303
0.46587112544444120
0.53710438646225578
0.50285750725735889
0.51233054902591291
0.45296844451110430
0.61992390167336797
0.45109982087099909
0.53732327338705665
0.50657359194551099
0.45912540805220892
0.49626989415938383
0.58749915117317075
0.59831923492113925
0.62350325998073508
0.49173815449677272
0.58408868390255619
0.55058936532526004
0.55712929832618574
0.50735746633892886
0.61729754866534092
0.50716259397166874
0.57656565849261099
0.45392394284272375
0.55131247069076350
0.52571001333346989
0.63932738953344193
0.48327892545282591
0.49003083783393203
0.47298605217716411
0.58408249465035822
0.46225404303682671
0.49832685966463530
0.39790622386648311
0.61905628886162545
0.38516827124453079
0.55671456906521666
0.50342722955667618
0.45658298159186045
0.47920696417253333
0.67941163114193437
0.52765327771103243
0.53580483029954085
0.44017901149148225
0.57667901487125939
0.48571472113591962
0.55642327836837469
0.35585253455481025
0.57127054631263718
0.48903781343619529
0.66359207466622205
0.42301678361222539
0.67075308566277636
0.42937195073402989
0.69761562655286524
0.36550589963051194
0.60753351845664083
0.43919188340703519
0.59415608281113286
0.39497575901822629
0.61915616801441475
0.40169751907681495
0.60040232391209503
0.42216672454580884
0.55098151580822741
0.41886086626594843
0.63986317943507975
0.42032985270977552
0.59762868827718996
0.34362369878509580
0.59149325329162228
0.38524746007364269
0.69222992267817862
0.44420674006210759
0.62606002782537518
0.41988884598925746
0.61124085570764564
0.37180746907419454
0.52876827098296775
0.45749533212621463
0.56299795840670941
0.37903590631264383
0.65442280335004621
0.37962513832442846
0.61644415832970256
0.42227028628780022
0.60263866712465064
0.42289433156643513
0.54958540828212732
0.45197989289652957
0.62295352708424323
0.41648810465310210
0.64860719700086300
0.52935197866205053
0.62258743518042869
0.45850095437863436
0.52325460739881247
0.39032271909377431
0.62348902995438560
0.44271964663873176
0.65388345102123901
0.47124506409482425
0.68288979426939234
0.46906137933766362
0.62094852417868052
0.55928514558076881
0.63911311798381853
0.46936679429822142
0.56758893997942517
0.44200865482270174
0.51381592527879949
0.52294680755034817
0.61751210964442427
0.50364793787271001
0.46225410526945632
0.51216572087073686
0.56655167664024331
0.40624708513038976
0.48840083044677945
0.52232909795007121
0.42973837771176765
0.54846107422307011
0.65497675060206784
0.59338744989022241
0.56486717415602050
0.61598293660629455
0.55185139703413943
0.68039827314931600
0.49318053922609373
0.57863676129992569
0.47555724664439647
0.60896550379656167
0.42297396945065885
0.52802817975723881
0.56157124101340594
0.68702998334397136
0.50625260638853420
0.62200216624030946
0.43591960131191693
0.57266304758164255
0.37338340735259051
0.65844928715193918
0.45578002649408467
0.64578106769995336
0.32468895820599564
0.56221226984815598
0.36366558901414198
0.56972709913252106
0.40769681925272766
0.60626414660955419
0.35232623735696211
0.67143292810585620
0.40312833898358674
0.65620482499725874
0.36610790431720874
0.54535687128767518
0.44813351702412796
0.57286372742640035
0.42993152185732103
0.53046541336531949
0.34070183012789501
0.57164425123190743
0.47451119561404254
0.59471280680651639
0.51720527290516938
0.57111871983440043
0.48574358424855169
0.60778597503473941
0.63282010736311145
0.50577205408446146
0.42875092877846593
0.50537029865257677
0.64332275566089725
0.49356873420123770
0.46261027639146890
0.61865654609046428
0.60610294621438199
0.55319167486232856
0.49540939048755711
0.52475945020329084
0.58397097277624332
0.55913199033365590
0.46640481185131044
0.39896489111616085
0.60795546894573149
0.49552160378279142
0.50367723570899370
0.51841620628420404
0.42496322451946006
0.37498746890091456
0.37665398795629268
0.56087016206742712
0.43359039745048950
0.60070277978169240
0.50592896506878060
0.57876017445219430
0.34146557706789921
0.48341307157303737
0.37241993324985911
0.50210182121884106
0.49026107817041342
0.53201780585323755
0.36724138803555123
0.59922786302954856
0.46199129522143556
0.59510098420368984
0.44918615014892432
0.51244228819028681
0.49046486988920346
0.60733818434895248
0.44120342020375503
0.67113708830375285
0.52584258259717520
0.59193818354032812
0.42518672902442051
0.59951735380747739
0.42808118421804475
0.53222185763412566
0.49021352956559699
0.49236595229715652
0.33128707936127633
0.46621680701756368
0.35631495252392736
0.45754409785081990
0.36583988172937815
0.49598853621251315
0.40690771479894422
0.51199371195363497
0.35489045303615202
0.55607703486741400
0.36737512689643470
0.36958253440331229
0.35738303438429481
0.37955641991788813
0.37995559903241521
0.47938850108091424
0.38110102941982760
0.38599071809163743
0.39417573073023715
0.50541871038321284
0.43842291794477428
0.39601514085266687
0.42464545065989523
0.29950153504156773
0.46256698807926933
0.27467274767147176
0.49056454848858383
0.39761955588455283
0.39200990951684850
0.45406280003887822
0.43423335289665671
0.39717913278525274
0.47122532925475985
0.38128480903347567
0.39086414011462550
0.36693379177067087
0.41952209579788491
0.34880573503641754
0.42095665548696276
0.34247072899715575
0.41298525324589330
0.46997853303611831
0.39305958407047686
0.39157153359640018
0.35354404875985801
0.42372018398630945
0.40147199572887615
0.43714657009342889
0.41752894405647267
0.43947004175719467
0.37412402913827392
0.45018293904188789
0.36717358696767355
0.55499748759508272
0.43986204728439876
0.37535791524950629
0.33849450291582039
0.50299548807320149
0.32395018125775110
0.65930223987890191
0.44628196778799040
0.56527159880060784
0.38810869155803440
0.63052696031291644
0.48917858168054046
0.65154302812068898
0.48811783240693402
0.60900621043090686
0.51444691239265605
0.61409190276880932
0.37485082671150566
0.66574817179187895
0.59708303207012992
0.74274881078997967
0.46956929875988618
0.66813555822718451
0.50388007565928761
0.72171045620207941
0.46565294528555945
0.62215001266319825
0.51722866793906319
0.61057326172754911
0.44721536484956143
0.62382756554963925
0.45788898665408984
0.68289584864245079
0.42440756302149119
0.63228821842597915
0.41926723091099782
0.64127537629125886
0.33415058447279056
0.65122670776396052
0.36321541711908034
0.63130491992004256
0.30251115203352691
0.60221657282533292
0.29729895770791354
0.48544564517368866
0.28989935258358557
0.54357536811289231
0.40326670864129238
0.45518686081822063
0.31618446007494522
0.45800150010740293
0.43677109004295522
0.51697620107732023
0.37293149900512945
0.52553361734796156
0.33151943794106647
0.42614271465188958
0.47135483964426195
0.44541119280584640
0.51303707083420635
0.46553455985025216
0.38554273361436470
0.40423776543770285
0.37974664325536756
0.36531979242619539
0.50354602452989139
0.48875594680243845
0.39493313783822848
0.45563725473022976
0.45171316540721795
0.39055088452841275
0.49675795861954847
0.43314946919295449
0.38710092899364185
0.37713113103644358
0.44205948970876274
0.39719826409047049
0.37316561693172928
0.44596875683759907
0.56700086589936316
0.37005904913644916
0.49132502581172766
0.43730225957764207
0.51185688097666016
0.37797410654475239
0.41606100105391203
0.43922088877816512
0.48831982149270226
0.41953992282478336
0.57916794651048331
0.54348894510504808
0.54274554678098275
0.52686432987766618
0.49556874017955649
0.39815289791047515
0.54701351179228308
0.45636726654874227
0.47271231560779753
0.39717560093925525
0.53893650061823239
0.42083550693681299
0.51195697045759925
0.27815773848321734
0.47807420429406550
0.45790290443479231
0.50053717707789280
0.35849701763441522
0.60421654721441842
0.45635301049179711
0.44802415289990100
0.42561376259755684
0.48392627249768744
0.39421604454219183
0.56018298238429354
0.40538348139651986
0.50291878962945968
0.44472819018061699
0.44933806722567010
0.50756782440023296
0.57506661429395889
0.50047987644136815
0.52690126664536074
0.63537675851437325
0.43731051355714501
0.54360452669947923
0.42953519391844780
0.57842974970449679
0.36853501396619387
0.65591457828452027
0.47294069761175611
0.65106201827512611
0.45762647583753835
0.60237452417251058
0.43643987928660855
0.56027635217128535
0.40303164878566611
0.62098580413777471
0.42437377718524461
0.52560178106229505
0.50425039684736828
0.55560318143710585
0.58225561246907265
0.61394474126831400
0.40251332126857403
0.47210150454768052
0.53806052720961250
0.51490874318247448
0.63575497424643201
0.52014741245034324
0.40961388132506821
0.55721029351929441
0.63621150673155369
0.55009294125779618
0.60281144876769721
0.49607472413079140
0.47863942618904631
0.49330821095517963
0.48310333432345348
0.51823222555500048
0.58731218501656146
0.49859261910889974
0.56559361977525913
0.52507382735197372
0.56059474304867396
0.40994426153766306
0.50391078070456141
0.50947354336115303
0.40679542814491354
0.54047697273730122
0.48824128625870716
0.49029978099835225
0.43149203747036330
0.45334608380121055
0.34285360484393412
0.45292315106627251
0.40323271098456537
0.52060909382587250
0.35067124555949641
0.49225948284366550
0.32578484255517703
0.56088268189828849
0.41476199853429435
0.60785340287440859
0.41807653635603131
0.46422542242993936
0.40330587183618044
0.58924287495010130
0.48281568639991895
0.63338583809080184
0.47565998263679465
0.53084727676134968
0.43482355931032707
0.61078489912593303
0.58788439528733594
0.54942414388239169
0.43280687653843597
0.43341758368903871
0.42962349419640189
0.51864535955797320
0.42655992905602869
0.68240097662026156
0.53170874133543944
0.65589940322366513
0.40919356972020893
0.55802964709203817
0.43487888739363706
0.55916860990495088
0.39957896011966543
0.60789324511597520
0.40738281053202069
0.50364324299968277
0.39929529448944390
0.59920330559865620
0.44713956318838927
0.61579417702273453
0.40521557993536905
0.55274498105022163
0.41075337405327994
0.58240996956547775
0.35084939236138035
0.62289368663824152
0.36515878069272634
0.56063746041464313
0.38792536794386423
0.58698843912150045
0.36376624707675154
0.63377480158552868
0.35470799931821423
0.61743212692264104
0.47631902968162498
0.53513392534095827
0.33191404377812139
0.66306268685496106
0.32962292259267090
0.60808649121580560
0.37143935933701461
0.46931392707467323
0.31109297446642736
0.54405961055044560
0.33882616635246654
0.53806657978982042
0.44077129720010716
0.49860055603795944
0.37393285455373809
0.61192724839719537
0.38329033861825379
0.45632378126294970
0.47843436791990818
0.66615635066412560
0.47936696771059240
0.52091132721140510
0.40403557297787290
0.36303254581888700
0.42803380612346043
0.58139221210704239
0.51399508196159605
0.45167121757219642
0.45891107606742643
0.55715246042865074
0.44167486809943435
0.50885561002502477
0.41742992271921581
0.45270944819033598
0.45271535022007969
0.54723376554120406
0.41004993733711537
0.57574470292769642
0.40122463487678178
0.49524482655967705
0.54998359279045672
0.51386623204774562
0.42647863347989057
0.48236881290752054
0.49579572693271412
0.59919071532116719
0.52872986640979447
0.56068863456049112
0.51596048845066989
0.62159089660403588
0.56050420155709746
0.62908935172232927
0.62874632431310862
0.57048717446177444
0.52207542353916225
0.52779140121211510
0.45278842541018605
0.54906620909536252
0.58827576342560839
0.55547757288108057
0.44894145938066832
0.62445227892641642
0.52285865808073317
0.50666079610515746
0.48515837205361190
0.55388684472171001
0.51185768230630901
0.45865594387628994
0.45028510492926904
0.28344328270306018
0.44074151705403941
0.38734085817163633
0.44232148553779471
0.42022680474812457
0.45543746148838421
0.46586443188773335
0.36909965588979798
0.43995754528328868
0.41860450391048448
0.41660200967659611
0.44373151911722258
0.45602114820186446
0.40813840000106572
0.42688658907121424
0.39604913900496463
0.42641431738933122
0.39410540463427191
0.52069869915667832
0.44131638212860907
0.50245863387077061
0.43354473800184529
0.56364013484660513
0.36884922620712107
0.55079820402619484
0.39979492403489131
0.57752290174469745
0.49190663179959437
0.68141149558332925
0.44491706009370779
0.60135435657995984
0.39330893093096930
0.56316494438662201
0.45190214891843472
0.52781545040915967
0.38914266871572523
0.73581059338213528
0.49736968312805663
0.59643868195829808
0.49279618064301489
0.60973416423224647
0.45680421257411874
0.50194167819770319
0.39298455350895084
0.59229574433903465
0.37924491262745530
0.62964270379015674
0.45516910581758241
0.50021392046410551
0.44807943303028813
0.58087462462795181
0.37893560213528110
0.64971273981432187
0.48796825469490784
0.51126489858288737
0.49200614813792121
0.42582201654755664
0.41252321643399598
0.52368994333859742
0.45604597969397770
0.56814163967625475
0.48192593429076636
0.62892424114659640
0.47593107083304692
0.35304675348700887
0.44172695144228785
0.41773642801046418
0.38605940003881378
0.40362651670522487
0.44717685433684096
0.42190827087866933
0.39234448507309810
0.55714818358569129
0.32611137737718987
0.29683891754070640
0.45805533851506530
0.40389606614969009
0.39764208241429305
0.34407471841028692
0.32557163886068802
0.33381930141341049
0.35732792590757045
0.37106312302457783
0.33529431367563778
0.30184244695588097
