0.92954986582964483
0.49593061962975038
0.33302293377852638
0.22354501095135032
0.60587252263776792
0.44172286247038450
0.64253704097249398
0.67695659352020177
1.11771861574729492
0.33296765807998407
0.79198796526221926
0.46925840207063119
0.77406758693850886
0.60152741342066007
0.56507831642100848
0.58512163540744422
0.23289146314626855
0.57235791933236591
0.17903284620760526
0.05300534048714826
0.20843371410665262
0.29305846942194963
0.18367441299458809
0.10287745793620909
0.02423787552459039
0.58022042738595991
-0.04110513912643822
0.30403717857767470
-0.09133850562456150
0.36565488436869581
0.15751838008919689
0.39219163676167895
-0.01879305379104672
0.58535821211613148
0.27170999058102041
0.76138721911751350
0.54716136787432579
0.80934811414213403
0.22947524866629088
0.47728906360887186
0.00347624849916729
0.87372846011958538
0.27748910260626797
1.04297476469868466
0.47310937420213584
1.20207085912602674
0.41581488543499973
1.03575112537324943
0.56211402466404969
1.13456665843386806
0.94827690991046931
1.06657883396128117
0.63117996987464697
1.19970140374503353
0.74708388194915476
1.14161736237925027
0.55052360013643964
1.10074888484216893
0.63910157592361838
1.00747286861744678
0.55634642871441520
0.83151036343398155
0.28876958148599619
0.84129062061074911
0.66616385819938606
0.68804799991172372
0.11733167705083367
0.15943769695676341
0.56843879971011946
0.40501712242137689
0.16166120492312960
0.45272452926591000
0.40231869001756765
0.69676305377881331
0.45562160414453695
0.77862204613532904
0.50034359061298028
0.82443268260299973
0.73974527555913361
0.71186272151987329
0.26042875038336005
0.91265494526190460
1.02127979999564689
0.54446284123913191
0.91746594128358816
1.30014556255947134
0.73530077547701378
1.02688176549116950
0.71983855973784094
1.08709455881296879
0.92429317563690705
0.88071882525732093
0.75368315024772325
1.15262746191568488
0.75322068048070578
0.95065613639871260
0.58479537631545142
0.93152704834023103
0.96057422893008471
0.93612326688389957
1.13184342774189539
0.57934919212105407
0.67126247864460353
0.96898821831989312
0.48137555507210927
0.94324802299597221
1.03112690360596782
0.73141763699567386
0.70631681742788288
0.73681217008446143
0.50385772374205184
0.27448084577856580
1.03313074113176540
0.14688099271209432
0.63628541048724463
0.00936994641113945
0.70296750322694224
0.14286186040383025
0.61146934337854164
0.16198181376817261
0.57311692602915332
0.24851037556530861
0.54070539869589096
-0.07092189408864794
0.29396995471023046
-0.04036020183204880
0.38208258892911601
-0.06031926056159462
0.42633424550123411
-0.12250413856952472
0.49966751717946617
0.08111977095262599
-0.26382664030888942
0.45098942114201174
-0.06256682696923314
0.20434571439834681
-0.15508153180109963
0.46322718910423916
0.02576103471592996
0.48082473588171126
0.06217598053131057
0.61933643263560711
0.26737020460797745
0.70567404764122466
0.54726287185671041
0.45200652577673400
0.74309327307981321
0.36135753914854629
0.65765566607330783
0.49614084842921424
0.89207042314406859
0.58859614188365916
0.09254292145775822
1.00885730274838115
0.68684429901097177
0.82671462058150191
0.25647651109767433
0.43938254340613214
0.46947149455995629
0.59814540329959298
0.74747445012773095
0.59463195586093209
0.91813621234516740
0.56419703797067733
0.96825981130568706
0.46791916658073335
0.96952806534978353
0.22048276633410635
0.87001350017466395
0.33899758920123646
0.88053960083794458
0.45017626867299837
0.78895214903710476
0.73142919733315082
0.32936904381747789
0.44070404276567315
0.52240215148163616
0.67048438435037205
0.51905576661808062
0.26857763955691449
0.58661930235030013
0.40143641969928917
0.25397355583295844
0.31541099520633303
0.10950829820458570
0.58089149404194418
0.53555171196861695
0.23838407393763145
0.69973122250220188
0.28563893861450218
0.71960686429797116
0.36713050733460417
0.82321710173825802
0.48492440967461770
0.90484427360489161
0.10986872947079819
0.67230561265598587
0.04726506965712036
0.84049111261266551
0.18303146130964948
