0.49419280559791412
0.33451234184534778
0.47414182422041362
0.31271895873231048
0.46097362199210667
0.32940404122915501
0.45275236642547168
0.32337144111993948
0.49799362129729813
0.32267910707555053
0.48111987722873173
0.27321752389848342
0.45699510724872744
0.34121146710909828
0.46563152296109139
0.30424262082179981
0.46247818987621592
0.32755634699321956
0.46348255576352659
0.29738275127068481
0.49689717722903742
0.32442971174664359
0.47364473875149016
0.30907949803075058
0.47845445956688137
0.31247553237881892
0.46183111143205424
0.30022504295833230
0.46439638068075517
0.30755792150815581
0.47408827344144555
0.31183793740228027
0.45079226090398533
0.33957243059528058
0.46663945621465192
0.31107089942476440
0.46397043385481906
0.31099404442848910
0.45498143830282650
0.32908370614857063
0.43344692114699673
0.30989794566359735
0.51143109500456152
0.28989042662273912
0.45487387165028947
0.28573921198054297
0.48440578182243682
0.32648253752960071
0.47749052468712505
0.30371881126617484
0.44616136812836593
0.31955325757732661
0.44875432183788122
0.28003714562825599
0.46675932431624473
0.27308605871850955
0.49363198477851655
0.32926090263318913
0.43553250725580583
0.30473803851940118
0.47610927736795433
0.31083956045804395
0.46816181759268388
0.32141225497944070
0.45726528379199605
0.33031934559539000
0.45588257348586436
0.30935111977178786
0.48946734885248672
0.33728397257928283
0.50559463231060908
0.33046849282894203
0.47194315915663565
0.31055043495816803
0.47226860593258069
0.32230049043383224
0.46261899649806826
0.32255776857602481
0.47530068314651402
0.32609939460012272
0.47225885402838136
0.32593874632493225
0.48434006576275257
0.32661936538966474
0.46215007495033972
0.31196479156127654
0.47692171085919954
0.31640733967813944
0.43805757183910909
0.32755568673206781
0.44700969242854716
0.32737957476042923
0.51264467665414526
0.30586777664923348
0.47134052841104801
0.30093444554693066
0.48961676697355111
0.26854692702911226
0.47142837018080497
0.29814921147152923
0.44872006528008290
0.30857933567606816
0.48998774901016928
0.33162911938999895
0.51611573000596866
0.29592385858986031
0.49637119113200351
0.33108757836145042
0.46527625782625032
0.32970212287087503
0.48676668204409435
0.27047067491829946
0.50475668680820462
0.29750687287431488
0.47222453862748087
0.30793866504967843
0.45054115551411400
0.29360377094960549
0.47873942782710627
0.33570072094539211
0.48004918471571473
0.31826933266387092
0.46341096532719439
0.30928963873714077
0.47176932213969691
0.32011991849239874
0.47355621883333748
0.29789803822899591
0.46958134252120443
0.30743601112611746
0.45539761074075275
0.32790473305918688
0.44684940216935037
0.31634826625968437
0.45760664294807873
0.28690089563246568
0.49437597297718372
0.31802926151103017
0.48727801194867626
0.26427027633061995
0.51261442058107043
0.32122577026171112
0.47536886139199774
0.31531423497125816
0.46184043881663184
0.29918659281462179
0.46938691557492362
0.31187833024294509
0.46262800569297213
0.29247352491852641
0.47350812300454376
0.31076084124968079
0.45224669155507052
0.27827597983919033
0.45966818348962923
0.28664954968896528
0.47054678893539681
0.32826685983997728
0.51521434499083107
0.28851621233609087
0.47146227782110106
0.30937944239144066
0.50522813500591679
0.27127947207353670
0.47725678726580079
0.32828338108612409
0.44124649948344280
0.33001183284774921
0.42392201598971802
0.32202336192412317
0.49641098508466552
0.27355714587728203
0.45699276153628232
0.30827776259325390
0.44134732429363277
0.29874592472609995
0.45375714441135667
0.32438856208820382
0.48372660076090063
0.31644205570220563
0.45624770204772391
0.29483099424342685
0.46137518173636055
0.32487025621006105
0.44586092909245290
0.28640219590429294
0.46792841313149403
0.30473880437787138
0.46422816306848569
0.30389934016321901
0.47399243557271131
0.29606159626658540
0.46606357313561875
0.31127100607781355
0.44783874659240269
0.30377318664452624
0.48065911621169283
0.28933469850983284
0.46633875756338106
0.28604823994732531
0.46347684459297667
0.33088532135280224
0.45742741821918781
0.32864138422975286
0.49316082499909325
0.32719560290686139
0.44795178614309072
0.34150895703464396
0.45075014789134721
0.29837116861280305
0.46497788076853092
0.30126052125936442
0.44642207478817392
0.32678039303720757
0.44937460675291474
0.29601997001395697
0.46959240096471105
0.29716493171038205
0.43786277521000916
0.33821236859125259
0.47055516796528352
0.31071959496042056
0.47889179400287718
0.32878407754685351
0.44829267604797873
0.31023269483271332
0.46069031466688665
0.29020175358588152
0.45017403641677406
0.29804367729262898
0.44502548498588890
0.32044827627844175
0.44263751201110191
0.31264747931043829
0.49136029462289277
0.32840741071010127
0.47221016791945047
0.32493152446013041
0.44977559665857131
0.34075148453379117
0.45080676244190238
0.29912706250520577
0.45782546676201152
0.32233989344896391
0.48613040841599597
0.30008568865741586
0.44038392178668823
0.32114866165665040
0.43212910967416246
0.30484155996706186
0.48064018932181951
0.33399482006513048
0.44926034118468439
0.30989570387568849
0.48068682452208211
0.27347323583710781
0.44762765717965142
0.28680514082921826
0.47180459802489683
0.30414774125379668
0.52758227499367560
0.28385647647853196
0.44269152178356302
0.33229390526195912
0.39826132379527490
0.33410578605859381
0.47848051829049776
0.27202293521736387
0.44299223737787902
0.38401925843704393
0.48221903989431081
0.33176726505533616
0.47486419541407365
0.32205502587924639
0.47047870732678954
0.30671420889658552
0.46385304592004689
0.29567292098137560
0.51677279628542405
0.28203244998192556
0.43471457611868292
0.31926570768314183
0.43731712611863482
0.30112671171339545
0.45261452103854677
0.31514640914208181
0.44859443476449362
0.33030721352460030
0.47509394073266098
0.32323260152937411
0.46993441862420249
0.29997508970733833
0.43548923577141208
0.33713379953337019
0.47494788298317409
0.28398877733568106
0.47148350450363008
0.30421985114997802
0.47240043793474762
0.31660580105685970
0.46379249619879359
0.33408956154791264
0.48276646923818728
0.29124090375286504
0.44488429160980364
0.33200809778464213
0.47120651374744704
0.32133764297840134
0.46241800152352630
0.27648236189387332
0.45018416637532188
0.29247177146766856
0.46589199432199258
0.30315665070217301
0.47039554731272898
0.33588885279967101
0.44050275939071437
0.32335157747430887
0.47219491275252135
0.30997974662552819
0.47114704154594161
0.30716498094728201
0.47748359806636276
0.29846463951543623
0.46286569825955765
0.32895653729326624
0.47636807389595287
0.32737621898640262
0.46174859293137377
0.33130854776352664
0.47085476978210306
0.29497815442075914
0.47844073689049571
0.30138815084689285
0.44954090628709381
0.30901781807352185
0.43425911166783748
0.33160042266332174
0.44830539428317218
0.31772932313854729
0.43434933563844796
0.31992116649231250
0.44709045101663769
0.31386417481298334
0.43733365893783011
0.30757898900115338
0.46702114006091983
0.31940602723195111
0.44210881086315001
0.29735194270638837
0.46885081093421022
0.32783408071040454
0.46412551055235940
0.31991072348504335
0.43545594707476282
0.33467594136473083
0.47319112218406401
0.28712765942784685
0.50925009345618766
0.26977483803693175
0.47283202230404520
0.31063535110970325
0.48294900296029175
0.32978837180413711
0.43130260010043076
0.30488758494560808
0.44865115742008815
0.31698593528798091
0.47503599944981234
0.27377404646062781
0.45088727836789172
0.29173936476299617
0.47719141438108631
0.31556467549386585
0.47156040563111823
0.30765322118937138
0.46708012670306448
0.29046850626647219
0.46907686049050262
0.30035530575339775
0.45843859806777215
0.33096960937327391
0.44188786809228103
0.29776592806839042
0.46549850753783950
0.30167564608204545
0.44761113840847938
0.29671150905777260
0.47004086657147859
0.28713942692327882
0.47687385079222910
0.32022624909858044
0.45589874317573925
0.28874915089571829
0.43201364558017374
0.30194756966166525
0.48624426842764457
0.32922720244496828
0.49399162930481594
0.33219024842695360
0.44017105140119944
0.31431739435312778
0.45808881801658963
0.33891599049884757
0.47371633822575526
0.32840520470371815
0.43400650662227402
0.33641355118486183
0.44809144327210959
0.28480408338959867
0.44875519649321405
0.30007838018571276
0.49131738562868160
0.31724102118356839
0.44421905501401515
0.32592036933319418
0.47315048758700812
0.30618217586622970
0.46518426176955890
0.29798135475935461
0.44601779139778575
0.30918319630271812
0.43476159540960080
0.30367059536792423
0.42253696985079303
0.31982334571694326
0.41513959632485398
0.36040527540713729
0.48209922551572026
0.33083599125257479
0.47318151825161892
0.32646701405538531
0.48900813698771012
0.33349060549667470
0.50368952811202072
0.33253068891556781
0.44488452904510228
0.30367938139953676
0.46027918144051239
0.32778085630159509
0.50958980270380327
0.27651837194828038
0.46500569518008450
0.30876422711803836
0.45755977164229866
0.29886942130600758
0.48496168804011663
0.23408810761426646
0.44861500724470704
0.30431166007855603
0.48802225275693528
0.29994287831029104
0.43024555198410286
0.30946323118515667
0.46731622119864957
0.31081078004486307
0.47171192716836879
0.31407272852322188
0.47756330481133752
0.29800618982328775
0.49955529150000821
0.31768082024014971
0.45245904549174915
0.29870083599526859
0.41082397772927137
0.33016053605772255
0.50667504952415010
0.32934869214256468
0.48013309473367571
0.31757036647608999
0.46035162201217089
0.30506118559333556
0.43140957983856099
0.32062489650312692
0.43494029886631169
0.29469037054921343
0.44815797998918633
0.30329553372989648
0.46950002785200934
0.29570770850441230
0.46829453224996731
0.32111465647596915
0.45067708517118504
0.29498007435557860
0.50095448023510192
0.26510579093034231
0.43239817560828298
0.33369385945754892
0.45637479872480041
0.32652460953618201
0.45313123722474485
0.28387161079052914
0.51146271386855957
0.26985646107267053
0.47062877229392652
0.29251927668419303
0.46956555589659932
0.31030475731451485
0.45039391775902871
0.30875026143959383
0.45175978479151502
0.29837332531163319
0.44748709437201517
0.32918704378241492
0.45340788407413629
0.30266430355779089
0.43497787533643673
0.33002107543194542
0.47797424282223339
0.30943093467772925
0.42732139631471133
0.32821018372344685
0.45822102721458235
0.32794909118698284
0.46972490132393691
0.32589291830507705
0.45949061327841045
0.27619373833118172
0.45270516425363910
0.28599410489341276
0.46453256571238827
0.27090527250852686
0.47216067335840201
0.33325402886663946
0.44389901637447832
0.33318718753205484
0.44398410264308841
0.32963060627479612
0.48959956887664946
0.32416702604238734
0.46599510098605645
0.30757581336581064
0.47747886160370184
0.30172463974656571
0.44682071772911980
0.29902727897777759
0.51922674373224942
0.26538086048160425
0.42876305693493111
0.31046326530585255
0.47356148809977405
0.31314546315222447
0.47492036092967688
0.30201452646203225
0.46182122697030720
0.29676389155771765
0.45407008865888510
0.32458850060701683
0.48402587214711457
0.33051958521053509
0.44515856134169907
0.29670066150290153
0.43815241223583684
0.34003135235034310
0.46922885024421546
0.29502504083123759
0.46644317079182790
0.32400922502479579
0.45698331133086040
0.29224657764644479
0.48915088781757760
0.30503741498035736
0.49347757149297439
0.32445423223434672
0.45790944544800782
0.29392176203055731
0.47518669881506032
0.32484949970615840
0.46143764068211596
0.33316024564453239
0.43675950819357090
0.31342322016613638
0.47268990033759839
0.30912260351030685
0.51416042641149795
0.27988302198981957
0.47229800553702594
0.31534475274297413
0.47321986142259881
0.32716194046123487
0.50126749691739048
0.32258391767426775
0.45277937952045583
0.28157859362375154
0.44670795785950257
0.30463757984956263
0.47928866067273274
0.29466509629612808
0.44736372152643178
0.29759764739833083
0.47225879607012161
0.27630382120689650
0.44729638462918414
0.30832371332315867
0.46890108039894002
0.30280180914272542
0.48029341963201133
0.33110089563744088
0.45587199246438453
0.32667315675239295
0.44772576148988708
0.29325969369703409
0.50712713846522606
0.31356593807738914
0.39041617632201298
0.28973649985411559
0.44737715207011342
0.30805510639925765
0.45476617988510631
0.32104708219169326
0.45489177349953985
0.30505062094940028
0.47664549704229436
0.30834072647305955
0.46010369586929756
0.32797411650034075
0.45267647476214917
0.33522584190630750
0.43763767516620811
0.30103453131899188
0.48192453154075310
0.29866626115841571
0.47866298341000663
0.32164996986881034
0.45991064093190470
0.30848385918819826
0.47389160740934827
0.30486869975355879
0.45769302537950057
0.29462623105905589
0.47338521242065490
0.31625080211707629
0.48932289289895381
0.30573664350546781
0.47467868340921932
0.33330533294483849
0.46288686229134174
0.31049271228089426
0.44822954129019787
0.29679923353973675
0.49864656205193159
0.26957266218789816
0.44338710416753407
0.33140516818390564
0.48200992313521135
0.32241854498241096
0.47292570278169094
0.31728485658477418
0.43352436301819691
0.30989908523645138
0.46038903653792029
0.33018365130815797
0.45077501634208950
0.30271171378618300
0.50053306345274484
0.26106972271479928
0.45377498930238780
0.30078103338187467
0.46382816114778058
0.30941728990559580
0.50266555369539623
0.27188216769170070
0.42517442859533866
0.32663159202000458
0.48659319092945647
0.30183607616978886
0.51782803612332517
0.26151628649313408
0.46935805178703555
0.29754946100068241
0.46769006075966885
0.30524405302874513
0.43858480209593798
0.32848068409876702
0.45886907747793576
0.27912758477215532
0.46245046785332022
0.30847674313504481
0.41956035318997575
0.32819992935118136
0.46440103507191705
0.32709390741560002
0.44992793961580080
0.30062490538188252
0.44231216463033685
0.29511158635074453
0.45500801767290533
0.32285120860740624
0.46326402072471518
0.30911780566909752
0.44762937054843088
0.28223974543443919
0.47103379692882485
0.29748083679619480
0.46245034320984690
0.29963205443361246
0.47437057604268790
0.29923134216963104
0.47600178323026499
0.30433257405792757
0.46663349510353347
0.29902613687438340
0.46221582959322727
0.27697997592800178
0.44485703723747061
0.30723438098449224
0.47311695468224013
0.32476632082973472
0.44861027455130709
0.32809443702089269
0.46716653526470936
0.31351370065499773
0.46513899303218553
0.29917343356603754
0.46538730923799204
0.30238486597226599
0.44974493693870454
0.30053391787446254
0.42701431819806424
0.33090478217652380
0.43990662234695349
0.32089710308745395
0.44562263526327395
0.28654684603096547
0.46611053813631270
0.29267609325542965
0.47272685108812257
0.31815205961406684
0.47236561285338119
0.30573784199467890
0.47841651139704189
0.31543541497285021
0.46890393066993952
0.31887736542495937
0.47661022033602402
0.29862854964817603
0.49614325668910830
0.32847418425811520
0.44825712019196429
0.29176526951061849
0.50888004695455302
0.26806523870366206
0.46814510093256101
0.29716896449327623
0.53345537676319510
0.27005441918338757
0.47362582954972066
0.29775296977827798
0.40608366155635828
0.32704183696912814
0.45580014394117374
0.32720785814180536
0.47474763038889334
0.31180596713004538
0.46195297764148197
0.29160734041099179
0.45212470074543071
0.30021668324852541
0.46422164870471222
0.31118461954433430
0.46711424455563322
0.27556780060226033
0.51368791363409705
0.28820773478760464
0.46148119081002364
0.30711089881729525
0.45660775330476405
0.30526952389801892
0.46217428702305507
0.31132570084191302
0.47090531411165104
0.30518122730344743
0.44582136836515318
0.29654100253979609
0.44908424310178452
0.30901898118062976
0.45285250572308711
0.29157318519676328
0.44552961540288299
0.32136629638008601
0.47499765574903818
0.38314033764119337
0.46320811297236608
0.30788478082574278
0.45474975024314468
0.30547693939290155
0.48495836247354529
0.31297845155870363
0.49574568086228843
0.31813613744416880
0.47196787537153345
0.32402896101812489
0.49526541954003567
0.33456576706950009
0.46584264543202475
0.28484647230736920
0.44154374828912846
0.31720505893955608
0.47714790928905204
0.26630283130432164
0.47104080964317208
0.31533722065326530
0.46352670713504057
0.26731128968672996
0.45001871824460066
0.32545817684092920
0.47245659680248858
0.33627549155464015
0.47423260966586206
0.32146407985552433
0.47381635323173266
0.32463657253520423
0.45089001720766031
0.29394081255357057
0.54086158967546660
0.32483109878048988
0.42058752319666759
0.31839277121535425
0.49388525708251235
0.28470233907510495
0.45478201558045517
0.32091160280475883
0.46176607656868918
0.31173441530128831
0.50616249917855094
0.29235053075937179
0.46522122449093628
0.30757692782151841
0.46982109606147693
0.30690004411966593
0.42718623983104342
0.32049810765125841
0.50375269952081725
0.26235709743939573
0.43697100700463903
0.32741185127900685
0.44443098090874761
0.32779201634887789
0.44506132007081184
0.31138511088453880
0.46316591052306927
0.31101064660561484
0.45721461655755552
0.29250649171538079
0.46617169572260414
0.32333177407302449
0.45808336312600767
0.29839800562437918
0.46943183429886731
0.30181599578689267
0.47049919571884252
0.30312146353309311
0.45992299569784728
0.29028801047879627
0.46798207157801153
0.31882858105227396
0.46501632585522112
0.30959902302587416
0.46785614559229771
0.30795522582563700
0.48337095314374440
0.27405739047379019
0.50770114783977349
0.31009474263943881
0.43548164846280640
0.30516719150202232
0.46185590546605454
0.30908192911019933
0.46139356914072327
0.28650339353218091
0.47396187368568277
0.27700399575463658
0.48141062926180289
0.29560608387955051
0.42815305760149253
0.31197876847649603
0.45502388338094446
0.29554754177548304
0.46419947870070621
0.32469606668532519
0.50978699345561018
0.28684515197737870
0.47061738768543326
0.30188720660450391
0.42449583973834870
0.32857672463207954
0.52743769009031571
0.27517342986981996
0.42278103964143410
0.32530243566328793
0.44438806336864767
0.33315594400746951
0.42542953181627513
0.31562438449460245
0.44786317297668737
0.33045186918412667
0.45190954909205588
0.29247741366111446
0.46904327363114023
0.30446539193811062
0.48658037135403787
0.32270166151302937
0.46850403637144178
0.29298155010540938
0.45971919058905153
0.29027812301490336
0.46147831530205347
0.30540756759793236
0.39665232420677476
0.33089679447645887
0.45248268073194042
0.32370162502130090
0.47967739514738189
0.31261273074351847
0.45786361044170992
0.28637155071331477
0.45232623968955510
0.31627828128019841
0.45372380542419299
0.30373757855293265
0.46845410749536348
0.30347144288624139
0.47035263535387362
0.32758011945010285
0.48873978575525284
0.31626374273852903
0.46616870282525941
0.32747100385425099
0.46067383350505881
0.32607745207992611
0.47682148456174694
0.32286920217128906
0.46346994273854786
0.30950598542475810
0.47486228240201567
0.31930805754482849
0.44856470206655730
0.28857316567555813
0.43855597697979376
0.32281260785853938
0.49884909748412021
0.31830863162171802
0.49434018786592959
0.29564384528028426
0.46722259924021226
0.29781389149553772
0.44752635848564948
0.29372634291721439
0.51757413744076330
0.28837641649379525
0.45062746727935254
0.29158950790230548
0.46712210095341350
0.30297269978174346
0.46395298660493867
0.30848071386063836
0.45011360498596609
0.30052825559809765
0.48492464388106971
0.31304841997082100
0.46449028021775163
0.29177725303257890
0.46643240013362280
0.30868886763112541
0.45669671200594086
0.28036576071692321
0.47204622049128853
0.31312933779230345
0.47458828630966998
0.32692476480899491
0.44551730055840755
0.33255900953037099
0.45381686425129697
0.29463159010861228
0.49130726352908272
0.32457861406299204
0.46591708122361614
0.29961921299067795
0.49915146861847376
0.28500767195349830
0.46793337256081641
0.29182072605904902
0.48757828986622265
0.29997173646122599
0.46787438355901817
0.28560345918290586
0.40067717529571023
0.33231467216301869
0.44434760838575688
0.31641178950283622
0.44679610247741797
0.33708575854781325
0.43303794395451889
0.31991272226791134
0.50872419093697163
0.31737128445467960
0.47852728125745275
0.33845613875390423
0.47335561943024262
0.32339654128966577
0.43811301360288496
0.32585342540281426
0.46460541788005166
0.32135814348879344
0.47435052230924518
0.31648169785524982
0.46716600551834120
0.30172414030330980
0.40808513088590614
0.33052690455755851
0.46314286923688247
0.29955423815640919
0.46856106583623869
0.31016268568508226
0.47275582460125715
0.30417882849058508
0.46483346577546780
0.30780020727550256
0.51938389102606064
0.27360790257981787
0.49468976334501813
0.29154582429394715
0.43208477638846643
0.32557834185746648
0.47989438529507278
0.32155861873998598
0.46187648474871551
0.32225319836599997
0.47733007964193697
0.28330252213257512
0.45942379733671485
0.30362256134751775
0.46819609982337823
0.33084004152112712
0.47142853225503956
0.29323286624161138
0.44921324512842725
0.32020656015291754
0.43499073183400899
0.31511436976100354
0.51072070217240761
0.27195769196161074
0.47247169918146281
0.32121472218361891
0.44339411455604105
0.29540463113136173
0.49693658369755433
0.32253009463407101
0.45154287651706704
0.34062439687684204
0.47263084509074882
0.32208596214479107
0.44483703504230065
0.33857772059500579
0.44510321830007055
0.33081040892496782
0.44259582294923583
0.32893135801865225
0.45380758286286699
0.27587670761448135
0.43514613463571300
0.29890167326844513
0.44161542736097570
0.33039809431750511
0.48955510796125001
0.33436821735843286
0.47383888387261430
0.30595723571128947
0.46014306822373607
0.30906565409980274
0.43891999176065932
0.30025704764755323
0.45029958842292500
0.30127827138766972
0.45162697205881092
0.32903754665571971
0.47540883410110718
0.31365193296475136
0.45052641152657957
0.29219808766593136
0.45361030010579728
0.32386418335612710
0.42834163448416379
0.31417261498272531
0.46217372526580436
0.32410671317409978
0.47783968565954227
0.26512653651703322
0.41365424972779696
0.31840816606184424
0.45549721516289149
0.29220665065678508
0.44604825991235075
0.30572131644116540
0.48493610932421877
0.29694264523627711
0.44158835026610593
0.31589207292512117
0.46282251700698618
0.30979801563778769
0.47120417005562465
0.31028968267982504
0.47835943772087630
0.33677055132267336
0.44580644418677917
0.29374643211752199
0.47938159095595217
0.30912987364202887
0.44427978366644999
0.29996412593037358
0.48954659963919317
0.32111530035225055
0.46258737564460961
0.27353321967467481
0.45929623147738069
0.29003664322069284
0.46962038879997570
0.30847934952297557
0.46304362476212862
0.30749869606459412
0.44096732569086539
0.32028952091940760
0.48823324265141699
0.32722420444451361
0.49299200054817327
0.31852302195140869
0.47049354396406556
0.30621991386565600
0.47218016290409859
0.29827701048707406
0.44846468893559283
0.31049063252204961
0.42691228645887791
0.32473680479406158
0.43909601499102136
0.33492316930416410
0.46184787264524496
0.30912296199456918
0.47480886836898700
0.32490007145412458
0.45660540087197499
0.29178094007594080
0.47109952835363850
0.31351143593613912
0.46766942091370367
0.30120255093002046
0.44104016767562743
0.31054300009941405
0.44618392634412213
0.32923643025814731
0.46523215118945477
0.30799393955992432
0.43934065441753156
0.32424199260535280
0.46077859801112664
0.32607127784713902
0.44625984334123292
0.33452307209646243
0.46811045094229714
0.30419152727934229
0.43986973410043390
0.31162604423339790
0.46403658887939736
0.30664687094278820
0.51201641704283984
0.26482589948698193
0.45747544662742773
0.28403578516822175
0.45464773244835255
0.29391610625656495
0.47222077452214406
0.29859939007562408
0.44989010818993314
0.29552956429417598
0.44744397663568558
0.32528863620004506
0.49350769060160926
0.32417454271720986
0.47465727110574712
0.31934248797580961
0.46730886429350060
0.33220359857304815
0.44885431807043030
0.29420941951242213
0.47975414493584956
0.31607963465654060
0.45041126076399546
0.31659819664588301
0.47620704885966553
0.31690834147675373
0.49051339065238120
0.33032184091928912
0.43914262469127502
0.30531816871095119
0.43121532674609092
0.30694305614989764
0.46181303250339339
0.29516198956615092
0.47996352943134107
0.27056307103692628
0.47038198921120139
0.32895111871223576
0.46263378372728448
0.30680324916339952
0.44650239935978842
0.31691729810339520
0.44919509184247419
0.32579425354777952
0.48335368303000292
0.33433595963204926
0.46498088022355683
0.29587441299622375
0.50898468045629219
0.27251309469123408
0.45397762191962499
0.29648111905360253
0.46304818263949077
0.32427240370222477
0.46653395163916433
0.29735277118543346
0.42837683502202833
0.33048032680137918
0.46274026174737942
0.30985230187479063
0.43109154152701062
0.31964337978218099
0.46027390455147160
0.27650232804186786
0.44616231579788285
0.33849066632678659
0.45718656679769420
0.27661731544524715
0.47500143297284680
0.33433820938776831
0.46254488900043933
0.30155754640722787
0.45490886324453783
0.32048846821315069
0.51471899211634509
0.29486961968552977
0.46905604321208394
0.30013518128376221
0.45364309378754780
0.30202317360879904
0.44629712616416573
0.31746396942346811
0.45900228266702925
0.32919701873161211
0.45686872526133615
0.28488925360167311
0.47042395151960925
0.31049160894815436
0.51682649212542064
0.26858381631983252
0.40178752119313010
0.33166639599505565
0.43824712203580057
0.30220693219665473
0.44108496092447097
0.33620481908314526
0.49148337471712544
0.26970849400477903
0.43442695089894523
0.30264316850762268
0.47780174626215832
0.31207371479095486
0.47199269887779632
0.30977327376782327
0.46933758311235618
0.30006481351242165
0.44665065574317808
0.31513554058835996
0.48442281521961073
0.30289650060632489
0.53730899118259057
0.28138566117462133
0.46270462051247851
0.27872514589100894
0.50957526365494710
0.30447438403737798
0.43716213806629045
0.32893603666249432
0.45444394089637319
0.30548084457246250
0.47017113732190602
0.30057999052711692
0.45300265049604505
0.29857429353757725
0.47454199151838039
0.30781994101682092
0.46727683854488455
0.29436234423166230
0.49373017930285712
0.32182823150769024
0.45361540289087909
0.30103401540762409
0.46555096556337289
0.30809105064197534
0.46539131392810468
0.30192778837481105
0.50474623036375621
0.32694614996856419
0.46499697297213022
0.28011594270463025
0.44860246055895847
0.33395297671966473
0.46402895261164484
0.30853647014402796
0.47201533935117668
0.30613523500889189
0.46735825511913637
0.29889576168191739
0.47280624599241239
0.33081645433621965
0.46489283909267398
0.31023143237796852
0.46824909274264109
0.29109250102417666
0.52049196684958221
0.29157787118937306
0.42198660314466707
0.32023816227070057
0.44608076261133539
0.33591589802575594
0.47467453810854671
0.31915988699956943
0.46703899078912048
0.29887784000086959
0.47193562117146853
0.30223630101870086
0.46566940937165752
0.31178338373691461
0.46528056390071193
0.29164768955962272
0.46071964139165555
0.32869225267628976
0.48618851273195701
0.32634181472377066
0.49346461585182505
0.32345600513242945
0.45052716129036841
0.31710295003052957
0.47056362978763444
0.32721589428384457
0.43519819772347496
0.23786754931933451
0.50888164502190514
0.26747312204271356
0.46685960108393970
0.32276266214299987
0.45634670238074726
0.32766127661255695
0.50024755852614966
0.31542417620724378
0.42504818602786965
0.33891637596532553
0.47998748698565047
0.29147035690246476
0.45908378420836765
0.32160181710702590
0.50991180411640313
0.30903097351492281
0.45088132909619399
0.28511667978115829
0.48940025358775824
0.33321040859277917
0.46522520801635642
0.30687237240078952
0.46379264846184881
0.32848328562648449
0.47615397545127880
0.30904944072601487
0.47702525742008478
0.27057136042341079
0.50282935155297770
0.28839862516979531
0.46891682393132789
0.29108848617019134
0.45535827741716067
0.32726112414189096
0.47300569189430169
0.33075710495600819
0.45085955596004212
0.29219614113699166
0.47648376476879511
0.32588529668728172
0.44927896545227264
0.33766089484851064
0.45226137871428301
0.29966648127906265
0.45379325381186070
0.28742942454256215
0.47783497445484913
0.32360884303588033
0.44702102680700584
0.32254817166984884
0.50607183452501936
0.29424336025428521
0.47969170021175223
0.33856201739345815
0.49302794691504576
0.26575608668262146
0.50111948105779391
0.32868642628866385
0.47191867016912148
0.32670999513841215
0.45564122948788954
0.29539218821442675
0.46732510865752425
0.30702679212138861
0.45674760688568422
0.32554346682224738
0.43581238899547081
0.31327059562756149
0.47366929844610300
0.30546976645485108
0.46803735833908261
0.31054035795387180
0.46829521200683927
0.30544187466282857
0.44629033537321461
0.31455882087810838
0.50591459197165611
0.32287378638116809
0.46500754217074325
0.33094676712493465
0.47371029753085425
0.31048267881418512
0.46043307448852400
0.30777307460865916
0.47834314872799100
0.32887194547259718
0.51423331794159932
0.29633326794889558
0.46979109784856310
0.29991675650808741
0.45949748423732467
0.29991174335974108
0.45876299739168919
0.30057914907374139
0.44911210995854772
0.32201852891687810
0.48135726851863703
0.31041088715777082
0.45830090783310296
0.32769890627836168
0.46566758494480265
0.31054619164775921
0.47270378165012550
0.30468609703615590
0.51226672844285226
0.27905773231684383
0.45306840357925982
0.31400400343412249
0.51443196286562298
0.28771596768407992
0.50386818135240274
0.32581165720843147
0.47372265308789752
0.28001963331561847
0.45340453027130012
0.31771028736819495
0.46744280017591400
0.32704721692819683
0.46215435457313564
0.27612992026272326
0.43342078459036937
0.31283900576399737
0.48170979676052517
0.29989018991337135
0.46923123371142356
0.32390111745521122
0.47496732484116322
0.29278599877523981
0.44795593343705148
0.29869403728145000
0.44514259724070837
0.30546174780316959
0.46941809245691191
0.30051196282540926
0.46313437647872163
0.29202990857459921
0.44856812565220894
0.29266389816633637
0.47809606450452957
0.30888674883350170
0.46354414914640107
0.29260012767043286
0.50603890725466760
0.27304172912237762
0.43496169053317546
0.31432481381563748
0.50947248715450411
0.30204195037270254
0.48126532962565843
0.32547173626879683
0.44598738264453941
0.30949563382135337
0.44807823940314406
0.29736652096853550
0.45570356621403707
0.29979756800681634
0.46057450734058214
0.29874062723772865
0.47391871536001995
0.30447836360158825
0.45057921598158379
0.32367118949648127
0.46562392775118339
0.33106754653004000
0.46661005059583699
0.28915821890364202
0.47385541855729507
0.33090108533143986
0.46990432577953711
0.30678867834396895
0.44084126353431102
0.30671175395490036
0.49881489985921501
0.27806288388929462
0.46905510653418625
0.32883372052872201
0.46867823676620279
0.32436798442045489
0.47396872837098891
0.28938905005612692
0.47068080009165097
0.33323095848231366
0.48650151520573459
0.33016489927559300
0.48614291203399418
0.26753610368368486
0.43623250374711109
0.33804163535402504
0.47271749042056888
0.30889473475713708
0.46199666029228548
0.29556435997629610
0.45728596921940590
0.33685750139249554
0.46791310269060055
0.32974469285251573
0.47160455907543436
0.30062967591094875
0.47486129906866414
0.32054829123264872
0.45131463724511506
0.30181119567698450
0.47013913743986191
0.32476045858312164
0.47773537602150412
0.30985406293030676
0.47979150954036870
0.33016532393737436
0.46984598604971950
0.30809445691518778
0.44829020326573166
0.31244236864086800
0.46955941178450256
0.32460095251576238
0.44244164593588520
0.30235792533595390
0.45408834144103105
0.32085650736302257
0.48206328152342021
0.27382205367519685
0.45236233748791793
0.32433642232210541
0.47294352274112111
0.31767758043833361
0.47273720392005120
0.32822289136822946
0.41572664367415141
0.33113519921185575
0.45472222787913052
0.31972747979587290
0.44489182649995729
0.30481486200457381
0.46893360547865720
0.30780241774837291
0.44869859516154587
0.29934987902638366
0.46445258320241195
0.30255654699512108
0.47350501463666006
0.30796921799395049
0.46028053240277433
0.28845379451110786
0.47889722642336502
0.29222216543165297
0.45016819097252808
0.33911000462708651
0.44420118621746818
0.31568027230865614
0.44597933344932916
0.31642641373179770
0.47517072502826213
0.30594865094194412
0.43082880093393766
0.31629680239544633
0.44314555441909487
0.30745350060825977
0.48193359532051128
0.33417724384513064
0.48196750031491153
0.30868173303550206
0.45471029998332474
0.30759368685486177
0.47131321257918779
0.30811832237960596
0.48633401362777462
0.31290795731972504
0.45770246056081731
0.29294854282153115
0.47342587452802498
0.30361102351953856
0.46981289537131604
0.30407730970231062
0.45480544345107105
0.30508552399553235
0.45856548449627438
0.28834231770569663
0.44242904067492028
0.30069146616127979
0.45546428086450441
0.30638213996588570
0.43137633445821438
0.30173359205688915
0.45969104448055964
0.29669936764041049
0.47002752789511687
0.30067168799899979
0.47523035901486993
0.29019364369960005
0.45119069355074526
0.32185658938992212
0.43026310046366045
0.31847456667361645
0.44618076327324030
0.30665978655077453
0.44811041395749540
0.30230050019662424
0.46423833903915868
0.33684391781098466
0.48762516813295181
0.30669480778124247
0.47331945684243548
0.31288530073333209
0.47255659884960188
0.30751225923160358
0.50162763089507700
0.29623313702413451
0.47228719110228751
0.32389615377358894
0.44505257234164364
0.30943969172966446
0.45188336003337265
0.30186270095221629
0.47614073330843365
0.31245006105543477
0.46962766965662273
0.31320490849140992
0.46268705560511536
0.29856802452455772
0.45336487380315754
0.33029465691411708
0.48559748476653497
0.31895678100931735
0.45650518014486835
0.28990066729672692
0.51371325112663424
0.28438937604816295
0.45508416397274537
0.29141436819420086
0.46463448719751260
0.31146284825272941
0.47284374538746804
0.31353935885316481
0.45200281416895727
0.28903850105551099
0.47793754975229213
0.32234718122876060
0.51096077148693997
0.30971752841075290
0.44634950537609119
0.30482542798255069
0.47153414566358987
0.30913851239327017
0.47471743838513064
0.30698898316921885
0.47575077607467769
0.30935362236298897
0.43767467766385926
0.31285169931888324
0.45037330083845434
0.30172148135212851
0.47004147456549622
0.31508988917287151
0.47520740851900173
0.32934567953583160
0.47186222101618330
0.33060619955517612
0.43715843259045517
0.31445927311618405
0.46003867511629959
0.33398677596566168
0.45811429752326588
0.30103139627508846
0.47054678584588605
0.33921537823419956
0.47828711273042096
0.31499770137960620
0.46480510139713543
0.30373643646645870
0.48247792205304879
0.32530630301062080
0.48048762325721273
0.28936496335141426
0.43583520721777436
0.30692005332442646
0.47517396719413102
0.31550142876141041
0.49098208552031203
0.28452317196516186
0.48924777854204704
0.33140925583938635
0.47728258513480076
0.33499441089767423
0.45715831602076185
0.32781100101382504
0.44964961921054969
0.31932730979990454
0.51845061838519868
0.29808995961512669
0.47281453191347123
0.33309773041682172
0.46504627698399381
0.33835456096748384
0.48188737240259699
0.32233717818638380
0.46699959259966117
0.31060874340236994
0.46701201850199647
0.31509427463909739
0.46214561848512886
0.32885549313706275
0.43490813829355351
0.30538012777051898
0.50566789232052156
0.30205731299082506
0.45533619353931876
0.32921475392260846
0.48799166117596093
0.30917876024485758
0.46809046928236675
0.29365051147833676
0.44491888162164500
0.31904319144029675
0.47672249847583464
0.32467715911704798
0.46587870897280492
0.32862615931071820
0.45771525700226479
0.29329791447977305
0.45197291860340111
0.32562218334730897
0.51617419727173786
0.28302940279818956
0.44699633764887925
0.30791635255894079
0.51084219931252850
0.28203189583730748
0.47185781622415107
0.30343473390700182
0.46646431520621340
0.32632395061405040
0.46631872160979115
0.33078224215474988
0.47763945163175275
0.31339579778948862
0.47242839464465636
0.33375553109915745
0.44917558090398774
0.32423251177319168
0.46940732923617406
0.33080022406362158
0.46946513398476980
0.32760279625357142
0.47001989831385427
0.31231875950793053
0.44692733956997532
0.30772116257898979
0.45061430349979703
0.29668515122381245
0.44199757073137991
0.31644700931017616
0.44236162685164787
0.30757001361190350
0.46743648388256714
0.29864586435725776
0.50377696578535991
0.32005624736839816
0.46308442363063990
0.29582541622063135
0.44126596577677235
0.31465149038232465
0.47536243958899371
0.32254924061803503
0.44301150502669351
0.30189196108962918
0.45348439002572122
0.32799391234426339
0.43505414374659390
0.31686945839762254
0.47853132931175274
0.33728253077513320
0.47317630462582944
0.30934422223587876
0.47825600354290443
0.30661075389752612
0.47299727300648520
0.29976653211142279
0.48242182978399473
0.32670721947885412
0.45913557127513727
0.32690826124245148
0.46079892399600758
0.27887246709574043
0.45188519276581685
0.29149498933089008
0.47330684201626855
0.31984806832366308
0.46797115504745956
0.29784726920177440
0.47737245388278443
0.30307350513221998
0.44622236789930453
0.30889818266716956
0.44867409476306641
0.30048091214573980
0.45494978210532178
0.28166761152875652
0.44598789959803053
0.32585066089377174
0.43726258916690863
0.29766495913124086
0.51322778449453599
0.29691700209685812
0.45761822669271701
0.30096806556653333
0.46775926779807581
0.32773158036560884
0.46791934935281115
0.32040812606651503
0.47961860596529787
0.32612204751817869
0.47119196936552288
0.30703431682243165
0.47478619018413121
0.31971092773955284
0.46905092653801367
0.30616436998377061
0.43530413268262091
0.30981345188232684
0.46134014824953357
0.29203369144502939
0.47734969800907334
0.31083150927858860
0.47018046967693361
0.30514162348000284
0.45565735714558214
0.32629594805206907
0.49709077754429798
0.30591910160957930
0.46418858293352705
0.30998815576116900
0.47244330454363653
0.30848936819646838
0.47112583155523435
0.30531997052220072
0.47590851369338544
0.32348547360474844
0.48923334006670394
0.26623813033602473
0.49153625590278088
0.27021579821966762
0.48053282119180479
0.27311302179133395
0.46356371494541221
0.30113452323436313
0.45551673005190402
0.29433305741169374
0.46833755741265998
0.30417476082949885
0.47269216427321559
0.31232145176085535
0.47982480636695407
0.27135533195324318
0.49554733710762461
0.32809722866032087
0.45047693929310711
0.32629084723221158
0.45893096767476943
0.32453208977807063
0.46926464550481806
0.29820213333124368
0.46606075712771117
0.29477774999327272
0.44804566093481824
0.30535086856007743
0.47290963758437987
0.32585453751134219
0.49713519273488438
0.33662493102041424
0.45631399669553485
0.33775342744167114
0.49840426377612412
0.31892314907249686
0.46345483483007310
0.31183398200433216
0.46232584050169406
0.30088077672068658
0.47673941835913280
0.32805360941590911
0.47668556260289746
0.27055676658216710
0.47497044531543575
0.32957324739300364
0.46403438926761015
0.33016362112023734
0.49911305700719893
0.32856597791239350
0.45620760502495933
0.32898758246442006
0.47108790502458220
0.33369383894297017
0.46763428107640881
0.32895503901604717
0.50597390223865135
0.31921090169021710
0.47811170295626926
0.31564667118404338
0.48867696237131125
0.30105606490884890
0.46482450251113105
0.29478622097821661
0.46900493810961019
0.30594318319861741
0.46894470158307411
0.30634860217201321
0.47980682221742516
0.27212894695452999
0.46180135357399343
0.33314800276908429
0.47658624933261340
0.30455173304518973
0.47201067388227225
0.32458307720309576
0.45576653021843594
0.28488927473066666
0.45364837546675107
0.31855336734758821
0.48266930162830579
0.26817698178417526
0.45211208220688609
0.30663393752725804
0.46945186147065004
0.30736323026573559
0.44629039475288035
0.30520805622568897
0.48564243004280305
0.32484074864442941
0.47123702265449724
0.31257105598576035
0.47642489253557613
0.32769840949218954
0.51329218293106071
0.27957345618535789
0.47266151705036702
0.30604882801921773
0.47373243539397436
0.30638707361681194
0.45236400840319846
0.32616998942024922
0.48480769776298749
0.30330384485588247
0.45002116197644526
0.32894773190906912
0.44894946318128653
0.30282023727072710
0.47104475899736520
0.31142552398671669
0.41920830836903933
0.32905378744505576
0.46306542368963061
0.33502416856745082
0.47082280972131119
0.30647356979761320
0.44506921475833822
0.32310809621081260
