0.88875540244605722
0.59875674727612482
0.79232457471213502
0.38509533703158894
0.64442613655193237
-0.03015440093460529
0.70859093113186944
0.12506775081146637
0.86128633421570766
-0.14552702136207996
1.07457312748695233
-0.11228025165654523
1.12062239134811592
0.20731694728182323
0.98979655961391189
0.25970317374564650
0.91640211271878003
0.40514620187391093
0.71469927954964929
0.61536349204665353
0.23080431765214940
-0.24992096999913974
0.84453189886829250
0.56512159048649757
0.34398103856605455
0.00558686700626328
0.41991734257101149
0.13630711008900370
0.45338247577728907
0.19283798789051387
-0.03984789771199236
0.53071333682835109
0.26022321737632748
0.72068821735635424
0.19311191732224389
0.19652693858457571
-0.08983157870619814
0.21734802237347894
0.16557252791584159
0.23032188059374892
-0.01788572100953189
0.46431906788013483
0.21321359588864583
0.68160879780026473
0.55894858843370887
0.86961224677106730
0.40777359492935805
0.70713015725991668
0.48297971182502042
0.89186521996727797
0.17821202736509364
0.88382851570639609
0.03830542103007147
1.15489900055490402
0.13488321487554955
1.11237417051240350
0.09094590438445249
0.86099822673287441
0.40376842834189153
0.90184634527240370
0.08110384900001442
0.98341379505004844
0.52018296267884945
1.00989648729112003
0.30918762958138551
1.06334976447763752
0.46037782882837208
0.67934950591099807
0.20080903596121771
0.84728999016220530
0.50640303299703504
0.99511823758609574
0.45910724255199742
1.26418849448888926
0.34194602826546339
1.05578678941582660
0.40077567148262128
0.89941381589857461
0.39332820840459437
0.89386997546468716
0.84426936402111685
0.01297412152681573
0.24423721498498940
0.76286979297302859
0.85719846145910894
0.63890357433249167
0.46893192891171842
0.83747795734994190
0.72213986921747053
0.70892277961534955
0.46092348883607404
0.72423714140189299
0.49921621913499314
0.33889482201678828
0.58534095149451870
0.11579787619410914
0.56240502403602355
0.24026373192628714
0.26917494797553565
0.27364483168378456
0.33871001852350585
0.41605501597659655
-0.08945772098847138
0.44788941889027539
0.12069162474094322
0.47030793436476021
0.11621113960144608
0.55783445792268294
0.45968675613560944
0.55148449635168362
0.79871603346654929
0.77397036588748036
0.56705184826235477
0.71240364419358881
0.99625911914036280
0.92836968798289798
0.98388438197540962
0.60077178199618553
0.75769075272681363
0.73384899443056395
0.77937891299085804
0.67551814690114109
0.30714723129770782
0.85272059564178115
0.61597039147488408
0.55633653224265434
0.28028434225275750
0.53168572839044181
0.40883870342080575
0.40252952835513667
0.42368386453103479
0.62812666060646616
0.36568591184998511
0.59736500589164843
0.04627818299423600
0.66314915045352441
0.09026649196372355
0.63391817330331957
0.27903311147001275
0.55823965514550322
0.21320647223045386
0.36738819271393525
-0.17466061157321261
0.29265936253400515
0.07923827856955354
0.37747747879209059
0.47428717040100055
0.53574629990770495
0.23662452002749826
0.37988772866936560
-0.04036452023544614
0.08024441641110344
0.32092389658067322
0.18671402588458008
0.19097272963304335
-0.00402930378236793
0.25397720179023658
0.03418710006227543
0.43641494753809218
0.08659979379335284
0.74287404998621476
0.26734493788979408
0.40802436065118891
0.42500406868175711
0.53635902674071889
0.39077719428116131
0.80338091864976580
0.24840801758393261
0.62816691848139872
0.00273748212053466
0.75223845094738662
0.52452091168698800
0.59123424624515053
-0.21524329600598521
0.30966916768505964
0.50296852125894931
0.37300501195469798
-0.07999160824516077
0.33195681548957795
0.09930078835535573
0.27008480834616028
0.06665269689484822
0.87241931724741306
-0.05135192795973013
0.87481384689411490
0.17915789609123356
0.98461031989415926
0.43333768032905440
0.81868389595140278
0.59604667504119280
0.87760599138758111
0.32882972336282534
0.88514622120789133
0.43763807639656660
0.68683252231866609
0.32640788624760697
0.78841576890218756
0.42802404482402462
0.69257987293557655
0.44975601634962337
