-0.23429444641740940
1.32950990796676805
-0.12817797424637753
1.22573795555059384
-0.07126568435316490
1.13520101814058427
0.06202296128060282
0.97776896663135315
0.19113082098111300
0.79346643016867613
0.40706098048482109
0.52078380398461688
0.46180574359735066
0.46521263299243992
0.62064377008888227
0.36805903251296035
0.71967310601439971
0.29304280224172985
0.88749395883083726
0.23594050644496481
0.99345969150018243
0.26529771246167921
1.18888402929815062
0.43666286985075198
1.24636165120098252
0.56642508192443197
1.21736898689328865
0.83988550343515778
1.11906557543723606
0.98722250496362818
0.91069370765933799
1.12578228832030502
0.73752987674731241
1.17923898387784765
0.51346954391244592
1.10801891630573324
0.34459360895552915
1.00655030370992526
0.16645386564544762
0.82120666142974064
0.08693954794072675
0.63353163898576914
0.05819816801055964
0.36530847504453023
0.05419509689648210
0.16682799127180231
0.07527414263977400
-0.05881902486642965
0.12604491343484961
-0.18672770501763239
0.21754064586984789
-0.43040828778928786
0.25790682388837805
-0.45940892253879417
0.23959628959418899
-0.56152102002217319
0.16873896485962342
-0.49438286045155794
0.14572651099347114
-0.54876169929512975
0.05743274344626763
-0.47360454953445374
0.04939356866738767
-0.49296679478355376
-0.03138116343204030
-0.37978891526546565
-0.01584762974069194
-0.19805154338583239
-0.03647637814137847
-0.08074700089827347
-0.04039324881086150
0.10787963100991990
-0.05285887982264625
0.20231603165890455
-0.08738608973022061
0.39732037611655457
-0.13139173096559831
0.47883768833330653
-0.19150923755809490
0.67282638135527828
-0.24436717276426162
0.70915237241612861
-0.35486594080800621
0.88255873757592307
-0.40048940876422756
0.91238855749835168
-0.53841644680572420
1.02481032855966880
-0.20265176010209185
1.25329250649615687
-0.15919950575702513
1.21883898497616494
-0.05166370511558464
1.04804993924684342
0.01842848575547462
0.96224477552890941
0.16092363195970963
0.75981973659527746
0.30448203035297239
0.59627264804648583
0.46967255303834549
0.43457919669039891
0.60061304209991806
0.33866273840271566
0.76536777970892333
0.23291601608714149
0.84409461417700016
0.20269267790938178
1.09715455344040080
0.29649879402305557
1.21425320112006330
0.40399868737155509
1.29739680268581448
0.66734404155325178
1.27042325790352240
0.76365510835735584
1.11850525013530477
0.94686040265969573
0.94112585668426618
1.06002028007864801
0.69193254571249529
1.11909437876534956
0.52470992309039788
1.07294476243113102
0.32935424296369442
0.93642781780559181
0.25092670881973533
0.80462011308206438
0.17573068719290694
0.58346161605615621
0.15067902836486319
0.38722443975790138
0.14058091071063400
0.13194792509665720
0.17657057521364286
-0.02256682284415956
0.22591366247833533
-0.22744156356495199
0.27775463393314914
-0.28463132611575059
0.30131062721475588
-0.47087873672509672
0.25199036665714142
-0.42420619799370590
0.19728191970657211
-0.48220614329483824
0.10649539899471744
-0.39953888668430265
0.08630504416243426
-0.43145488584525782
-0.00104792698585719
-0.32773226820207513
0.01498448318857686
-0.23382286892588305
0.01090076835631266
-0.11653346477383963
0.01145005846271724
0.07824489514364553
0.00864788202817553
0.22578698220199617
0.00229615117778330
0.43668753681861144
-0.04400876982867366
0.47980290028299910
-0.09909085282863864
0.64693603640423791
-0.13276690996194451
0.66642404625308593
-0.23088894346313274
0.83505315385245005
-0.27105567167618816
0.86017211595267429
-0.42530233831617342
0.96545627611480989
-0.42529648239442747
0.92149620941279498
-0.26634422224002519
1.23050380485888478
-0.19911394555688772
1.11190108653139985
-0.16008131533865991
1.08342051614502477
-0.01788971865235333
0.89319515752660961
0.10109424102613880
0.73002971469765598
0.29597647174432778
0.50094324021789394
0.41558189751387620
0.41175744126882208
0.58874111228946624
0.28264576423425836
0.68621078187736462
0.21544710004359591
0.90065849890596272
0.13911661929346208
1.03228939813634635
0.09231027197578789
1.21951758341093996
0.28438028892926870
1.30537869994038069
0.44106988296062688
1.30381482381911051
0.63820904316859395
1.18993045007538512
0.82045704236217409
0.95658624445155882
1.02862302955079654
0.82214663450383862
1.08677650784816238
0.60483653588605113
1.06938717634677882
0.49968157507239069
0.98529400024409275
0.36940633398602996
0.80713658813434341
0.30909694192143961
0.64517338817105663
0.26657340272774771
0.40485511101579774
0.26944789991587320
0.21970428845079842
0.29769445983811194
0.00989668724385155
0.32588507384890075
-0.13410238787445042
0.35977723959811997
-0.27757174163467557
0.36045038185050565
-0.32751316600735725
0.27233295692814913
-0.41360747435176526
0.16103583886007838
-0.33255672742107056
0.13273820927452934
-0.36618285873710149
0.07299622366776648
-0.26960903363558147
0.04952795358458279
-0.27927284286957316
0.03897899430066638
-0.14635556274623285
0.06430293955215563
0.07679070549211012
0.06304530370627259
0.18009129569437360
0.08623512118252670
0.41131685905248644
0.06568020735807104
0.48849538247489516
0.01830910020023457
0.64304728865852201
-0.04511240504878394
0.63940345732826975
-0.07793503696718075
0.77309411183392773
-0.09381901100447851
0.81818528463504625
-0.26336738161016110
0.91275562491979689
-0.28987228784170282
0.88882215242544094
-0.38935086658535056
0.90347311607674374
-0.32788648572069901
1.24041959538662949
-0.30844061355205660
1.13191998708465369
-0.26829649118207050
1.08186866272711146
-0.10483853190508352
0.88933262675775526
0.01684835085137970
0.74506160746570349
0.18123009699711662
0.55637525004037358
0.35231990200983909
0.41191898897211654
0.64000580864354017
0.22169604127497311
0.74381518665175350
0.16161809662415511
0.95690660033341657
0.10921265815108291
1.10154276365921056
0.12093612121798925
1.29609300551730167
0.16236544566209782
1.34847872217539888
0.35570674933020363
1.38104389918107673
0.46290881532354355
1.27422520721741850
0.73046917406793255
1.11520880857848659
0.91422276392530843
0.88827789442157845
1.06518058825124817
0.77706917339250803
1.07412450361895728
0.63322110911148577
1.01461575008327176
0.54406132089645054
0.85910374296163550
0.45093936786737876
0.65487298012828166
0.45052740189449159
0.48518404188724651
0.42263768431375925
0.29888777085036644
0.43473199630761117
0.12946189773079392
0.42311280510638821
-0.06618181439006837
0.45526782665124421
-0.14568607944813422
0.37713042503395605
-0.31315022485708843
0.26456924691054129
-0.27720721538835053
0.18441798229000941
-0.29513951885640316
0.09083011064939281
-0.19165648006001040
0.08079989980812775
-0.21358473801523298
0.07010658574046802
-0.09079953792132860
0.07873805594743416
-0.03280093940834510
0.12025587837641216
0.21222142841774938
0.11507264940329079
0.28121777216696808
0.13712706211783793
0.43375016863387017
0.16578220819322642
0.63352131083060637
0.07939307418332475
0.64027756775516431
0.07079705034452771
0.75106648240257623
-0.03045789394482402
0.77417722473099171
-0.05343221108747184
0.87172016441036160
-0.09580522818280036
0.87532368902615965
-0.24931624859847318
0.85911469771669036
-0.21072039198476200
0.77769137703237301
-0.41129556478489171
1.01296923607796319
-0.37311406615419973
1.02476635425308715
-0.31543415728016605
0.91467108136535891
-0.24338973523149104
0.86854241802279986
-0.05674942914529833
0.69335796938821848
0.08443636609912082
0.55661355129795342
0.31564462538276650
0.39506501154663320
0.52010743844515162
0.26806987573206409
0.72527013621275094
0.18384628617813853
0.88162895887394321
0.15595253197849437
1.09222959957595056
0.15820735124864355
1.20245199171881523
0.22332536731881170
1.39289429652814456
0.30220842636078360
1.37502033964146708
0.51937729952588385
1.29819242652857936
0.73504797175941983
1.13280184940200201
0.97570155709333017
1.05177009200409133
1.05553814236128751
0.89893236315749692
1.09924028249678285
0.79495988413988095
1.05119779604962238
0.65610560468849544
0.92890879922618252
0.62254488404459485
0.77993179922915412
0.59814861743226211
0.57552353932806877
0.59013668651736662
0.43589890248110646
0.53166784817021251
0.17710956361879782
0.51204727676553141
0.02773202332253881
0.48702196952500915
-0.14602184257068829
0.37251177446730765
-0.17021424787879974
0.26279583757268765
-0.23280280345259666
0.12747488979246752
-0.12625525376396574
0.10204632092782000
-0.14201990773683090
0.05525339905083243
-0.01004460715181725
0.06020134925735809
0.01407050683109497
0.09102509470023031
0.16458747485433298
0.14751687048587075
0.26712615065474582
0.19468997911090266
0.46750220686511851
0.24152736778677672
0.60285802973017888
0.23249019590936598
0.65431859209520704
0.22636800087014505
0.77457346538773686
0.12342450220582363
0.77869878367171586
0.04612838616158250
0.87301992795663363
0.02664159073613269
0.92622564772837435
-0.02833693887678938
0.85226975478584743
-0.06864323889204565
0.78639143656263422
-0.14604464201504458
0.74485506771310561
-0.44556831146947817
0.84919400563060410
-0.41025337170572079
0.77135176391475579
-0.34916467707818744
0.74197211449514011
-0.25800232857131317
0.67219993416261592
-0.12037605258519787
0.60759479796671367
0.07291325230618192
0.48131778013490684
0.20545049888000411
0.41231489095264984
0.48100974406113323
0.28934343374610838
0.63464591487867417
0.24948167370854482
0.84025522866516900
0.22921167228684128
1.00192636874468133
0.23720077592523192
1.16279032004862004
0.27887818400242442
1.24255731151854376
0.38076130129380803
1.36342234779462657
0.47725870213666988
1.29225830630665350
0.69975312808980461
1.21648577028581850
0.85914720037817938
1.07853317663217774
1.06455795136028875
1.03450828518656701
1.11973125412477925
0.83116581030928172
1.11562719033793978
0.81400164512196227
0.94801077438413706
0.75592170769946598
0.84968901402129204
0.70497246169187966
0.66020542301666740
0.68320786204104678
0.51961833282655423
0.63829079422546486
0.26877754111578556
0.58904099905721941
0.11497644004343109
0.45402940756569943
-0.06864741982065892
0.37413205548256340
-0.11228614080276653
0.19177460821215966
-0.10586952924399282
0.10345203736719058
-0.03739354810013248
0.01527495485290772
0.10139979401916316
0.02685575904595640
0.09540048284011196
0.03772148141993507
0.23263927950532168
0.08084051921766236
0.32968718343031311
0.16940578314772728
0.52644236475813067
0.21843723406993149
0.56264563373922116
0.26015448790726037
0.66836158227116216
0.35228542491363518
0.83873394580260463
0.29393203981411248
0.84312656782742956
0.27038059346347226
0.90384181815397380
0.21845932997052103
0.96739743723476934
0.07074267942506175
0.89644906914489564
0.10847031559560619
0.82754004673233295
0.00876643776019173
0.75210415202657599
0.10057543477628561
0.65927408131313714
-0.45217561889162405
0.59765244454536970
-0.40874856845935581
0.56118223022897540
-0.33163830011570128
0.48230865582864879
-0.26000121930098691
0.50519872998779736
-0.10470665784526911
0.45113700445774219
0.00749876021632745
0.43123192862836801
0.24322969283346141
0.37845154437999939
0.38145400501836157
0.34635937157241953
0.55499388912348446
0.32113493678663840
0.70663422589473845
0.32022894935639135
0.91970013548199159
0.32431502662711692
1.03151217300075637
0.38573599773764200
1.17002527574577342
0.45043651194708190
1.18866007351726588
0.60694974098202670
1.19094246572301854
0.75222240787816563
1.09318874493590723
0.99152303084801419
1.08195027966667068
1.07267996724835513
0.97035224403245945
1.25529274390269152
0.92527365268099648
1.14906521564356834
0.84592827173521312
1.11425143022588968
0.79568702373206290
0.93429706731377049
0.76619157359049306
0.77361876591141709
0.71287142000572612
0.57872111053964848
0.67603937562194083
0.41222585175421250
0.57770557308299741
0.19237658287447978
0.47026382488659224
0.06549324369726381
0.29120688019194302
-0.03495405359089887
0.24042248317358453
-0.06335369196337992
0.05148847553073237
0.10544337149017033
-0.01192796448393361
0.20331871264891793
-0.03560071517449884
0.33000188897600496
-0.00011185311160278
0.38063148368530769
0.06158896698898812
0.52841445571893730
0.14413747189476359
0.63895523084527184
0.24921124491665961
0.80053099460019617
0.32563612647534584
0.91999157710669233
0.38851754087471513
0.91668137209082801
0.41288819412182731
0.99722919686251399
0.29983501492152337
0.99011993399539167
0.28171301891451184
0.96832424072022194
0.28158685634897507
0.90619910545895832
0.21549599996625551
0.80281896408952047
0.28228258147684437
0.69742194815409431
0.25662927545244235
0.63299780951407547
-0.44019238006438899
0.42703390252064344
-0.36944468751242476
0.30690177002266605
-0.31233480304961003
0.31750130508755237
-0.22611130708832186
0.27568342073682522
-0.17966436483757936
0.41028870307538040
0.01998359460597604
0.39944763934464678
0.12997476212411313
0.40622008132576970
0.30805435476459803
0.39522758565318705
0.43075896476740139
0.40031722910763995
0.62110612487874728
0.39382119392777715
0.76668446603419294
0.40190032274968240
0.93499671710142196
0.47513959723793542
0.99845004072144927
0.57301363383501480
1.05836248685480383
0.69695940993852690
0.98559889620247665
0.85548473915925449
0.97943013233630072
1.08536778797993505
0.97387108574021686
1.15377596577984431
0.90747291847250111
1.32178960737792361
0.84722468158334252
1.29098257983128395
0.79800306978411362
1.11356004892456117
0.76871754761001165
1.03508388547614594
0.72922827508767518
0.84629630563532177
0.68457922681384398
0.65714829705139510
0.61749555778046794
0.44710229451399430
0.53441078303926914
0.31933281453932616
0.39952030591778914
0.17188453368692103
0.29055171369631727
0.16153606689916197
0.07586295384898478
0.13376803389906880
-0.00309749720668092
0.20240433620785298
-0.12160819930556462
0.38777251004484109
-0.08754910356499886
0.44722218526487845
-0.06260232574755829
0.62641677633138826
0.01914131697531878
0.65762496379712931
0.12862328529668837
0.83533125105817885
0.21349711447782918
0.87030379069805697
0.33648749242784992
0.95926061390826589
0.42767917773596503
1.08172434798877770
0.41602179779969972
1.05237217881716871
0.39171373762304690
1.05413098113231873
0.40432405538467109
1.01017945403118636
0.36458637394712173
0.90646151042339929
0.46394266751779900
0.77165845191131643
0.48927681715192467
0.68857289054061144
0.54150462647733311
0.59347960383013321
-0.37840225020907131
0.18459888091223861
-0.33412730997151285
0.16102093530867506
-0.23219865307528037
0.06814914848837958
-0.19531836875022174
0.20248686375496217
-0.10918418051924916
0.27126742074142401
-0.03051705156965782
0.35395278905376504
0.17270504843693721
0.37681877747217274
0.22692334428919114
0.39923136528273306
0.36289957384090255
0.43322077713431245
0.46123758333829806
0.45486787466134365
0.66042090040458246
0.46129035707919785
0.75449302126170581
0.53357088223417559
0.87910757733208489
0.61938813113927083
0.81107878169643455
0.83741337333081023
0.89071421623273761
0.99706441038603155
0.84721766104317131
1.09616503506899443
0.82485819626090129
1.27485758325313436
0.81602105530897751
1.29930303341778530
0.83458855453057168
1.27142090754424086
0.72832596601031785
1.22733674874185494
0.68809448039558896
1.00466760320086523
0.65874370080587341
0.86197442260197110
0.57460975330533637
0.58132078589808112
0.52869100088541532
0.50545413800699968
0.42065344313313724
0.34915815710624076
0.31942859781848387
0.29402342563111034
0.17341739837463893
0.17625434680049384
0.04685075443547683
0.22740164996297335
-0.10626583367645588
0.19540511777493608
-0.11583172973003368
0.42169947563474053
-0.16518541397428682
0.54637256961128966
-0.12976868614573106
0.66081183117378417
-0.02561646736597774
0.82360004547506938
0.08426571885389683
0.94071853561246077
0.25544948802799139
1.11206742139294090
0.35590896291278096
1.08563774237538047
0.53075540486198625
1.15444593988400146
0.50428831013877651
1.13412736769570244
0.54927286109941598
1.10284057372523536
0.47458576564080690
0.98316535255685367
0.57540609039941937
0.86122992432257639
0.64906663611649473
0.74805206864991936
0.72915315138624592
0.63365009187043941
0.71257077631334120
0.56930644447170242
-0.30863084018290426
0.03077683480208696
-0.22853018185380544
-0.04226147226398107
-0.17685157434921683
0.00702408886184217
-0.07214070686088694
0.03941448456549558
-0.06000138633498863
0.19743464120982090
0.07135452224492525
0.24316740977926932
0.10760579581042824
0.32448465696572909
0.26377097818740092
0.33945488539752394
0.25795071026315264
0.40600195285503604
0.42348198566652839
0.45541255346866510
0.52731644335867223
0.48051382241819690
0.63641512854371407
0.52133565023271722
0.69280819757692735
0.68573757446713546
0.70669776354706171
0.77039463251663209
0.66703955407687943
0.90897130381338798
0.71497299878617737
1.10706676517027236
0.69853148689358535
1.16833819773801983
0.71711019435868761
1.32641830680189954
0.69288260850509920
1.30530229801055286
0.66516920849423355
1.19889438062634146
0.62642362000519480
1.10015809911483831
0.58008995927725027
0.78961877066094588
0.53590279908650285
0.71540014635717841
0.44525242188239822
0.56577690283013116
0.35544684137383920
0.51315306101405633
0.23696753241114341
0.38489879730382814
0.12241854908065535
0.35656615077205467
-0.00639156819934355
0.23084100186106160
-0.10315627079588190
0.27125583393212654
-0.18539643849603676
0.31226459863281752
-0.20751693780595332
0.53953862303709388
-0.18677411308491829
0.64508514027532304
-0.13416569156321734
0.79784994880801596
0.01861449163240996
0.95172411213025088
0.13569637675928442
1.05463755079584920
0.31661250108969041
1.11591004973397578
0.43806945031482120
1.14290617843735776
0.57942323394168871
1.14826067757338235
0.64211115553372822
1.04720177543616866
0.67198977289848638
0.94049152324670671
0.69651653563335825
0.82322288204836558
0.82009480903838172
0.69053442205335269
0.83319209572854047
0.60644461532607041
0.97362537314692554
0.49976720488183279
-0.14957369919630129
-0.20786555446799038
-0.11312562584108121
-0.19542386768806411
-0.02640430082850622
-0.17472894513708587
0.02857435844464892
-0.06172300430684937
0.13056468024995074
-0.00861957446294238
0.11508821592624374
0.18129538445976540
0.23096562385924355
0.19628418633692868
0.21800001473466010
0.31151835975162756
0.29210809151189493
0.33425350572854773
0.33767933046426968
0.47613011456406923
0.42895895742062129
0.42288168043780139
0.49660697996781628
0.50513017727762743
0.53845095421391953
0.59287981767684128
0.58212365274515077
0.74688834263777515
0.56162562883489686
0.84292720181233460
0.55044610427420859
0.92645895749622276
0.61564599561400823
1.14746035270822988
0.59176883998718643
1.19310202924970787
0.65161640033033319
1.32692758489939933
0.61654382686533438
1.31737528801200621
0.57423856847679722
1.08388308386370591
0.53912325762158497
0.99213270744705828
0.46991896653184562
0.78234263871511112
0.38901450891431671
0.72126813197246098
0.28691899636571189
0.62382038885935409
0.18057953420284659
0.58922443345310604
0.06479474128961747
0.45114483194564847
-0.04013481194153744
0.40268991923762776
-0.14372796769067195
0.29957130739773830
-0.22759110514611028
0.37836167566260703
-0.21276816264942452
0.46443961596111011
-0.22603205521730102
0.65052554392834194
-0.09772764713027303
0.75083803420196282
-0.04180545037702399
0.85315418347216310
0.15544424294020101
0.99601225354138612
0.23758472146123444
1.01701405191210337
0.43525239775559221
1.04230351740075755
0.57866745268175135
1.01802381719316215
0.71657515078048328
0.97671657853023452
0.82375582572540307
0.84265952394082200
0.87413055215627777
0.76460818255793694
0.94208666990929502
0.56005698430666406
1.04419200178545268
0.45827434834228381
1.09174550993541986
0.41981102913755580
-0.07395011464103049
-0.31726780485362827
0.05612589496798739
-0.39045714259818687
0.09325860833233030
-0.28872877021369897
0.19115087175474935
-0.23005018652343498
0.21852097212216190
-0.05645417867970622
0.30891770714856215
-0.00378372627419818
0.31687787630536346
0.10284806956189949
0.37628263355291325
0.06065630482863157
0.33632024081833878
0.22173487103438005
0.33716384205246763
0.30984612272222611
0.36718019865466578
0.38549440256008355
0.32637509203166037
0.30602404354390311
0.43786745197457128
0.50946886499710098
0.47067223416377890
0.61418268244299357
0.40734427899003084
0.68333473866771732
0.49003259704374086
0.88431791746986665
0.51892474545190037
1.02555980044072181
0.54563290968988010
1.18680477724195743
0.54378145198387318
1.23847346408255743
0.56377795840363321
1.27705040698259187
0.54339392323597191
1.23287020361790511
0.47144071423742445
1.01095531411433792
0.41541806463902425
0.95018153980596787
0.31013142265811339
0.78374331911437534
0.22726525354825175
0.82843161250040309
0.12023005178692851
0.69246086680560315
0.02943127820840707
0.65561304712408197
-0.07225262096845622
0.47108122324608154
-0.14745734542385269
0.42458978768920025
-0.16934530018021030
0.38949304698371007
-0.13683318110539780
0.45959386431784388
-0.07751346627391879
0.51613574349593405
-0.10039727304092788
0.66194366097554347
0.02577702868579142
0.77052024078993830
0.12346849985314177
0.85202526155652392
0.30058264606943008
0.89971425832428720
0.42766809241971193
0.92206701349354170
0.63179281950746924
0.88538043130039379
0.79731687281779073
0.80412085057610283
0.90329396964540842
0.76324864058048159
0.99575232918667511
0.58615615992080905
1.02349209428641896
0.46724228835841114
1.03927011471729047
0.25719148772013384
1.14345374032027847
0.25987850052232747
0.08096748301011297
-0.50656842336476682
0.13476800218594995
-0.47941011309740739
0.24746411952905004
-0.46236603899164963
0.28550955308307879
-0.30368543882445148
0.36775285472280433
-0.22911272189796217
0.38130528253151602
-0.08035976443594658
0.47625305836187432
-0.10584170848594512
0.43073720578943514
-0.01862525284785510
0.36508835566810754
0.09138630869693946
0.33147075873053988
0.25443120960197885
0.32051310150208823
0.25195850753189208
0.28822783274881925
0.27406041454384200
0.32184968871915010
0.39019684485583872
0.37870192584873386
0.54193351017509861
0.38663834253856399
0.66281561870121863
0.35108177843830368
0.71469393246320700
0.44750967538430858
0.94420240284327150
0.46871311862665155
1.07181430119843046
0.51164259409859492
1.25054135674540401
0.50061199547551771
1.37182970438654839
0.48850715282265617
1.21543370684889873
0.45500780453714301
1.17514980869528896
0.35725335105843509
1.01126072233914033
0.28131128208368050
0.95576670869730695
0.16680123245698392
0.86741936396690200
0.09217613742170283
0.80704590613204374
-0.01019338866092586
0.65337308411405026
-0.05312457669479609
0.57761078695091295
-0.05581840592322457
0.42725684535737291
-0.10870509256883694
0.40499870189815063
0.03522398511540299
0.40552093264690259
-0.04058799219400366
0.49460027878316565
0.08512897041315944
0.56507040906904815
0.12705111934285959
0.66367904354128326
0.25353640802033728
0.72116515813977522
0.37554736809493988
0.76717074951770647
0.55319041402857616
0.77624821722604753
0.67473306711480308
0.75455046120163394
0.85281528575684085
0.69497776496338604
0.96333261769590528
0.55972755637828397
0.99071245902554939
0.54482913583995174
0.95685461706986730
0.27449637730889836
0.98106823310601365
0.10269985563520882
0.98462116733980298
0.00309621989372909
0.07736502060622316
-0.50374928780130113
0.24334695315549532
-0.57812590373891837
0.30619177626318844
-0.50539660113045526
0.40492532510196871
-0.45766470351430238
0.43706008696759369
-0.29452188120077000
0.51123802557641052
-0.24951135812875319
0.51364229665839278
-0.14711506044193084
0.49925032826776822
-0.12722457717080010
0.33554008645796640
0.07580445650793650
0.32649801908864934
0.07728667816193055
0.28779930416315092
0.15919299605136372
0.24655327326693080
0.14816539992132954
0.27273453148433380
0.31732725588922617
0.26809769132247430
0.39862851470389166
0.28467426415270136
0.55859336036729312
0.33592869376686429
0.74932664603013410
0.33232813803420630
0.84841760491424278
0.40656720513177091
1.05891057832824576
0.43066675696371265
1.17325290076223410
0.49858480879947803
1.38056104035615990
0.48353885496116344
1.36259069026967294
0.41884158619742695
1.20263441628579892
0.37393462157321694
1.15798524498814071
0.26029429209505767
0.99467779476209450
0.20323005640591610
0.94407116669096458
0.11038275404460238
0.75813205758254554
0.05933630293614371
0.65241377963261227
0.05806664236641870
0.47655463880637516
0.04780918863768251
0.43236568725453939
0.12704946701888925
0.36129589702611281
0.12677913545563468
0.38647327360320777
0.18901179788606709
0.44884984526848376
0.26852786896210146
0.51106193853234905
0.34300467541583018
0.55703085998407564
0.38563661405850874
0.62054518233338007
0.55193170090781041
0.64532069339575560
0.65630674699544467
0.64818757695592788
0.83702149750474064
0.57340619910197910
0.93844579302757203
0.50901179149923348
0.96443200726865208
0.39946631586047227
0.97853047284106365
0.24215660805375672
0.90679099795274887
0.06756712063479231
0.83133822227095377
-0.13977853653356764
0.85007809160340564
-0.18228037478288669
0.10693249056717703
-0.46515498453382825
0.19134528147653584
-0.47056548663180919
0.36740121526048680
-0.54773178137719514
0.43408625811633605
-0.47815100285779849
0.54292038076414761
-0.46665867128233290
0.57456046178324782
-0.33803733725809326
0.59066170546154784
-0.27780911920793439
0.50092058521030058
-0.13910845638413250
0.45483314894876398
-0.10390491337796889
0.33684902199794547
-0.00067846761357437
0.27913217723362993
0.02068754632024543
0.21571632524295278
0.13965222681780060
0.20088073482114507
0.17597586580089886
0.21205161490809921
0.34179032714587959
0.30087875296165062
0.51277157305127130
0.21241872087762248
0.63487814583894830
0.26917618909765156
0.85058422338591633
0.29821574281285446
0.98391645750224299
0.38768397669184679
1.21549607953254601
0.35631193306897957
1.32257656137194579
0.40829277986057255
1.31913038109029457
0.42262069289818138
1.31007127120657807
0.34106144125687382
1.12451479604665505
0.29620038573193552
1.03504098750478946
0.20139537757386192
0.81519366131433113
0.20804366813406011
0.69913564025754615
0.10079751434219603
0.54574719271042582
0.11757151848092975
0.45820387521794792
0.30844787362064890
0.33636787526385631
0.33664517047603210
0.31690268700182761
0.40255355325711872
0.35638600371733786
0.39830319523996693
0.42664094694776256
0.49725365390544968
0.42637992291517146
0.43456537600620881
0.50752508763688697
0.63637900966209404
0.49459149417726067
0.71536880077238763
0.53008301337525043
0.81825707863712860
0.46364645446069985
0.92656907990382953
0.41425940998187588
0.98954916204282861
0.33166868663141491
0.96902311157533527
0.17581419249920482
0.88056257714290831
0.03062587600433415
0.76592751242994539
-0.16003829960924457
0.71694426171784387
-0.27827406504381758
0.65919962015048894
-0.38945820825758726
-0.03930071997082953
-0.30153611189485380
0.14326414096527887
-0.37286553214344231
0.28031727460291578
-0.40759740800053540
0.47339931250693301
-0.49778858277574484
0.53748450606218745
-0.45807257636312571
0.63388124458357609
-0.46329843963434919
0.62605732683506354
-0.32309373981069522
0.61564870735461596
-0.29815239398859078
0.48226792738307495
-0.17837797216098106
0.39906621471642090
-0.13824303446811073
0.26039050966889354
-0.01192666683347824
0.20707765971491107
0.03481562855142031
0.14531636528039502
0.19083848163670153
0.13133320426851219
0.25560154588630946
0.14231747547046239
0.48601507057939497
0.14458178819681980
0.59391839189719764
0.20036061227450433
0.86500330716316887
0.23068952027970274
0.97952804267870641
0.31435216237509767
1.19204556499368941
0.32767266909419818
1.23342018523017161
0.42025726770800498
1.35071441418584604
0.35573684404429956
1.23312645104537300
0.30220418416974276
1.02146954439864723
0.26814477930469649
0.91210016819896578
0.29182474795668728
0.65165736356046189
0.22062658299935517
0.53647246156921358
0.17887238611544670
0.35443612194742441
0.35850886283121741
0.32914141828350663
0.44667765248654895
0.29226205825906626
0.59246745052284644
0.27223600722582869
0.50592679500040649
0.33893205182705122
0.60916974229709919
0.36473063723788429
0.64442928094877039
0.36885795369129537
0.73487065268905150
0.38883182829754875
0.79393525313009572
0.40233112181409419
0.86087237185774479
0.34365157628259624
0.91004557360251914
0.31307696496456905
1.04825795217950679
0.25897566565720476
0.97165000944942792
0.13495949838278445
0.92234711459020990
0.06148039954117722
0.78134391673406978
-0.12964836130537660
0.66469561223301910
-0.25903764448695005
0.54952344573660106
-0.41275572183000153
0.55085416692718103
-0.45421294012488023
-0.10954082740227010
-0.20467110866310886
0.00496531813624000
-0.22218358505802710
0.21734613765832891
-0.29704970496720889
0.34691812353189583
-0.34314769500802456
0.54280971840136283
-0.45743113450476403
0.59628774532446571
-0.44100951848423853
0.67047366130437103
-0.44994004127753584
0.61297770111153582
-0.33541879665248825
0.56157972950012980
-0.30689405728989072
0.40119997255955203
-0.18049955995513289
0.33736031452024307
-0.14365732180363722
0.19482200412734682
0.01774594883637649
0.12705364100657224
0.14031986399130120
0.06122457060162254
0.34754187206554765
0.07025191421247430
0.40308410719099785
0.08154317548962957
0.61423437665075020
0.12010163255778315
0.76505059559894684
0.17671079677867024
0.97268331582861567
0.17001802949336670
1.04188207242608599
0.28187728632363351
1.22047255364558294
0.29694158319975145
1.26722602863001077
0.32115550303356838
1.11942636499994785
0.31071726493664414
1.03958924015246157
0.31118087789741666
0.83934094805838622
0.31088701009599978
0.70379489301509912
0.31832259361377552
0.48989777921740790
0.37032524315998072
0.37002648932394633
0.46891985498883099
0.30382136953009747
0.63411301795051167
0.23528287764397637
0.63153465861633873
0.25631343484401620
0.71253125420691521
0.26351098908822596
0.66987247578688891
0.34380383154122712
0.81813781871427693
0.30171336699978341
0.83011193910884040
0.32637525590121641
0.89075564383860728
0.22534474285504008
0.88889915903051087
0.21351657146420905
0.92467070667535578
0.15786659859686406
0.93126789342312821
0.09013461170959883
0.91525406023089872
0.04104726405314228
0.79475878042300063
-0.11051812128117164
0.65942557067238261
-0.22702132813966208
0.48513365528874364
-0.38941737881212529
0.46064799761480646
-0.44591251227354034
0.36455738509087321
-0.54776643950180581
-0.26924783486441656
-0.07226819966012006
-0.08987442127876788
-0.11426962029125476
0.00894166633951732
-0.12759642496287849
0.23797967671571529
-0.23812735381992250
0.39611392254590921
-0.31986880535195389
0.57001590796077495
-0.42472150769548078
0.62109786520747778
-0.43553151069193391
0.67433459142171537
-0.45832945062602826
0.57030046945455526
-0.34527541407132556
0.50399912674285452
-0.30081745180083824
0.33720405635628731
-0.15399081750870486
0.23083972398461070
-0.03081521182753814
0.11797515218000268
0.15806814604318348
0.07210315839358875
0.29855818535827694
0.08623115659952939
0.49893394084256271
0.10094357383422269
0.63350882724072100
0.13418037045132575
0.84525664729005290
0.15138976806809057
0.92444870757228981
0.21241403993680824
1.12373404204220262
0.20719839188739778
1.18091794253223692
0.34446600393683541
1.31560142572867944
0.34652359688319123
1.25172769504126746
0.38054239100541570
1.05570433329513902
0.41899811290070815
0.89559701205936515
0.42120467808427980
0.65991456430856410
0.46661406643912240
0.52305436580897169
0.49534868421759654
0.36368068305724693
0.63450116810558721
0.27013353832122483
0.63812320640369624
0.19263261481281807
0.73206672371054093
0.12508012212498926
0.75160127607434835
0.26506336692066329
0.70955089540723448
0.24220807471782185
0.80092418183260417
0.26592125770410041
0.77740700166111787
0.18765067115284245
0.84617511839419912
0.18991228826052658
0.76182153751864634
0.02657308629133999
0.76182434922994824
0.01915021431147959
0.77733564923683540
-0.00628879237506982
0.73468412209563438
-0.12974667326318556
0.68743701824032866
-0.18298772109861633
0.48258569209913410
-0.34549793733359913
0.42059652857835561
-0.40469947023092068
0.28197494799293238
-0.51602787157833918
0.26859455551591793
-0.56017036308360335
-0.24848173066840712
-0.00758427680956955
-0.20997409311388848
0.01530994847671129
-0.00457296677193485
-0.05176891723559798
0.10487544908492190
-0.09539868960234153
0.32473469107070613
-0.23493872139947691
0.44332909215313726
-0.30331758439074752
0.60631458587914999
-0.43201572822411255
0.63630665000552922
-0.43828836773741076
0.64280439445016824
-0.44599935192386847
0.51513573191904305
-0.30357630115844747
0.43626945346410639
-0.21481402991897952
0.28555909661792395
-0.01872733334944644
0.20520848320109042
0.13676181678942684
0.12685433839162119
0.35249292120651265
0.17901457201414989
0.54433499781779093
0.18231961077949344
0.71054049698809918
0.24764929031871050
0.92916779758905665
0.22076743522848707
1.02525965939190145
0.25099097223324784
1.12672067638589568
0.32249053340654860
1.30207056604296723
0.32007399738803233
1.33215268871816539
0.40873047492113951
1.25112574778135932
0.45860220388801798
1.15454857151688328
0.51456437194659199
0.94504845734584031
0.58132120132596266
0.79790388494891551
0.61351365781628575
0.58335664483983063
0.66309025613117256
0.42449735594745097
0.63393761797972903
0.29275970087805564
0.68213913547936955
0.20440384724700245
0.68437721598491930
0.18195527382273941
0.63832179324090821
0.23189265466132697
0.72818979393763072
0.25759603207272536
0.68294776371780730
0.19508054863560237
0.76431106067928078
0.17478343237219279
0.68208022245856614
0.07461099033475851
0.69086560088626969
0.02608827494449095
0.58457215843919930
-0.08217039156603492
0.60578471181952631
-0.14386516861054335
0.66701657316100105
-0.18022507272185664
0.53524056427026168
-0.27854457689752310
0.47358848600369535
-0.33450151366703906
0.27858723340872560
-0.44351157935495145
0.20822059165900403
-0.50405936642771298
0.08158179373314378
-0.58381727238646619
-0.31760775639311789
0.10420758303849943
-0.15179491780891877
0.06627607731070720
-0.07416081977272146
0.06323373336410536
0.13694415503421070
-0.04743629779583610
0.26432404231104811
-0.12763770109101436
0.46043414728295473
-0.27734704492963019
0.53936178385441003
-0.34908010010307311
0.66212679840462496
-0.47266449970275681
0.65007603599773212
-0.38975951240678819
0.61982566276161977
-0.34295502596344107
0.51140555146163291
-0.19430205644986320
0.42845780688620949
-0.04700197197215389
0.32410121510360246
0.14892744543649739
0.29214387832573174
0.34140169469155929
0.26727307837581615
0.56066041780122788
0.35254438391880394
0.82913774164575405
0.34340012721178098
0.92782670479588969
0.39384991516060425
1.11796417700947148
0.33230009454093301
1.20943618804529507
0.43823491734916764
1.28760647850822552
0.40565278608954469
1.46072030505926209
0.50732453529403054
1.34734232801333587
0.51805171632933167
1.24167721347223514
0.65520878755931644
1.05866429632319692
0.69055313896675286
0.84821973079137425
0.77139873287251126
0.66748419042834750
0.76298804915367691
0.46530298797681979
0.74681599155024525
0.33857754672947227
0.70437401079161244
0.27279554044031518
0.58378156681660609
0.21188902467327500
0.62426306126144404
0.23852514545145381
0.59190867649692369
0.20705769863322912
0.65850383658401324
0.17983489865883506
0.62188210409125155
0.10003107440584971
0.61215675651496160
0.05989643305385888
0.49317414405635907
-0.05503765472557227
0.48091444769477920
-0.10902062265195411
0.40252672252012112
-0.23335090600957720
0.41802047241187079
-0.25922565096649636
0.47703050156237464
-0.30598181516447065
0.27718553609747049
-0.38577067830821149
0.18905102493983789
-0.44519339657853196
0.02839440538701232
-0.52309858307041068
0.00101730729143551
-0.56211222355041079
-0.27116659291247230
0.14607166352538903
-0.22046739549438205
0.18120558828942288
-0.03552872618600508
0.10711560852066176
0.06408452744295497
0.06890425377475030
0.27324793532724051
-0.09498198883242354
0.34841909418226696
-0.16874301087069021
0.51562376998175807
-0.33010547303285342
0.57499106160687696
-0.35792753481171113
0.68561948520937699
-0.38345845091735692
0.66630562840397889
-0.21470084029075531
0.61442470826697815
-0.17021307287089921
0.56250310487144872
-0.00636964596895027
0.50294899739963650
0.13755636140458172
0.43450324880241764
0.35048506976162269
0.42837757905104679
0.52759124860387763
0.37461215963344863
0.69845448667017840
0.45811238113793984
0.89731739908123442
0.45480109334151431
1.03532952031585901
0.52482299585560532
1.21047115750306022
0.45095059081189270
1.33594730669828743
0.55104296817685983
1.39813450653570581
0.53227121004599010
1.40885665146632877
0.66280150868009347
1.25297387385302006
0.75062388256400836
1.10534782989108349
0.84442664961621239
0.88592151715973633
0.88187026499440402
0.70837393460015319
0.89741984683132159
0.51792460795330897
0.86793418352477703
0.44239998775559158
0.69246684222187560
0.30851955889108662
0.62756893341907749
0.27346592719000590
0.52184034116591349
0.20095224365201908
0.56472765214777565
0.19937611394534191
0.51370867075821136
0.12426814785378267
0.55576032519382124
0.08775586425991669
0.46988380104195959
-0.00058495021873364
0.45479236529700645
-0.02937102258354798
0.32561058045673069
-0.15382265780184196
0.34385011138483501
-0.15760967930679814
0.32341329086829657
-0.27341304247306458
0.24123202301714372
-0.32231498536675551
0.19628451084382420
-0.38094298765093210
0.01904505390122349
-0.46264641363583742
-0.04990065958731657
-0.49356786300924194
-0.17085513001014935
-0.53295156195876692
-0.35179275868309839
0.26090700052538712
-0.19921797731272747
0.21472815026815326
-0.14196896180651475
0.22009346075395048
0.02943950287311678
0.09362194719716245
0.10600416070089291
0.01598561768488687
0.24120909894005405
-0.10323454673359318
0.43495887300531227
-0.25916829159008553
0.54297003619559592
-0.32069549911210216
0.73246763177711305
-0.30844990227049318
0.74789701177785384
-0.25653364817601598
0.71629401633808409
-0.07617253839850213
0.68034006438436800
0.02524352340890491
0.63901136035666783
0.21979327334720283
0.59851961465331938
0.37743071152144186
0.55510985720848705
0.58328453731464414
0.61596368513199018
0.74253041692507737
0.60156000435885415
0.90792195546705001
0.64948381760142471
1.06837174881558350
0.59638820817836735
1.20871890382431069
0.66032787986666386
1.31177475909737540
0.59061673460747888
1.40266530649128640
0.71230629870835782
1.36106966105085458
0.73602439767587791
1.28744111231238834
0.88949061278112385
1.07300124785916973
0.93741949791393198
0.94345562612575162
0.99282259690944630
0.68410592878872678
0.99997273673276343
0.58388379216399322
0.89869344152198183
0.44093027226829351
0.83747285238520852
0.39939931406901830
0.64894055432945430
0.28609965864722642
0.57481750911185969
0.22830191078540513
0.46708347251881854
0.12182962534098545
0.48776270460143456
0.11482445615535322
0.44407428832920581
0.01640336010201870
0.45659623925882104
0.01831745216908445
0.34592875253219918
-0.06126022633763989
0.31399774504139383
-0.06969115863512788
0.23773432147368101
-0.15321884136295688
0.17263327906411846
-0.17456470827191400
0.12201803633579074
-0.28439635267338775
-0.00244785029370288
-0.37081613460643981
-0.09721281232609683
-0.40176871108544499
-0.19435652941582443
-0.44509907806396315
-0.24571725450080770
-0.51603037896545068
-0.35177114655771419
0.26340777309528052
-0.31977521083023575
0.30658881255491577
-0.18650889487768552
0.23608267656924975
-0.06491280105915194
0.14776670221447402
-0.00132093842247938
0.09719348819852479
0.20144897135006395
-0.05648934624324453
0.32823027117652492
-0.17969043317627165
0.51072813753408364
-0.28618880841460737
0.63070186802236816
-0.29762241722082050
0.79456210937102956
-0.20655752278388717
0.81484775888584982
-0.10925056682605823
0.82119355451068021
0.09220406741507885
0.80319903570301809
0.25689997087002853
0.75925826586041267
0.45512496212434028
0.74535446297894958
0.60206316673626359
0.74005257178943429
0.78021762616783574
0.78070673048911754
0.91030500599225239
0.70106216736230043
1.10740670291082921
0.76775441390968990
1.16922838565190856
0.69312637365266172
1.31760348129722393
0.75990014286966223
1.39472906889309356
0.82557440373377555
1.31751647223387236
0.84843743911191827
1.28090722266658652
0.98120223381638882
1.10098605495613455
1.02442376907174371
1.01604131331569825
1.11307777765756311
0.81383069833311394
1.03933685944845866
0.62765851741544931
1.03541448213189113
0.53669693045803857
0.89853719215467831
0.39175268274782210
0.74601827637938123
0.29635007718575507
0.56362809056431318
0.14473048998017427
0.53787246732744076
0.12250457330018280
0.47452159086163487
0.01642329320250624
0.49507743813922883
0.02713357174042166
0.44690187469527226
0.01458206437264641
0.40425507565252566
0.02084094226347718
0.28755218210707256
-0.03500197264852579
0.27945123414313638
-0.01350871865523891
0.17087578057919917
-0.10706565970541881
0.10305457320244188
-0.11558477036498922
-0.01438221904734098
-0.23810452745726751
-0.09217897509607069
-0.26541739580518064
-0.22305998824351866
-0.33017677962392128
-0.26975216751621489
-0.29114695208193520
-0.50249923593470169
0.37015855273268067
-0.36103874081702164
0.31831983926175789
-0.30995893316431011
0.24673045305561409
-0.19336637372553100
0.24713716826508086
-0.02219775412690111
0.11600275563020346
0.06086696686914524
0.03370203508627770
0.27790076705985661
-0.13104087957536636
0.45443912822231486
-0.22605625057670733
0.65688767984490126
-0.24516341650950965
0.81063767737230830
-0.17818713843336831
0.89666270147877514
-0.02196584829298409
0.92779656721012127
0.15474586461887463
0.94458601046054302
0.39502646385886120
0.90357833501773344
0.50335703020165901
0.86616192815710014
0.70641216836152820
0.90981666496433833
0.77281736289466596
0.89507934942363954
0.89743015785915525
0.87188403606159681
0.99027286483173760
0.81032272811933881
1.17305079550103786
0.82913252438216434
1.26480610472541977
0.86345358135676975
1.26781030049855925
0.84094646752725855
1.32610930730358612
0.95133280234833417
1.21922630845382107
0.98898109807554913
1.17066037059442341
1.12036052595096081
0.98047583666219695
1.09599345771580770
0.87891166070920190
1.12344593322149833
0.71283104612980486
1.05508063370461502
0.51727086787161281
0.97272100697908626
0.39869449285271702
0.79972364402722074
0.26412137450217332
0.69370006173198639
0.17191635542333331
0.57565725828282299
0.04774123199545562
0.57159290350238845
0.03189045672071002
0.53039031126907699
0.00916313103603326
0.59167570293031080
0.12495071709586306
0.50986264654688196
0.11930139296286180
0.41399437765305575
0.09492482376193043
0.35726562897535802
0.07984994011353386
0.30258993542282375
0.09154138066092597
0.11264250185355221
-0.02141686908187010
0.00849708307482081
-0.07187679949434911
-0.12667183739446913
-0.13810384910533915
-0.19231328469960135
-0.14288153489544453
-0.30501657139935184
-0.22329060603031395
-0.52997756826938502
0.40576031038978622
-0.40409097618502410
0.36179861164791605
-0.37025568915052737
0.35140299217482263
-0.18997801169272815
0.21991369176798939
-0.11673070197094870
0.14549347802963472
0.07676963188754987
-0.01074076163426994
0.20433087716024179
-0.10670998691099495
0.42438196759895719
-0.19289849205353238
0.60522635632135136
-0.19211146124137995
0.84654176963655303
-0.10369444704386341
0.91671655062630097
-0.01690249787514554
1.02238328588872296
0.22243957736221207
1.04474960204921175
0.37213601020566850
1.03516551576502303
0.58864806910311240
1.02704521646151936
0.65444842602109587
1.00204032465471959
0.76283137957671499
1.05350610246438992
0.78576226652054004
0.95626992504021013
0.94603631096047935
0.95530044448414420
1.03019783226386719
0.94233690850535501
1.15149588445963391
0.89795549206458347
1.25178091880876985
0.96682565572830825
1.21609475909461895
0.96768778296444524
1.24622995506695844
1.08610575147804989
1.11959059498340263
1.09353581857465643
1.04172045448945849
1.15853480451582014
0.86249799021067075
1.10074871573206323
0.63361317353022195
1.09084784687336023
0.55352352927648896
0.95009358776612740
0.36993735896910263
0.86723578277132551
0.29000733702373938
0.71851147018925032
0.10125636032291342
0.70383594974547770
0.08047095535749796
0.63614784266926305
0.01892901139412788
0.68917551159202772
0.10507283238010973
0.65284542095703968
0.15090353273895418
0.70961570287259601
0.26995893281904054
0.51060062856297195
0.20571768583210867
0.49994874697574604
0.25570087226870797
0.35784881805040769
0.18024633161465492
0.21401872971727126
0.11362681448223860
0.07056270747159585
0.06795513414869254
-0.06915220941482404
0.00570576695708415
-0.20839417951922051
-0.07935144178804064
-0.28060737535514640
-0.07707213753527144
-0.49209760556055770
0.37876770045292402
-0.51883023526557304
0.39447454910764929
-0.35844473837804403
0.31135541105207137
-0.29556359666477683
0.25289894315548989
-0.11099683558457814
0.09413214341781993
-0.00770158862613027
0.00330338711777222
0.21007983579645179
-0.13074346995505626
0.36039183075551279
-0.18391370237171503
0.57324234893418458
-0.17652963921750398
0.75174865178653749
-0.11762229395068252
0.96262235384188921
0.02331403470525722
1.04041976318064822
0.13232500853645185
1.12729176353377158
0.36351673975853765
1.14324073358931266
0.47407902832995819
1.12915020150075307
0.58440739208974768
1.15251299376085248
0.59296488475259146
1.09860534237572294
0.76064318155017174
1.08697943688408594
0.82534233892517239
1.01589999029846845
1.01286941138458353
0.98966844877628279
1.14184203848908350
1.04141152370369361
1.11863134283182175
1.01910104130713908
1.17904764233246118
1.11275243992101869
1.12908853649123975
1.10324135905451981
1.13305291268026997
1.17496650534441760
0.98817378945504120
1.11861896530334537
0.78107365280075181
1.13417904212079934
0.72968487339115118
1.07497369411094357
0.50040833538771046
0.99249040856459525
0.51661452665877416
0.88579595586908721
0.31067937406337420
0.84525930257760451
0.26303168097506235
0.78693290665274018
0.13006432645179267
0.80862974845038227
0.14272021909241467
0.80767190185427695
0.17697642991320844
0.82324950517449647
0.26914861263507694
0.72895972903746120
0.31543966948305457
0.65867857548204878
0.35186012125368754
0.50908193150740466
0.32403539974944928
0.46892083655648592
0.33808315923527477
0.28327663070574199
0.20970829771089605
0.22411780576687959
0.17551554164367109
-0.02816585105255860
0.13006074204814105
-0.17560344158047381
0.05003817940738325
-0.29757263341135859
-0.01346677471383638
-0.57522908861907152
0.38362247504835945
-0.44518330987686966
0.32724039142169736
-0.42153911694678997
0.31058090548405970
-0.25903740039797440
0.17161371996062391
-0.21133207976941520
0.12046634124542113
-0.01615680556518828
-0.02837927767471186
0.11549509836729566
-0.11191625564965857
0.32847560117877866
-0.17474246774445026
0.44265356468246025
-0.16449341430163117
0.71649396928244680
-0.10521955169348246
0.89842931161381490
-0.02893454075581013
1.09340925390300137
0.13273894882786832
1.16443370351004249
0.24042157261379837
1.20581227751104580
0.41684445623887367
1.20999694444616690
0.38597069071537154
1.22370360342882023
0.47618212211231370
1.20511948249218048
0.58420280278095016
1.15456704150215361
0.77893174102906437
1.16448606202460603
0.85105822920913599
1.12521970720518127
0.99285908680699064
1.09282701640110758
1.08961176332723153
1.17672423949038429
1.04963649663345415
1.14849336089502763
1.08093143638876765
1.23378532845701439
1.03155061475607313
1.12687782626524213
0.93202933268368082
1.11606291370206234
0.86883787877001195
1.08874643867260557
0.73180301273433657
1.00652432858676710
0.69486526005662130
0.96767102879454492
0.60883102151215474
0.94399858423858474
0.50211782057715448
0.93056935455762391
0.40287014583868552
0.92982815795756679
0.30211203008676635
0.92364082285393223
0.23658580727443163
0.97994562304893018
0.30675997586387649
0.95145140849659959
0.35761335948722922
0.94962056883781143
0.45083307867166705
0.68701874200821367
0.40658873726227190
0.61491727695734788
0.44197057328859135
0.44307599140379389
0.41227129069220986
0.30767582708146524
0.35094446170103366
0.12885648866343519
0.26359297078749899
0.01656329045910415
0.22612669001460836
-0.25798069918486799
0.06155431132470422
-0.23909720984079386
0.11858387850883001
-0.43080115383105849
0.35343777110743513
-0.44862806541205280
0.33256152225486635
-0.29896549037134196
0.23234840513205843
-0.28242666019041096
0.19600976613453450
-0.14324293753695466
0.06909998229471026
-0.08128085246351696
-0.00011393492655452
0.13420928718891229
-0.12103410926229161
0.23820138063185164
-0.14786353599712032
0.44891330703857574
-0.14534564725463817
0.65650891705860315
-0.11447356944541023
0.91987561869092838
-0.03761181046349437
1.04065307972628829
0.02773296914216004
1.16218578368900749
0.17623037989494861
1.15882437111986047
0.19107328024392375
1.18496431714281614
0.22381637517554953
1.22588629479600364
0.27098678123082798
1.24599800080661804
0.51296715577171303
1.26632403311285446
0.60044315880239718
1.22471436686052360
0.82973660882436451
1.18407901146936068
0.97064875854231725
1.22364771148982987
0.95227957458340817
1.16225687034464564
1.00382373197928843
1.21405232453487466
0.96359816946933408
1.13840974607792433
0.93312762145970873
1.16046108199641762
0.93309210049399605
0.98481864051426915
0.88789434243009135
0.91927683708156527
0.87208602754739850
0.87083662227767611
0.81115613732293934
0.86764900810828471
0.73953771349286823
0.93838938067415401
0.56201691632090278
0.94156285018762087
0.59907531103756251
0.99067860430365984
0.44070665433096445
1.04828137241652208
0.40585389183745085
1.03946547447879611
0.33543820756740256
1.10002306918658155
0.47097654466368022
0.95070528184124581
0.50191008637101331
0.84566861323175990
0.52232209503430738
0.70489638164558654
0.53465897710345578
0.55452758862791929
0.47976481326855902
0.33669328119230169
0.41433941257284285
0.18719537042706358
0.35223223954068222
0.02646229815853449
0.27911575968286734
-0.06854707478049582
0.22023604757206361
-0.22028604437270666
0.15216811663550889
-0.41466049954006612
0.39448468182205498
-0.28292162500185747
0.33143454462251931
-0.26419664744683607
0.27870820112596112
-0.10999646402508055
0.16748656478778756
-0.11825633663293698
0.11733503804606708
-0.02551234662228691
0.02536964000807408
-0.02223159606472726
-0.04394986952189159
0.17526953164610407
-0.10646779734700329
0.32730842962631190
-0.11496586611031720
0.67512351337366794
-0.10702101239319767
0.79322173464987589
-0.09708075673595408
0.98415788832131967
-0.02299025961807540
0.98156240449142751
0.05456792423123367
1.11226815183515493
0.14073144045981095
1.09875326351882885
0.07061959943073516
1.18368977908433237
0.26484635054891703
1.24150028844829907
0.40094188133301256
1.30165947651360070
0.62579567799270364
1.28917970594988596
0.66762381998290687
1.26510805494632828
0.83163025693838277
1.17497197399386133
0.87029077510352337
1.17326053210790415
0.86863159311330218
1.06917848953586558
0.85029767978906001
1.14363963508571143
0.88065447758633553
1.02111489138120670
0.87314548924533986
0.95781741186881308
0.89262406736302013
0.83405958113394163
0.88928071915403062
0.67334741347112725
0.94702329383313888
0.76640223703211863
0.81056722854471674
0.83134313579294983
0.74751077456047077
0.91293068181631609
0.69334171199304495
1.00127071859046279
0.59600916383955593
1.10173253703768559
0.43899284059649718
1.15114121496493715
0.47236926400735174
1.08592184583501439
0.48331830911423601
1.07386455479856635
0.58255844174906646
0.90217840877787747
0.59336543446183831
0.85917831962312363
0.62760391829131201
0.62439733278037224
0.54211500972280879
0.46369315545343726
0.46884388397938453
0.19400644491514152
0.34222912994536214
0.15718939468174464
0.31355688476849614
-0.01336076405923575
0.23170347016960782
-0.08911477375201365
0.18480387874875520
-0.30177385932094158
0.45791082023875856
-0.25860341221481081
0.39877079813020810
-0.10139173155020273
0.31049104122825072
-0.06770947652258853
0.24173302835679261
0.08819335973059195
0.15410469542486543
0.05953916785553356
0.07195104644333496
0.13357644927022025
-0.00798227136785444
0.15357888287014346
-0.08148112109047509
0.37424324002806875
-0.12014885366490211
0.55318241129957779
-0.12769747858979549
0.80053445124044376
-0.11103326888940464
0.82234193537794842
-0.03030978156661051
0.84616823521682893
0.06460160777204177
0.83683121577355957
0.13675382803788841
1.00867602050474470
0.14556121570222547
1.09164757562160042
0.25100519372841534
1.20714268949391212
0.48905205113113548
1.27001170030840083
0.58551376430481150
1.29087430829540373
0.71501939626974220
1.12794119792711367
0.75253697135367770
1.16453215329132687
0.77560735441176409
1.00662079444676000
0.76893658479082927
1.02244568129026625
0.78822774493128689
0.99290296795562971
0.82517532748520073
0.92108940770378278
0.84449498799622125
0.75257614739821665
0.86095495754740314
0.63756629620142902
0.94118863287959820
0.60524642009663521
0.92926643895369199
0.60349515147710431
0.92279354484290210
0.74463269583928560
0.81485362994215516
0.78517651036741043
0.82171861242188493
0.97027337783493606
0.66909786903425406
1.05385946680248388
0.62714679179363975
1.18699376138866941
0.52081582187551145
1.23942898479575625
0.60585187900672699
1.06562844068928442
0.65384327554125532
0.97342623178943311
0.68054097848928818
0.82003179820886740
0.63673877802293022
0.77979727684288036
0.59494967417467182
0.59602702541744879
0.49650747928882216
0.45453567678496665
0.40699568962886984
0.21205135195398309
0.27938761264216788
0.12454235128848119
0.22747623883991219
-0.02407870120568434
0.15555466471249468
-0.30338042534450854
0.53117525100709040
-0.14944412416186301
0.48786965887871497
-0.09787269008955393
0.42452493425541071
0.03991176416046202
0.33202736177724196
0.12970930585799045
0.24109230499072379
0.24534878709103858
0.14363952748946890
0.22142770388174768
0.03412229764414156
0.31906125716709277
-0.04448750275163995
0.36225328290543973
-0.11866119345350000
0.57096314913229063
-0.14372076734250439
0.64581349428333790
-0.08786954586883773
0.69491605019704739
0.02009988074597209
0.62798397946982831
0.17614088763373464
0.78878321389011463
0.19351068589308584
0.87263876723096467
0.22895058594225767
1.04951956959239912
0.43737981537073700
1.13829766058256410
0.54518750257779769
1.26635260108531744
0.69103234567704630
1.18110369096650936
0.68562102176705786
1.16186889739620769
0.71736865666102700
0.98933743447029099
0.67036131705542767
0.99305737193417765
0.69098668241360206
0.85116630927661785
0.70761090219279987
0.87230564436273694
0.77311377811917370
0.75458818902779989
0.78686350505668268
0.64892846819356875
0.82336918398253833
0.55786534979156421
0.85888652671999399
0.51420395454559420
0.94104423791603897
0.61164292822712685
0.82002267887668856
0.65761132064076533
0.80787498837183880
0.80964888031547355
0.72477115508765422
0.88324612400417479
0.69871248956330567
1.05460762957708210
0.61329102697851046
1.13970526288833174
0.55058205684161399
1.24859420429183321
0.69589187768912697
1.19107245555766972
0.70659697051236869
1.07946602543397496
0.70818907845674617
1.00215144113629240
0.67084955161525939
0.88762748786875312
0.58279647223061215
0.76372045113099141
0.49503209883237964
0.55801931541742433
0.36964670289799639
0.43689079771910411
0.27163190821880517
0.16639769161834861
0.15599907209462738
0.13880815234424199
0.10751248858593709
-0.20488367422256415
0.62652244307286908
-0.13184294492030729
0.57430698712171413
0.02476990679892532
0.50964259062216788
0.16352176578254307
0.42099715242153762
0.29008296101713293
0.32659855961850764
0.36153657855915045
0.19978693146477142
0.51826381944896716
0.11850918552634754
0.45916294426459803
-0.01513656159967424
0.50591431128656017
-0.08361152091630750
0.50500707313965276
-0.08311368007125369
0.60200084042917157
-0.07034344223322903
0.55401987932408792
0.11430082143751896
0.57526382778370133
0.24455843939945959
0.67693290805255923
0.32501730719336913
0.83811997188842946
0.43285831774018452
0.97462106939954374
0.55321919516430895
1.13217797349705984
0.70691364953921931
1.14863904043111842
0.70167882519602709
1.21239904958812517
0.72857657883659699
1.04975352178042614
0.66124589506214759
0.99234675132214178
0.64756867103738425
0.82855216051664515
0.64210387860906049
0.79838080333397987
0.64967807511517472
0.68975360933435159
0.69089391404466338
0.63978873999320629
0.73063103197947776
0.43706219081121839
0.75354909040319684
0.45485668686660607
0.84841182372468582
0.48686358100422256
0.75777026323006913
0.55637515102412083
0.74756066092275764
0.70517514138012105
0.64854966019395888
0.81478135057587886
0.61624776362504452
0.93133286119062086
0.53783596345373974
1.04000848864156681
0.49249368899795681
1.17808651310467982
0.46319172490758925
1.23153580336039692
0.55921572532341390
1.31956242795512435
0.66749593346105018
1.28482356762621208
0.66638821968909756
1.11625386558842576
0.63179085047996508
1.05065390556931848
0.55434068844107276
0.84168138680154070
0.43274117176106380
0.68952941851418426
0.32773229178323171
0.47241918935461052
0.18427136380425038
0.31651099815811501
0.10678802281141586
0.15415085170517090
0.01610313111053896
-0.11330473361125247
0.71018196206997630
0.01531176797647517
0.66144458554581753
0.16505437063809072
0.58173269390318705
0.40416499959049446
0.52486488383075480
0.43141999077361831
0.41389198145312256
0.54910581821902937
0.30723550614948109
0.60798386650536285
0.16563046460899372
0.65968688672991027
0.10336267218819696
0.55537092465451598
-0.03122963851289484
0.54352532335202963
-0.03544394189891784
0.51952697455241115
0.03525369403480692
0.47877841371563734
0.16144653759839361
0.42541619351383358
0.39536186408341045
0.62995790217313552
0.44067846487325124
0.73629849311020523
0.53213013646190166
0.88168669357788376
0.65643065624625574
0.97355545548579525
0.74680704006050980
1.13281302219927427
0.78842238646800100
1.10038888741046059
0.69781256622117993
1.08138432553024044
0.66959896502211780
0.89852023569583495
0.62174900919894871
0.87384566567638489
0.63529198246315166
0.68341868852436372
0.62873450364699557
0.65640853542056266
0.64401421032420536
0.43324931426803737
0.67438742597467105
0.37224174824515166
0.70756850984980291
0.35842993179586724
0.65895589183088654
0.40613272554757873
0.67504551997991158
0.52732641185544704
0.59378250346382977
0.61490290547909121
0.53594564838034087
0.77986414497446677
0.47078160896895332
0.87975540428555365
0.39903426350257187
1.05613782294303871
0.34185934760340969
1.12045445665652688
0.32137356350477009
1.23471452704024731
0.44895696461314527
1.30068927065980611
0.56515057115536915
1.32219604211156372
0.57743600248614324
1.29624716025912079
0.56984409440151484
1.11821025772179650
0.45505619318461066
0.97265827299819030
0.35748409925447017
0.77226680811239157
0.22372793038019090
0.60096427284390730
0.12363231205303578
0.38885211613562831
0.01641558177307827
0.28883909365600435
-0.05262877048069348
0.05636551157780924
0.78730765213064424
0.13600494007128433
0.73903003449663485
0.31010250328278938
0.66451450724419014
0.45177944290400995
0.59586024101120849
0.60120753778700242
0.52614019030983461
0.64681454546465500
0.38148683524103644
0.70512241283666766
0.27565366681185699
0.69370135273482558
0.14720559044171061
0.62573860908296430
0.10448407253662911
0.47551801024092449
0.13911443870731857
0.46496510239814148
0.11597607205270356
0.34369510282672477
0.29872863747438272
0.38485063481748927
0.39713781063478226
0.44893782454326725
0.52988993975661480
0.61813793449709964
0.61897094311933532
0.70517165779133995
0.67100970000841176
0.86409042709324424
0.78234253424163858
0.98676983605245261
0.79086503390516960
1.08127854717282768
0.75364015924213867
0.96474121951444236
0.60047234016357209
0.91689463434040208
0.59577326347417070
0.76868851308604524
0.61225316944757546
0.68483930063654352
0.61640882794672525
0.46051131738383078
0.64101060392310394
0.43213509501107605
0.65465589737166452
0.27273362259503170
0.64050835359872105
0.28351398482955353
0.64871477442489689
0.38718774488866148
0.51674797482308665
0.40449980263364838
0.52654467451258957
0.54266250532802285
0.44549701569592054
0.65654241705320904
0.36564204424134517
0.77899250571816769
0.27426746247223421
0.81319676316924938
0.20018870827026014
1.00229784631223007
0.18807363975031402
1.09141334571898230
0.20573298341112317
1.30653015029315456
0.43552382444406257
1.30162535960978976
0.46916792259901058
1.31241174917923775
0.40388949444424144
1.24954860571759507
0.38583323478505199
1.04380945498018107
0.25855710782137453
0.86929212230757236
0.14692046394035704
0.60412348269072991
-0.00149480581316300
0.46575793938161897
-0.08763988180607057
0.29628818539195878
-0.16889575928870743
0.20368091350370587
0.83199415586185210
0.34061639290150991
0.79875300554774220
0.41232201454049106
0.72132315023965665
0.57429300734438149
0.65253067275650178
0.63397713097739339
0.54080400793662420
0.72244027028173763
0.47665001598655637
0.75776926220865937
0.30749889654339541
0.75460973077824611
0.21396540000735295
0.64765413020296669
0.18542281770854155
0.55822311323058071
0.19643658388897969
0.45196556061753845
0.26188752608289667
0.34240222904723372
0.35225676217583046
0.30461074171422797
0.52434520996852563
0.34710640742273308
0.58868307745896808
0.46907503605657930
0.68544145112421140
0.57498670976424360
0.77079497091968996
0.80727033578965512
0.81311828809980957
0.91744955846162379
0.82823047504222680
1.05030488889719531
0.73803753142112916
1.03206298425106935
0.68750090826812471
1.01012714766480260
0.59851577608994067
0.82315057493423127
0.60389431049031772
0.70368267210287549
0.61685639357080557
0.45437755448899436
0.66051689536276359
0.36217722676873032
0.68002888299132891
0.23269203847717157
0.68868772125399946
0.23935561693901392
0.59435712397188967
0.29895574992371665
0.50540260167798534
0.37860837262299579
0.41296899023955996
0.43685588583658524
0.37083876315381020
0.57497204352759668
0.25408487077183212
0.57091127253295659
0.22190464933227494
0.75724070618468098
0.12091985682526417
0.88773214782261678
0.08832830048342580
1.13050900949760202
0.15838127361193949
1.26697873483946055
0.25221985542042236
1.39651415448950122
0.31681790050015063
1.37517672004558666
0.36478413783280633
1.24781976309172071
0.24439289979403417
1.15988118128789996
0.19343494621223217
0.92215344784312570
0.06290797537186812
0.76629991615826465
-0.02737068401325822
0.53974621106327358
-0.15715770594022899
0.50963636362585885
-0.21406040360896569
0.35647017019028404
0.86476038167918612
0.44476258119652606
0.78928886951871491
0.51966004030588819
0.73248442656582891
0.63687080046843081
0.58780667570159639
0.66225600151861985
0.63367043640082621
0.76305879682676259
0.39526489135663390
0.75505292017674719
0.36501039817389058
0.74704111420756536
0.27398255995481563
0.67136794290580970
0.31154083043365188
0.53650654546447418
0.32857112122896448
0.43554957945691442
0.38738552373018542
0.30723515537900936
0.52246788215356099
0.25245409028040161
0.59820871612336401
0.22430273007366455
0.68687533703318093
0.24530972494080533
0.71933434095015936
0.49962210285698117
0.82451495340855074
0.67308081471973336
0.85632833656086393
0.88996909962618242
0.86098206417501510
0.92778720982869090
0.85855484340247856
1.02262488547360064
0.71458150986275859
0.93232272257440008
0.71808578184381877
0.90093060977773287
0.66735074080628487
0.69927569047949611
0.68999428211534120
0.58754102139807274
0.71583272891776928
0.33867574226935587
0.74091026705245744
0.27029812269833087
0.72248998484854576
0.23766720957798596
0.62175124806410620
0.34489370179684048
0.41039949944596726
0.35668383940629478
0.37934195831350914
0.43127657866339802
0.25969785762041026
0.50831350989274127
0.19186492256474233
0.61802937324939777
0.11206612390200407
0.68215920954520137
0.08563984080512790
0.91726071996581604
0.04126124854189682
1.08686965839280125
0.07896245343197301
1.30125208523552605
0.17316061215453579
1.30281667224869491
0.20820959341639059
1.36282784726607176
0.17247868233910180
1.32386286112032692
0.18834081139133796
1.14391887954508142
0.06817509607687865
1.03520177870615804
0.00145129063667927
0.80547997999325738
-0.12517330861746873
0.71254109780516217
-0.19128263321291775
0.56282854039701302
-0.31940420312265827
0.53107691912945854
0.83059755554849612
0.49782565591411665
0.81070670115681553
0.63276462999145466
0.65658555894915327
0.58586889629888628
0.65026821826826320
0.60797679850236452
0.54246753306220352
0.66293967164029688
0.54576752820693475
0.70350079261242371
0.42597993170191345
0.68125501970773428
0.40451066104972910
0.63953701249198247
0.36620231378135437
0.55898262785554786
0.41073794261273389
0.40893878121995297
0.57211614807047162
0.26335065336744473
0.64119932386749834
0.14166485031926745
0.72705558593014519
0.15430768826459132
0.69268881750456390
0.28107635313063084
0.81458259988790382
0.38545751362726860
0.86847316405233210
0.68761744688772908
0.92974626030078034
0.79317516692961409
0.94632066775740664
0.93580882875038573
0.88110928409443812
0.91047319906174939
0.85479564678012299
0.93370596663185590
0.76702505940911758
0.81989691056366187
0.78625982175470654
0.74523578560971082
0.79051003835477651
0.55506512600446378
0.82228954838131518
0.43551791165205622
0.84106425857245881
0.30424526953624903
0.79842652895330268
0.29777654040858642
0.70257280039919812
0.31223614014874534
0.57722772834457958
0.38744734319806812
0.41730863423595466
0.44875145699556640
0.30794458177462997
0.56380251896833788
0.18358718338243621
0.65311156247489355
0.12761512260876146
0.79376462858064178
0.08548472847077285
0.88981094394020033
0.07446563913495263
1.07419494736717969
0.06206352332825545
1.14739731015145319
0.07763130390041340
1.32650078199249233
0.10585198922182495
1.32713431165969609
0.15937900747555045
1.25341487478847768
0.05017167763363987
1.20951464216755067
0.01157480950603622
1.01458108374634182
-0.11521585657085831
0.94895362009455453
-0.17000087556520616
0.75651299025781726
-0.29102080272627739
0.74457187803587810
-0.32602503845462799
0.35853197696731953
0.90716750701644722
0.46890058634296883
0.80949511833216348
0.46180370800999293
0.77357656079203152
0.51063779443421220
0.70674185094994535
0.51140230977238654
0.66274113074734720
0.50936042109833524
0.65375066154174277
0.56066472754877406
0.61501938698863523
0.61422067105801270
0.53516320387253902
0.56285872828331429
0.61935013348288370
0.47706266799441260
0.70728708744240720
0.36811233886925043
0.74498372920741929
0.19999572028521787
0.82804090065435210
0.04389080830684813
0.80718530683613787
0.15115477041022071
0.93563944678102651
0.26405667534500799
0.94747481242413834
0.47626652655417523
1.02311977556380773
0.60588458933434863
1.03377006240549019
0.81375619120017673
1.01812051910284151
0.80138868384955775
1.01963557886668843
0.84177502874746679
0.93094827905341515
0.80841587262611747
0.91393819701358525
0.81254417484934771
0.86904958583206315
0.72834083006831130
0.92994174425183518
0.67752903134858733
0.96418055481825715
0.49045931550625632
0.93617332841765599
0.38270414801830888
0.91439095711546092
0.34802189429261854
0.79884100487974441
0.40328651945060029
0.70085117223596627
0.40060252956807274
0.55376162049261834
0.53237341526721016
0.33729820057102516
0.60413745943825448
0.28038610693559907
0.72248048513235097
0.19373322646106977
0.81048694305664626
0.20220297025429343
0.93056085718705628
0.13594021094826086
1.00174612072689229
0.19370008042800504
1.12590234938983502
0.08554560028079362
1.17260479733294787
0.03494494687436481
1.24900024963103107
-0.00087259719563268
1.14641100513989147
-0.08039123689089343
1.11116867364979566
-0.09194261478007659
0.96675638384949525
-0.22503934328969211
0.93492944857559424
-0.25147259754034745
0.78747256237516250
-0.36055124678039147
0.79556755250856359
-0.41402639151022291
0.21480483299458880
0.93140748976287113
0.23049910623228922
0.88294315281309665
0.26833387263718333
0.86287564515848536
0.31784375898064965
0.83891107297752077
0.39042653718498332
0.76565361631303219
0.34184897257474156
0.82224260482008071
0.43850754667436087
0.75111295487236063
0.48539498965925099
0.75692946027064534
0.52120333264527030
0.74635148110131144
0.44393210547663153
0.87568112169276136
0.31983145558623871
0.96225288390169417
0.19911958854926165
1.00749573525272873
0.12135647951984080
1.03919090062468888
0.16958331334796187
1.05646011454670319
0.34044479420309387
1.12974961458248813
0.47127312969418900
1.13790361382052763
0.69890720761229719
1.16812802187110543
0.70411846516317378
1.14040347460783087
0.75925566435149239
1.07048273181638387
0.68871221673295469
1.08175245527723063
0.74613958172222539
0.98058086498748731
0.68662495254613165
1.03887866051231859
0.75428905395146151
1.03185309015805604
0.63328479369182522
1.07332775761147836
0.55835608854806784
1.06931224198872621
0.46110118048479942
0.99273525384265726
0.45779279492560065
0.90512961593114305
0.45052689185848027
0.77865194637412760
0.49978746868568802
0.66681677269316331
0.55203939480905584
0.53944581265977931
0.66252383603553289
0.37988795847731394
0.75905092410495945
0.34981301813510018
0.86423759653493737
0.26925090199810225
0.95082968864516337
0.29101614949704491
1.04526666618052833
0.17009118712454241
1.06984220309943590
0.14880688963455210
1.17643118023425131
-0.00787424400465129
1.11065457214553587
-0.10096187231984527
1.08869237833214383
-0.08903334899593447
0.95649604715179481
-0.17876094567838852
0.95989345029225515
-0.21014978263608697
0.78766995461825329
-0.29308888180547538
0.77714274469005451
-0.33749310536756233
0.65588903046553004
-0.42677387823225776
-0.02847694385721063
0.97322103871996613
0.03032646653427855
0.92802629740831011
0.03138036108075082
0.91291507660689319
0.14890194148996616
0.89258084381491454
0.19097582753377246
0.90100642811189147
0.21124519673330167
0.93273317973770409
0.30077659076293239
0.90977119385137251
0.39092585745092057
0.90367355127440174
0.40208333783830913
1.00298253843334928
0.35751921308787860
1.13666458416835714
0.31679969787958351
1.10074705614416213
0.22628985120365949
1.21534537836645629
0.14863356147540868
1.15756018496615765
0.25996341030817527
1.25856683965439853
0.35061190732275904
1.25439979261993706
0.54266056545520658
1.28295923002281032
0.57468680537555905
1.27566830313983282
0.64494932781759573
1.20110907941834921
0.57556295120943590
1.18873325411766606
0.64950156942537318
1.11637591439185746
0.58672669724862669
1.13140576516654057
0.61165700842476134
1.14468995532604878
0.63483765244188173
1.22853064258856359
0.69711032770036574
1.26413350236460298
0.58293207071229247
1.15777338737293234
0.56052446540350342
1.13006731050175269
0.54356680877118435
1.01487108387017422
0.53614541556735740
0.90521814409207502
0.50484805410489197
0.72325581005085693
0.63144104335107754
0.62276675454066055
0.71180082144677370
0.54811469470158802
0.80849399873047845
0.43508230977294898
0.90284471650945242
0.44971359884859519
0.99017624415575323
0.32423764448381259
1.11234927507729475
0.27384633278245968
1.11749121608759183
0.07015613401453227
1.14478969279850307
-0.04548387660504374
1.11374252769250259
-0.06556670734526582
0.94563308044785344
-0.16877495653162433
0.89303038498666854
-0.18430503092392361
0.76810064565265190
-0.25064545105346075
0.71845874042116364
-0.27938828479695804
0.58575327295783941
-0.35401540804917420
0.60744476978088591
-0.40064859749634746
-0.22359315192963586
0.97070126254273204
-0.23459762470129034
0.95589737868030611
-0.12343356518610619
0.94904836080209320
-0.04815720467255982
0.95123687822609393
0.11597885881074511
0.95513803413067322
0.06617238539689227
1.02332631388146211
0.22749938122275853
1.00209109269563479
0.24375681202926680
1.07993289050552210
0.32744048249029134
1.11350073051492782
0.29806587778191485
1.23621966512801373
0.27136497552873806
1.31260133031792181
0.22970750581006566
1.28794895524824060
0.18861241053315178
1.36034199181967419
0.20327800243401153
1.31390075983884191
0.39789670560786006
1.39503670399443425
0.42072715318237314
1.38359587817204144
0.50096772399613632
1.32893531962436562
0.45108133344552209
1.30013666126528005
0.51142632271006305
1.22653077826805323
0.44982877217342004
1.22838653399427700
0.50061448494860539
1.19701190842713601
0.45257867254301359
1.29712551413857402
0.55133999251796495
1.32218744193134574
0.58615013763076307
1.35063587730047430
0.62323829188143709
1.30208923874181393
0.60773668109403522
1.17530700035375224
0.64288079708028678
1.13190644080230474
0.60468351223089967
0.96785141291600618
0.61611948969377983
0.87840836136166056
0.67719209466592678
0.82946681814358936
0.78037258538613463
0.68126079302029996
0.86228255617535965
0.64689743787718867
0.95574060050295551
0.48509855708679250
1.02545639625272944
0.42952092498533173
1.09698656472577105
0.24819426525357224
1.15007967826516522
0.19039255423996645
1.08113285683568594
-0.00115591568902863
1.03865862426372302
-0.05489499083548400
0.87334431508878241
-0.17179515975695991
0.70216409667265167
-0.22368514818016988
0.64626783705435342
-0.26022090780297269
0.49160161189345430
-0.32344154095117261
0.50840365230586126
-0.35163980675473561
0.40307081559269542
-0.42035524164133886
-0.44649805790684205
0.96100972077791758
-0.32585954271536582
0.95512669512487636
-0.29887311590118198
0.97355015416459234
-0.14986864003149930
0.98393282762867873
-0.09079336016026299
1.01902420873870669
-0.01220954827187487
1.06769110703525971
0.01470712509830709
1.13123563662398841
0.15896299876155517
1.17514635791629884
0.11834097979620220
1.29394492725457733
0.18350590042771150
1.41241838982957302
0.23729003335593929
1.36327836115906464
0.21261683374750082
1.46644874831102823
0.19497955848054649
1.44208711797884126
0.22541164678075690
1.50445246038595526
0.29703865426767095
1.48916318647338297
0.40145514978062663
1.43172758571471981
0.32531996882250519
1.41977806724827271
0.38022552590895653
1.33325898271108412
0.33088969157208825
1.32261665550241458
0.39194112283167026
1.27380150767748423
0.32668143326759902
1.33243269845922030
0.38797985024977460
1.35614481610486282
0.40444862126970738
1.45689811919093870
0.58354167883378061
1.43116726474136069
0.58805629795034631
1.36458599632724331
0.69569710368386251
1.32367485559691289
0.67908764684101464
1.14902221795241144
0.73121885613624449
1.08342251310007653
0.66528489658178569
0.95447187667652855
0.81299419637721004
0.90774378576360781
0.86545008810030521
0.87132538440950857
0.96444877298245424
0.67751524226444360
1.01914803070562332
0.60030145186798334
1.09587685266532220
0.39493847310776642
1.12144658355791726
0.28843786976216129
1.10557429512686411
0.09108852065377673
1.06989114006344543
0.04151536772421596
0.89371236315897729
-0.07466101385324202
0.84344600379324253
-0.11407569427427586
0.67763830135437586
-0.19588931914084326
0.47337120614807032
-0.26844086230032782
0.41379941112538210
-0.31172329453713415
0.30000352956486520
-0.39020208751760571
0.33842438986198464
-0.41808203152940060
-0.48538010707059731
0.96000122137614219
-0.49837145719022341
0.96639153271671097
-0.36617242817189755
0.98696180704846315
-0.32050087650539683
1.01837354428345517
-0.18131411653594312
1.05882580098220158
-0.22500422555086830
1.12526676472389187
-0.11271947798015125
1.19386094758496220
-0.05443923885809010
1.27638147263281909
0.06936648376163490
1.40430809457095607
0.10926858101681992
1.45581468505061484
0.16993103601475248
1.54544882300735487
0.19017795765133128
1.49012477789666575
0.17843596523770344
1.60119005001836956
0.18373764208703058
1.53849837762899577
0.29610100452956079
1.53791659711116413
0.25390642781932221
1.52593432597299539
0.30705217252946948
1.44240748290891529
0.23321032442886216
1.42547667103204767
0.27890957949049999
1.35744479939990526
0.24095098181833563
1.38133568972352561
0.31513138359655729
1.37320916936091031
0.27779307858451641
1.48751019219865110
0.40403090924570606
1.49512162236249413
0.46574888036837220
1.52447157289220625
0.67240824483826622
1.47010153993144743
0.72488590552522669
1.38058545753350570
0.83613729001776460
1.28150269169120401
0.82214684942717620
1.14219379774046170
0.90394976889534617
1.03614792712247361
0.94602119115306116
0.95042642067259331
1.02988849711596298
0.83515292876145131
1.06154343104844906
0.72340902916896599
1.13236918312033752
0.53124977489033864
1.14904123580575579
0.40907157292148733
1.15750320099334747
0.17198300430264801
1.13037966753439045
0.11895872690241027
0.95916196326799130
-0.01578805947866735
0.89666804905263664
-0.03226532572156724
0.69472067430489148
-0.14812510825033187
0.52625634586169778
-0.22913012151718981
0.42370774264455457
-0.27099310973186946
0.24500407282737879
-0.36491202964982433
0.24431475766459093
-0.39111778102176809
0.16720666820449798
-0.47152884359359193
-0.61861995250831792
0.99232092056381427
-0.49172330236664197
1.00251629701681488
-0.50547739075428400
1.01512186986320385
-0.35914767657387492
1.05887653804086157
-0.36698044375561378
1.09814981172912218
-0.26941281174038156
1.16745685394203580
-0.26784972650635941
1.23896430905548605
-0.09817117608516519
1.34987908537651857
-0.04072227394365724
1.42811113178720084
0.07965684457924151
1.59304974357773577
0.12215373707625940
1.55518108264092225
0.15287996071678328
1.64090989111738250
0.16137067180854120
1.59143423389912675
0.15092223589017084
1.69201470149223243
0.18187286289430724
1.65396316051629988
0.23157518550761680
1.53494370961203264
0.19521492660167167
1.52685810328131977
0.24043070362133490
1.44751872679556359
0.17297251456361176
1.45750518313742883
0.25187174000396306
1.41776752283328578
0.21678255271643704
1.48965909225358728
0.29686583877034528
1.50635297575595617
0.31801584076650835
1.58539021881799402
0.52907402471296094
1.53698726649764827
0.65384610374213725
1.50835560046616912
0.88379171738253404
1.42620836715492683
0.89889352792235466
1.32537064772293389
1.03144312002127925
1.17520356437978069
1.02847817593175428
1.05925782556716119
1.13949914705705124
0.88905237489149935
1.14584326694404526
0.79315888250509536
1.20121534885516712
0.59495350596496366
1.20845324663223064
0.48644202566264028
1.22185539429717971
0.27657333991718547
1.19762100217315592
0.20481668349548782
1.06802148017481158
0.03412235242917033
0.99277083610469086
0.01180000507191519
0.78688604896609571
-0.06570586521398679
0.70201971881528746
-0.09849582926801057
0.49729993677569045
-0.21939106088007115
0.42218136864734090
-0.27712176771433500
0.27038394039574459
-0.36949957535265993
0.13604913353936354
-0.45789608414536298
0.17358886198059262
-0.48900187177828269
