0.25446243576020744
0.55330325045547024
0.50342453509521357
0.63207309767169439
0.36735951086811502
0.51451551006650442
0.22173234248649620
0.42785997871004161
0.06399867299492845
0.32893857547975724
0.83644123806826010
0.64488471246940260
0.23298107750072949
0.21062894357165041
0.62162594182644493
0.54068912697799254
0.42841563811388361
0.24753114620613303
0.71138436564838337
0.51873396922692494
0.36039998203818435
0.38047369451048607
0.83153450644669324
0.58132402392358296
0.31171051962963314
0.59652072687530788
0.63994933736385129
0.51435622011113713
0.50376257919055500
0.67714128346200131
0.43174629082276905
0.45158228956122332
0.75157446466373645
0.69601508069196250
0.41834890736640828
0.51013195426147384
0.69585422571465627
0.66848156926009361
0.27060249845178130
0.38270166883964585
0.47284233924235303
0.64746655505029094
0.34542461889436454
0.41634521316391637
0.26415634853745407
0.50404041840310854
0.44377232103605124
0.31716564483962184
0.16356351389090473
0.43327873970244368
0.61452607314978758
0.54451617757597193
0.40154118337565065
0.32603871827531450
0.44834914391864888
0.71750556232017670
0.64987392248983211
0.49202524904542294
0.36511873554439900
0.63114031850494234
0.60087463406189345
0.56053380579377454
0.24720900786493061
0.54474770982964871
0.81223091727919228
0.51798474789266513
0.36294993237887618
0.40442355962503873
0.43055554086917336
0.44991462925006048
0.28314899907923946
0.47633466198817331
0.09608586594982904
0.69877039060335344
0.64909079916512413
0.29320591847951649
0.40921732461301885
0.64241799339588967
0.51370324369992626
0.21887694434038452
0.51733828744156607
0.67299035047213729
0.28874145642992022
0.35018077075818677
0.38808873723588999
0.63247759581496144
0.20669499539985392
0.42316965951970775
0.40072850978167152
0.71333823765138260
0.28085332480250913
0.51046460955794748
0.68175167710957918
0.68557256317468229
0.23806683293788911
0.42390313280708275
0.58344744846562802
0.55129560198783023
0.38580916559131229
0.43104883005457317
0.66355535952804912
0.57361826345657430
0.51662131619591900
0.43507142878132621
0.77289378384220830
0.60712993934418080
0.52809606527267350
0.45363476060051000
0.71503395367308487
0.56970711636505400
0.52951702829117364
0.59204188673772762
0.64619607257386358
0.62185790158490384
0.32440004650169929
0.49538928177689823
0.49117569538558231
0.76703837967377675
0.75542664383706748
0.53736604317180192
0.30468189004750890
0.54418836443036644
0.69876924675776952
0.54926657151874603
0.21887654843396942
0.36084155660281952
0.53376642491347170
0.51285637616585800
0.34300985490945268
0.40792733052096242
0.32453272830116919
0.54930514644928707
0.40341221133175720
0.37071626856600071
0.24684858395353992
0.42038564933730127
0.34922994770231874
0.35892331791167004
0.24409119277884861
0.37946970863594420
0.50152469317037807
0.62931598789670129
0.65621305445166800
0.33971502561115330
0.49261948052871751
0.59888547166998640
0.77399212407271623
0.50827674664363642
0.18688642095095753
0.56143316495651907
0.42118104389269806
0.54051303546978779
0.54956475117662451
0.49013489657320547
0.49829013530762267
0.40749496810935931
0.19416865496065228
0.33124539498179945
0.18665453890839145
0.44626467801736158
0.83662388366880469
0.34138993885431640
0.38641734709816533
0.55068658426368566
0.63422087986010078
0.28850317040164686
0.54598609697090617
0.59943939524567824
0.45259410680463119
0.42100254488264777
0.47651091826998232
0.67782768531918414
0.18227030563609647
0.34403570378325293
0.49198458095365194
0.78824144064284651
0.34506168842927631
0.75201985941675775
0.54098772369088033
0.79363944737375669
0.28265506803213725
0.49133249508396698
0.54248612162403498
0.62335242652103351
0.35889812800505638
0.45935272524603243
0.76785406574929371
0.60214804384797249
0.21216936421622135
0.34843180366372173
0.78124933234254978
0.58692289819647847
0.35779935316936806
0.42256128380299190
0.79853719146067936
0.34300833711083006
0.26210438962755211
0.66480459198116437
0.70152666313260559
0.61240220378815446
0.35054048091327628
0.53444036102440784
0.56459622742518412
0.65660860023142176
0.48470964274820916
0.57145722465816107
0.34209604299559493
0.81896211933393559
0.88398617394617618
0.54405805578591904
0.67906025832475492
0.51206902200099302
0.83245215115938864
0.49293469029730264
0.29903655943104457
0.53865377069462284
0.52806010566976647
0.44937990941502581
0.54442757333004244
0.51903792937262905
0.33221979671687352
0.46743017427226063
0.58670844384754683
0.30472668779239409
0.34109391471385242
0.40598729558993468
0.75001449860880232
0.34666153724373705
0.54409176284934557
0.30833109629386857
0.47738303477746880
0.47936189832596965
0.74820784750227964
0.42059515538502590
0.43426192661553387
0.52667641934031928
0.41197419970802773
0.53623018964118574
0.04059359330971801
0.47231178166004761
0.58776358608346158
0.43986259766607932
0.07672045857196352
0.42893516346591765
0.60147962103919239
0.15788248807131972
0.51000773283824863
0.37667554134219189
0.31360030565591457
0.31432018779820325
0.76418158221103361
0.34074525867793609
0.49289937294524300
0.57684165505132157
0.58361626849827519
0.51695365728148412
0.61464922339888628
0.85560806805743939
0.25733847753809980
0.36077626975652777
0.51643533262254038
0.72451525885193480
0.16742312689777700
0.47807587515642708
0.46078453966362565
0.87530885092571031
0.32038073054071814
0.56894303588194606
0.70042505133043020
0.92037117742619456
0.41294893474262157
0.56436809450654812
0.61650515189112731
0.62727224586662866
0.21248559485682073
0.39283061202039860
0.76562047782520881
0.47848999249151442
0.38629731693162450
0.42488487862647822
0.73756138848996833
0.24261445637305823
0.51593536804721873
0.29072549830038463
0.52933191676583768
0.44028933795272113
0.24164128107810257
0.65977217322400272
0.77580852752113127
0.67578258319800966
0.43416776225060938
0.16121003629425190
0.46883570186320500
0.52293799290435883
0.71742482166267529
0.32323468961239687
0.31923614142176193
0.60859253637451327
0.75210258988997736
0.53884605340703517
0.37591107763795861
0.49079247195582909
0.70462025260869843
0.49079751141881001
0.40147520764131289
0.87276396717473947
0.14111604857322657
0.42951939029785585
0.48793513345981177
0.40229314447110592
0.38759754982254968
0.45037258066150254
0.56361106219920987
0.24919483190352643
0.39494061416367321
0.60321163774303144
0.07696414645614402
0.56921091780363731
0.46473659559730895
0.47443437984833470
0.17907022724711685
0.50993672149051883
0.79803956348290994
0.49985374437736951
0.54338049441556402
0.41843543195227378
0.39872559627474735
0.40832286500985204
0.21912220673533955
0.34939523975219328
0.72333509316210265
0.27888148280413505
0.27338285973236454
0.53101271576178610
0.38228578682282388
0.07797608149534740
0.77757696678547861
0.69785376266214982
0.17255686893104361
0.46503895227178610
0.56344209968430203
0.39662210785135649
0.49949628168280069
0.60256786516627725
0.37365274053294928
0.30453593098555864
0.71812220323355946
0.80733620231369341
0.11241936623245752
0.37745224108454251
0.31785777867286669
0.57449865632806485
0.41129591057972681
0.75281780343567406
0.59478644399326408
1.03676468718188919
0.39074346648422420
0.52986578292707109
0.48319901572815049
0.61856071357539832
0.41867010809789895
0.39304989842951710
0.74842193641979537
0.59248705825053094
0.32051720216870805
0.42388908573769468
0.61881269553806206
0.37667088555428940
0.49837426728654932
0.37659137740646892
0.66013752739470910
0.19350365733500430
0.41832060700515733
0.66201806966583687
0.76469718361260586
0.67965900685313363
0.69044720491731604
0.47557932024377869
0.59599863303234268
0.48959974665295469
0.50701379306914873
0.35176466561206032
0.28106366984626741
0.69727306692445401
0.90208668990967411
0.53122029565405815
0.57172722144883548
0.54728202821161920
0.46815740342206702
0.48658838476681421
0.24425163852830201
0.60166963410282781
0.53898060164655881
0.46470754142969772
0.66298500214951306
0.66398895104960953
0.40088125762209043
0.62229463843871313
0.65430679488401056
0.26937620061280987
0.59734435106812822
0.34965445735168177
0.43664674359058553
0.30804553593194151
0.53422784311054483
0.61980274797811796
0.05758606953098655
0.49563415091529517
0.63225459681339080
0.65084930820343556
0.04563340690796225
0.21229200582250163
0.49862311041888008
0.41631326535778918
0.17903240457872382
0.28758636123607578
0.44073996769131707
0.38467884424656973
0.11878295239375980
0.40049447427607432
0.72283322724906407
0.29491683290357246
0.45267790907427718
0.79997567951429749
0.44623892549622945
0.32126119898234018
0.52119435746483733
0.63142291961542718
0.27930468674993492
0.52119859641564936
0.49117340533166826
0.51306940109038213
0.66151527489588879
0.73994607188544159
0.39566287107711517
0.49486219282059468
0.57989806419452916
0.64270641717335897
0.34890498159198335
0.48897022287685210
0.49433010207625577
0.95862479043204496
0.43629077733545746
0.49833160821993006
0.52619593185620139
0.81388978999714412
0.45790418802956978
0.54049950751435749
0.52173864523372493
0.47229164459374462
0.43969245804184259
0.31606902133963799
0.72613424145099903
0.50990660300799628
0.47315578939170466
0.48009028865697001
0.62099335386691901
0.38684886394523621
0.47042193854582948
0.61237436845195892
0.52415992677040779
0.28894625048388989
0.57731513191757111
0.43092364882599687
0.67170704141981796
0.49829630367525257
0.63101001771891396
0.05463494326774043
0.41551858962024713
0.57907561821299225
0.82894021214426117
0.37569619005999455
0.29529241659890360
0.54315032828986198
0.90128757920044289
0.55777058801507806
0.19757067587453359
0.50348039007145517
0.72228021846084955
0.54561151438897171
0.34091117707976093
0.69504026442927469
0.79989583694610844
0.59410785324393189
0.63355233570460834
0.49964579894694849
0.91546901337396380
0.63046341447660859
0.57805198030968974
0.26972599233577099
0.55993556878552675
0.47727170609518271
0.25513051138237441
0.42618375060174946
0.45633523650331720
0.62980429415156625
0.40110373452876902
0.58539643793606122
0.46472577444175317
0.73857655146437584
0.27732610234400418
0.26723040152778532
0.43361989907156534
0.40460052284886594
0.38148846125856795
0.25784315026632998
0.91101251406966455
0.42868619376477590
0.56784461532299435
0.46383989742734538
0.75926145886937124
0.25366586837995952
0.49599718263171799
0.56662894878698811
0.42194589151702655
0.43666427655309781
0.43869198048290425
0.76470541862692232
0.72551710041930995
0.81266329153619976
0.48119195739630083
0.59639650248037412
0.55007488915455061
0.61568741222237899
0.12075002646515942
0.26397083440049374
0.66735171316136643
0.63493015021303378
0.40746311477559050
0.48696113891369674
0.41700276192670421
0.57158929709532047
0.44319735952349326
0.34498324152310067
0.51741778745024314
0.55267655181637876
0.49552678682921680
0.31585741305928650
0.61273628408761227
0.57803630446495546
0.41583110018878283
0.34674522459197510
0.79228018251660537
0.51286765459731620
0.31443568655497672
0.65372127578806305
0.53998988457176111
0.21467871377181813
0.58365353677090526
0.61342572449266208
0.44767547930328111
0.66870720846430864
0.65339440143619554
0.15570435697405360
0.41463144252176432
0.54792298567239384
0.56624375029804230
0.48831249817962996
0.55775600885798360
0.62325058818924362
0.85767018883146251
0.47723254296214923
0.36591290524544384
0.59571040938426667
0.60723465191323900
0.50199840739380197
0.11560206651950655
0.71968299852207829
0.54448686869918561
0.55637681365841063
0.42609274039109779
0.64502721007460362
0.93253157729498592
0.45906053832570815
0.55614399220556610
0.41137103298406774
0.84023337124357789
0.46061263028501498
0.30997566702166623
0.32812053608530078
0.60744307716387791
0.54472166882512418
0.22564466585981802
0.41520194864668430
0.24954482255077898
0.51586627384952521
0.28200042718734852
0.69528226423685902
0.43041845237369269
0.62511819899374832
0.39908242592000798
0.24567916003397883
0.64137580278803297
0.49655887255419540
0.48086712580781765
0.35314364707276935
0.74980048761637841
0.46045265837665550
0.33731024406766352
0.64383582377080251
0.43563759233149513
0.49664868469662515
0.30911216839307953
0.76511357372423339
0.45273573493755559
0.48669416805393606
0.14113894331101517
0.67693006048987303
0.73612745850686845
0.75193004346589820
0.26364526149128586
0.37585345601426690
0.45904665101354780
0.51035119972620868
0.38514188263629490
0.30070514880602650
0.31656416126578174
0.86288818527054600
0.42976152812805135
0.32893496942739597
0.35930044262213989
0.80184591661760873
0.52742509522664649
0.15433823971514848
0.47197039362200499
0.46923691852778460
0.48098694318934332
0.15889120214135544
0.61879027217761151
0.71181213784714892
0.37413044654508409
0.42493502280386491
0.82101468388311127
0.45897079192240919
0.38279675664400481
0.69362252864391105
0.35405202418770948
0.31176993486422661
0.57562092097695428
0.34676602154225611
0.40084158028641792
0.57254727856812915
0.67670361431241788
0.30495949103477588
0.27109276719868536
0.81145867094569435
0.67248579127962971
0.56593622620499839
0.48479755903343458
0.80002905613060205
0.81032531669945140
0.46153767402323853
0.63952970802991305
0.64695901612022166
0.54488878134535046
0.57178883836176619
0.41902656640335917
0.71221776027313100
0.63443671631114729
0.47448354318263120
0.64917709830920967
0.46931036467532772
0.87838786635077115
0.27178333045103364
0.43559419469551786
0.46836647933104109
0.74530445747872975
0.42786578606728337
0.29757325673960278
0.45862053856106721
0.56037031493864720
0.58909521488061378
0.12643164271456286
0.20923663476056387
0.38903310906847327
0.82665845317667241
0.57497033854280166
0.26060727953174967
0.41978665515779418
0.72533819843983427
0.58987761707899311
0.14684125236881385
0.83071355313814232
0.50407075442147486
0.53429848515695366
0.58180302007063500
0.39786749714017960
0.63482464061844657
0.17609058392382132
0.70990672636176566
0.57038434233141810
0.33972610550072085
0.23880978052944074
0.75504121192497631
0.66049403765805692
0.55472930061595593
0.25758418833179841
0.47442733169815365
0.66395605688730830
0.71912651035598918
0.58625341692947330
0.54234488546681636
0.59630792158143631
0.42624357959557146
0.47158045710206220
0.45469248610202295
0.23258195073818377
0.76334642271278119
0.57839264211295960
0.18135333832589251
0.36112982757695455
0.50464130969451326
0.56402803787382805
0.17709928080462656
0.30875447368418352
0.72688499926523054
0.48357284295731717
0.37000233303373409
0.71299914293471445
0.84353678060044623
0.37763562091555691
0.43207042864410844
0.75184280866940034
0.58573161399759122
0.23613655840946146
0.32333876071877943
0.59399014591347898
0.70196460050445220
0.64144241848505823
0.54844223782592127
0.21671831998269964
0.71717518390979984
0.63849344516314566
0.48696850326778679
0.50862343386490405
0.79465611314315765
0.67274899513450626
0.68192378248285179
0.70230745308290610
0.73087743878186673
0.68579018288299021
0.66362864014435807
0.47867626282518483
0.90689660029725683
0.44197851195150412
0.57361468376779468
0.48199281644631381
0.67009238836817497
0.67518152761470673
0.16177556560061068
0.59979569367085295
0.43125501609452921
0.52897762717880425
0.38920555416373637
0.26100109382432701
0.47824659387286583
0.18230292775118850
0.43016260288646307
0.06688090403148172
0.41167218766315622
0.37419985825263902
0.70659867520820741
0.58560433186721639
0.28031922318469404
0.37947464172587497
0.60423245023497285
0.86777113333118028
0.31069444047521938
0.37948788110763454
0.51932621088683217
0.50196308313029137
0.54041503098096233
0.62843215279215259
0.63649926660655931
0.17185153195540970
0.73747642072880359
0.30734998743417652
0.60964687430463393
0.28536730860230058
0.63877998552212634
0.52622225804920275
0.48068058436395988
0.32748241695254443
0.65423040299660984
0.65496406136456042
0.74433640424766645
0.48566411114511526
0.34926043767863968
0.66745437327735346
0.67066757827132029
0.59149142273280697
0.26488491836765138
0.26083624564461788
0.75807564730005550
0.45999152905951846
0.48385602016576934
0.14439554406534849
0.69168942626819807
0.67532994552355585
0.22330168650343729
0.29950793005963672
0.54351460019928055
0.64299721176254210
0.35767912318723721
0.23069689954082262
0.85064365343472770
0.61542866475367597
0.29606458778437850
0.53826651779236068
0.83102988313931347
0.35247921369890689
0.29618147593553801
0.63232552570364819
0.57585817980744269
0.37824988851133867
0.52362592490632776
0.54620883863089975
0.59157499372537325
0.75749164363878274
0.92839425990959901
0.48319127296167108
0.80400922030545696
0.65399844160038556
0.40375227955767501
0.64665539084242762
0.91675079376860902
0.57696787323900733
0.65817545111122100
0.65740919482416960
1.00685805370174375
0.26879610550373861
0.48271465010682274
0.46881983166132624
0.67622244675385912
0.23784458134915026
0.28602918349970763
0.64184369414406972
0.50984618039875240
0.50873851108815016
0.33286204991237012
0.46967568960891282
0.64769811979128811
0.51020494016982731
0.22882692864238974
0.16323630694992508
0.44478225233360891
0.51334455527904721
0.53411306042235485
0.49041616120872289
0.38553516132392573
0.50702301120455351
0.35609652017768706
0.60757063864601990
0.34194959575626116
0.46706028534646549
0.41026412294739256
0.64424228259230276
0.39545858539969930
0.55511660327898515
0.64577452403055924
0.39434900823239094
0.67872313027427422
0.30429696793500322
0.74759753199093282
0.09290554728494183
0.75296871530756126
0.48087552947110856
0.48589039785114468
0.43674987566100348
0.77342460723915707
0.57441920862787066
0.26267750508634191
0.57076368800509325
0.47414251280007835
0.57629882402082755
0.70979610391497094
0.62093619655861143
0.39349553199829679
0.59839932646091953
0.43021442674269539
0.69740898057423006
0.30842967834163976
0.47780045839445584
0.51419696853876951
0.63124662688955036
0.34362444116921742
0.39325215801106816
0.38009924048806609
1.09704958531730812
0.20065643058063812
0.41198303147347370
0.47150431522153113
0.87769647636202253
0.46495514334111554
0.31238392794988645
0.69181498875243341
0.58611067999628519
0.35360429787728631
0.33828176178072522
0.57545786792003606
0.17380617354489264
0.15461944887075157
0.67431510010883411
0.47056962391414803
0.47835944817855386
0.77569230009662249
0.68322874798208866
0.50903002596993685
0.35463568825831326
0.41659955714510827
0.75629197484884148
0.92064167392733742
0.50365390863201154
0.72158622596939603
0.54302838209542481
0.85809994402155776
0.24591353005451044
0.59698229594118279
0.81168761191347227
0.73752339150998725
0.25852225145700136
0.55677501625048986
0.68898031157885598
0.53958464161127562
0.58242085193785786
0.50827861496666193
0.61448059920659581
0.62394550311993158
0.26384519870878242
0.55837242399456277
0.53837210872513763
0.55947874635440531
0.21032025718082692
0.36669584172187353
0.61633228651429794
0.46296991146256461
0.33507824107079098
0.47922051073285915
0.61871925526203753
0.36348098122800088
0.28760040709517110
0.38800289821848216
0.51761621827692461
0.39180321533573981
0.16894473882669392
0.44032791048568282
0.36794123000738443
0.54985660868900499
0.60748852706340173
0.73963753413888822
0.45438896806414930
0.70548355888208913
0.65924822338275235
0.59452221679454731
0.54426792420156356
0.64656750523742790
0.63541988723845688
0.50902368215477256
0.87369368589719376
0.76114329894357236
0.38013411712591516
0.79250702112580207
0.79480613180582349
0.26731871433094545
0.45836357339066003
0.68488528884613864
0.60215023142934032
0.25664207305156406
0.38469310674098772
0.61631630411821370
0.79512761273618771
0.22433307661494711
0.61969157622160054
0.26962884354374522
0.70989707603469299
0.20564489033461333
0.23408954697883133
0.18751968495376492
0.89187444301254104
0.40844141023170411
0.70671888509896486
0.47103108961614909
0.69810886834239771
0.58703138274160738
0.35760999958059569
0.51640211835994665
0.45411631932329644
0.44112015035083085
0.09899322934315768
0.37376653855213099
0.20789553749772061
0.82459249422923175
0.70511121384271624
0.25192475126679159
0.45988750759720654
0.65752314465470441
0.82138500309536600
0.58822160373091037
0.43341625520329430
0.63564760596772396
0.66796475982904269
0.85303217090985406
0.23018434416237532
0.63878973266641181
0.61155393347513676
0.73616108250271217
0.20606283849519647
0.66903214276619249
0.66170667442585329
0.53922813118613400
0.29063095871388711
0.70060477749563832
0.79613383480517097
0.47431563348770867
0.21601837122070600
0.78602180586677561
0.38409749788393754
0.69404640443648802
0.28070644019978486
0.75310409253234045
0.76678267267900968
0.51007175087546608
0.30911039602700163
0.51714993716296043
0.71256245916727246
0.52647616140671527
0.28150282796497628
0.43947587171548219
0.40240889296452353
0.37978503697087634
-0.16678574367853438
0.43789811605193174
0.41904460424425516
0.38506905321834528
0.51095614218617835
0.69049554962557558
0.49422389808035955
0.64862768198732890
0.52650008913091906
0.63814208151709151
0.30759399949218358
0.50704780599341526
0.58548486321575044
0.44039755136301062
0.75397436513454397
0.67709698022860143
0.61747780775527938
0.49017603790340758
0.98319213410706796
0.43661855214967260
0.47081711164778328
0.58892611182380405
0.78493892129929699
0.23824290619426125
0.29526337936540692
0.62779219418310661
0.59178919292367249
0.02548589229365084
0.40979975929301926
0.30625431883897997
0.84240222609653159
0.17454996828412625
0.29287331263237970
0.13814705869902760
0.72773490750492176
0.44002588282442595
0.36632023732464841
0.08356558939121439
0.83736257948036696
0.64775462662623740
0.49356972571791285
0.44736782286149124
0.61742708186675932
0.51819082139964678
0.15315919069111494
0.29391831496253201
0.55582640222806434
0.53802561488039657
0.42934308360038292
0.08907770844262430
0.42802141637607588
0.55643167919365399
0.71718095893041878
0.28139434072386288
0.38283563669886056
0.59862856480951931
0.83054543758971267
0.61570155634110391
0.21227049525580655
0.64984358922206986
0.62541177010581328
0.75450679952527411
0.16038600359924360
0.63075158371105677
0.74565681964282693
0.54654714511942837
0.23378537475008160
0.83146583937216723
0.59114657290873918
0.32964068500388621
0.43257642314323402
0.91322502471860312
0.42685511847178048
0.42021101318694887
0.22151105692577031
0.83381144926934547
0.41012334091092217
0.78655766918250636
0.39247966629935060
0.80566028049457217
0.61218582166771607
0.45967787892560169
0.28601867966733197
0.39034222299214766
0.75093974566807087
0.69364763464254375
-0.08219144866230726
0.35226546600376063
0.08114818465425155
0.40633801712014073
0.01856137432348648
0.55471107136616804
0.40073609904170038
0.26401580983472739
0.58185847703521010
0.77021428900716005
0.41082381825829983
0.41579421797095439
0.64009911005943365
0.73859611525883584
0.72521583454305261
0.69749258978553064
0.38892559258623138
0.36777338000547333
1.01506770817816916
0.45315092828149495
0.31581698390320001
0.68408571054517764
0.76676436707406936
0.28346080873838875
0.48354461896574097
0.41096911227386324
0.78975245388003790
0.17115220410948490
0.45134029841430096
0.45913705390281939
0.63782327919344728
0.23809234145207675
0.39531116461878912
0.08389956578718771
0.67823171524545756
0.38175090610344165
0.33631538542755401
-0.00526672073382561
0.44248237909300037
0.58409673076601720
0.54740260721611345
0.13859328292976070
0.56659635950217369
0.68635116416344655
0.27232798345042913
0.05709089036096127
0.63797056024298970
0.52858574193581420
0.31476765982900035
0.15019073150702572
0.49999960733262744
0.50642317191919228
0.57594500464790677
0.07214413131768416
0.40785277831789002
0.54772021009720917
0.63561680658674602
0.27074582691487514
0.09743889465336286
0.66539953273050156
0.54319334296710564
0.58179701079596280
0.21463347063874161
0.59140363811228991
0.61439548780751474
0.78439090092428754
0.33788052268838020
0.65465519142373230
0.56839887925970733
0.29451067894537031
0.55179852365561266
0.77602842338853295
0.41049656949477847
0.44653483622279122
0.44838141264151093
0.81636427193460248
0.38135360027966614
0.37189353721139806
0.29408104197618229
1.02439045791658434
0.49964373073436652
0.64789451269417186
0.47697426022816114
0.44228011843030357
0.63447347785072494
0.56936349152868981
0.41973535670378931
0.44256300192107223
0.64388198248162720
0.40446688553403481
0.18502996697737817
0.50271601668623034
0.54258729854012755
0.25851955766012430
0.37511724895555343
0.76011387030166255
0.40435400534366078
0.18397086046650080
0.59532776881579741
0.69115208235473535
0.50011084389878957
0.34140838286838970
0.53337008574081501
0.88603388810964989
0.85398373353870394
0.19844110074185606
0.60718081760355669
0.62663375904147678
0.78197131849255508
0.28735417408438219
0.46392293226848497
0.46195656794480572
0.61556825919237379
0.24541808938074333
0.35769499526742032
0.36467067804546666
0.24868354970716861
0.47163772025421580
0.32804944842624095
0.08381926359591330
0.51074866239017935
0.23298929491744957
0.42629560496125241
0.14379129739409313
0.43082975708465698
0.40481494916747673
0.35555261255879145
0.36467870271417724
0.36829451065950952
0.69044228316061995
0.57928746019346944
0.16466024541961677
0.54932307219286580
0.72634659572642879
0.42196332282366950
0.25226331515084560
0.52943052484847031
0.41378294300163510
0.46098546385100775
0.26377161846867314
0.43365173220398268
0.61080720822686108
0.45745488982885374
0.41249316677136061
0.41723446443558682
0.31718912398162402
0.68341141172826825
0.14218087732615226
0.36786655987155603
0.48014754918552105
0.55293948856069031
0.76816441738481833
0.45617755920096237
0.71176468332182674
0.49205633255397885
0.76973412959653809
0.73695357223406188
0.57419499857302614
0.34767363719345601
0.45196933254496130
0.74911417049419371
0.81842638143818824
0.31874543902108143
0.43746215447683873
0.42645393891750361
0.88720583598989966
0.46321624496446595
0.49644338560077184
0.39615654824690905
0.80614184683816570
0.58853626183229846
0.10902700725508474
0.54840513700309490
0.26329290214293743
0.61852332397916776
0.76190065067854662
0.40277330042141846
0.62186961329095625
0.67208985813530520
0.18436190995278612
0.38613245851555278
0.74601763095065943
0.42374730966374063
0.29911316517815267
0.52044653147020015
0.51899908722773069
0.52592234034799645
0.46267768060070424
0.74099468080670505
0.82830256979816552
0.61207885070940238
0.35894101601369743
0.77933577034485058
0.41043576441283591
0.75105255173829089
0.41510819596018700
0.55363092683046167
0.60835933518298491
0.72254301329733295
0.20848854130637490
0.37841908002899061
0.36216710674767610
0.60187270092232792
0.20096926904389562
0.16834725103299658
0.34629307476561699
0.38915877979559937
0.44832941637653978
0.42224313415640097
0.14133216020378880
0.58688216597924281
0.46254358873877893
0.32144545753501397
0.14746605774462573
0.37630969285472188
0.55982301909021470
0.31744742095498013
0.39051252121254765
0.40041887331174264
0.86201122269949026
0.28628053291601174
0.44070962221770971
0.44980519553256770
0.43738491678104846
0.44772519551613682
0.27573535917122133
0.59006509439817090
0.59085174334625090
0.49904948034387425
0.17375948432054933
0.18140315855151379
0.73807764327053693
0.73440096989238324
-0.01909579933049000
0.33751012840240796
0.34699935810524063
0.60464365966010736
0.35212801149107409
0.38854694794658173
0.51823409399475440
0.68424833832336762
1.43236446056492328
0.86657080314414314
0.52986068888596694
0.54530507361369029
0.56656956417284521
0.80508364723570947
0.63700438056337672
0.39982403075339246
0.58783764023616081
0.60334000932762566
0.68174623560556669
0.38238389424977981
0.24015567494774415
0.47138058313403458
0.64083991069615598
0.41799121850114673
0.34374672457488520
0.51029424655050093
0.55333904928701672
0.42565297138369734
0.45893713094192484
0.68809204393519841
0.38405497613957906
0.59311691849495007
0.46060222702212683
0.54167055137657416
0.65771432102806926
0.47411065866692731
0.32100284005669832
0.54461960889192662
0.66666153059719169
0.46310379779502969
0.35764787221265681
0.66917598853639837
0.66909731973355879
0.47718877136834303
0.52068675044370483
0.74885302460259762
0.56913342555650781
0.60380412734275635
0.30239817053296025
0.65453122001948427
0.63879056826503611
0.66142313932417263
0.32320824760143307
0.36819467301858572
0.47484179623615597
0.58636231602628675
0.23232514711277569
0.21218213776750783
0.37217627403145159
0.32925490282568620
0.55351779810203483
0.40890900234862498
0.30408586780614488
0.70583357029697380
0.65234734001574135
0.40591614112437618
0.23141001722399984
0.47935716598671074
0.28777373550615332
0.38199758905472836
0.25376121543682001
0.52423703010932066
0.47832619482513572
0.32631641728673288
0.38023559840106419
0.52469287292437827
0.55488002707379080
0.29274821473079482
0.29258001197878564
0.70440435533640522
0.64348327346436118
0.55694392836139928
0.25035123297410966
0.45659289771029987
0.40796280398969698
0.49983665419445283
0.19363737199358344
0.07840164435459712
0.63681242226931900
0.48751805365451034
0.30646746884531051
0.18991274532277902
0.54909079251832771
0.49175010908944039
0.79912775481459375
0.75118158566633719
0.34241468232386701
0.41103096127967786
0.67721321711836013
0.86951432397747541
0.53624951559414535
0.30359107221876747
0.58933056385030458
0.60925270080002336
0.63609011208912392
0.31099449096766862
0.51561093293623839
0.69077743355995469
0.61778895405011180
0.30505698512636514
0.27209943830606054
0.47904726395388925
0.50697504188453946
0.30583278640234912
0.37972481012579595
0.42348583806882434
0.53671076009333163
0.32980952549075770
0.47304603079723700
0.68832475292045903
0.86413044203837774
0.46792823781230058
0.25508555141503164
0.52610836852840537
0.61634557836286674
0.44640130022792890
0.29559394048319776
0.74729753000819077
0.75642764462212475
0.42342217533168647
0.50975463623867046
0.63292268160345688
0.56946346816319848
0.46226507484188206
0.48436060673892162
0.83159690616721804
0.36164162327269506
0.73861690233450694
0.29563852857508965
0.47202563625553345
0.41658464993662836
0.40962262027710594
0.36249257136158514
0.18520633062407044
0.42495687344269262
0.52710226900144852
0.26746337814223631
0.33036070026171238
0.48281412765773335
0.51207359291750143
0.64505210881272079
0.20282901719031865
0.23703341626161989
0.70779555547726314
0.45640830995095161
0.35014806303659263
0.29628381084940447
0.74708221600470270
0.39396193938227181
0.43718637860036169
0.35039798647668891
0.81915816971686628
0.34267526739537685
0.27258063450344872
0.44755913232085798
0.57118673268327236
0.39478964141167860
0.38767537183910189
0.14860449807750853
0.44537069829022552
0.44511646246851944
0.48189171558350896
0.20334998367321921
0.24052299470068211
0.50337102066801775
0.39168262389733294
0.50188997531286050
0.09964925749335285
0.65704275311901483
0.32376883920968413
0.62447418338487437
0.42481977559061945
0.51699765859880564
0.38281495502566643
0.76274489614459784
0.55769811921154333
0.55704569330969145
0.22102038849313854
0.67283441085645590
0.75515988549266122
0.61855819169850246
0.33241412359190214
0.57724562136007007
0.76037292702528303
0.56862294401960600
0.29202087008554900
0.42610795306748395
0.53895289977614513
0.36170414363716202
0.33740461749244632
0.30447999506398293
0.68606421698454811
0.61893918720345775
0.41699723209624695
0.55399699981406259
0.61145575982652045
0.63881872319336708
0.44099916581769738
0.36604611091112449
0.53393994781829779
0.78956184552547770
0.46336686074018985
0.43963724578442365
0.57216882977543304
0.61049582769609767
0.46368401929764014
0.39066821962421355
0.66708988055690022
0.60017150616941706
0.31664670365114445
0.55105557606930233
0.60470693466691239
0.37713330784639221
0.49689633723774801
0.53599862049484170
0.44472293556907838
0.36191678665140919
0.55817179046936793
0.29530775020632283
0.23133797442513593
0.42216406362398473
0.38669691874976153
0.32227460025431931
0.17857110772257445
0.39998005701018369
0.37546119293964447
0.60428495162074136
0.34766278282330293
0.51113739027770766
0.44498606942016428
0.48719258637137458
0.21035666838056810
0.36886870681265627
0.62421287953825633
0.41816776821985291
0.29810253342235449
0.51058463479277116
0.59417824014129961
0.37661450860658341
0.60325864139251562
0.41846043120524723
0.52269179088302875
0.46138265667057926
0.35445919102025941
0.60204386721693171
0.24256417298926491
0.54792303649632845
0.54933683241129505
0.22616378973265572
0.29590496277352751
0.42465483274335653
0.49017277907281009
0.38547413603101155
0.42169192155162416
0.48443264565568622
0.86471633703274353
0.52160188558085263
0.44063281945127952
0.52540286779913181
0.45467997178957181
0.83135626110182659
0.41713458241217910
0.63507597387785808
0.17031600792350265
0.70903061142591861
0.48471715833098106
0.63416720489498046
0.35485095240324316
0.59988573997784711
0.53581722003372201
0.63673470807787969
0.17261040349313961
0.53316367139279519
0.76665197505238247
0.39186634849101376
0.51326294608078282
0.33329696545596343
0.85099835978904959
0.27151478127257878
0.25931953214246217
0.42134528209390448
0.51358434983117074
0.49140001299033448
0.38000048314883056
0.25915605579255430
0.48580435231519464
0.77166188258422219
0.49499827546331909
0.54979419179221445
0.50654309317578039
0.76363494869114168
0.42614842576187451
0.17979978607308711
0.62350962974746116
0.49835691854616837
0.41713976944792763
0.43036907256609813
0.57499013475240657
0.51757063463759279
0.27640297054403595
0.68899004654191343
0.43681607641552317
0.15862268087372855
0.75065249624903618
0.31302069265660759
0.56723076155360674
0.35403215228999141
0.36428273347543461
0.42521553002420198
0.11927839546131969
0.48894250503386427
0.48798101128635096
0.24381565833975732
0.21871195538248861
0.34167727769308165
0.48615784552008445
0.65136987985005379
0.18684664182896615
0.34633327668952718
0.68292752207638685
0.46791116198700694
0.14230590344992944
0.57365518187668041
0.57543688397997528
0.40238455082938274
0.46554356222295101
0.47339334071095673
0.73361209106214909
0.33920680048588703
0.48655854007122445
0.68746748827846027
0.51297009823285644
0.45459303576464694
0.56628043265262107
0.44688145253802902
0.32033614363172458
0.53274162445130813
0.56249258801229018
0.35578864113550246
0.24183568407895251
0.39923588458518144
0.52645741575075566
0.62537632953837208
0.48550042938542093
0.21232963418722395
0.49736229423292388
0.68797101576386943
0.65794672611778782
0.12884629680701565
0.19627778565764875
0.60155711834018888
0.24665186939644446
0.56072048635055638
0.16623476326168174
0.57346114394906478
0.46032662941160452
0.63375222911929918
0.33575962902282841
0.62528156354053666
0.67544171024218735
0.73374443847759319
0.29945588259942235
0.70087901357700177
0.74705963458486035
0.29123883673320816
0.55380174578851249
0.41735018697673798
0.54052845464967225
0.39662268758002844
0.33135073953259431
0.53940436073560971
0.39349831519962014
0.62720052022587869
0.61287808051780424
0.29189642909255364
0.43176942819652725
0.71074446545160597
0.48696158415479374
0.18072617359313281
0.50390908814321245
0.32629656467756740
0.46516539037104321
0.17866710646420125
0.74371509730667973
0.55087385630692620
0.32735166148205486
0.48272463626246198
0.49540274281403851
0.24882310715373723
0.63523103841563955
0.41766649108134490
0.75659908955575939
0.31235342276368561
0.70419307702647982
0.42966256040612860
0.16061995431791687
0.59316209709529377
0.44235589681480469
0.34773269742569901
0.28539084888275618
0.41727828074206463
0.45746840559879209
0.71402034409804283
0.28130033430123802
0.37586401455515450
0.60398757146966009
0.67497030214893927
0.18891901849974113
0.39441274273992777
0.67019241881165958
0.39827353487174838
0.15975390760653396
0.61876087195319807
0.80002825329988481
0.20769834360767764
0.40089547133977271
0.63931415879227771
0.78305720312622906
0.28294568852675239
0.47208155260960583
0.79876745230504265
0.39475424479384374
0.65688661706348106
0.55636120855427218
0.44980150684609294
0.41208968505017390
0.53885939322830501
0.46570014293890416
0.74863981052892115
0.42336347277790654
0.48674154582795959
0.27220158289422597
0.89397276025226979
0.60057895629925162
0.38018456802079731
0.21535067601511082
0.64288876728837807
0.59747645516671366
0.47715796496675861
0.03760861257275427
0.50377380653166781
0.36060828094678177
0.59703001248454135
0.08227911205641020
0.39147720760871774
0.60525806137859250
0.87320849885865204
0.50634026341858485
0.56855523629139759
0.58745718308790673
0.54277777047151021
0.57015694557294849
0.57741696900775963
0.69972321263001047
0.27605025234322600
0.46382646337660027
0.68136209865897346
0.56946650937873655
0.35376356269822251
0.77036236526192614
0.60478608303932391
0.17015620081344707
0.61899993708832812
0.67291115982785432
0.28215242524316619
0.38180583230280341
0.66167398370493702
0.49744407955795567
0.05132443905452300
0.60670976585380942
0.57076586420853492
0.39360585776713053
0.23508126176999505
0.71815169309812343
0.47290461749340329
0.42727087180265050
0.55000420308667086
0.37441866949840563
0.09455647225060626
0.73468266847344832
0.33480911644282690
0.52208568144788747
0.42596666192538907
0.53738373695478958
0.44972941144519796
0.24102670978415580
0.66243274648298334
0.33931186390361889
0.44929156084014499
0.31502498488019237
0.26709348039476311
0.48550323408458573
0.76697247352935438
0.33757158748115468
0.41942983475730333
0.45251881137486127
0.47556759918518121
0.22506624981761780
0.39458115914372688
0.54406565488939873
0.41483138903891437
0.23298712748032668
0.56194722342710857
0.70274401484759597
0.35307477054172215
0.48167860695248754
0.54042514932295649
0.81094944525284118
0.45258392229555811
0.49934927107125493
0.29615227128717958
0.56675270867827920
0.74029828683929344
0.51871045854334774
0.27738420714810685
0.61117130135146558
0.47576584564952751
0.41107538807594701
0.69486898907421413
0.68332804482127130
0.39435848112075483
0.42695573618620430
0.63934158630036575
0.70561673910241729
0.57220052120542697
0.35755912765817488
0.52586948898388342
0.55616578457001764
0.65607179067081467
0.07298600723393311
0.34931992788943023
0.48011832767003193
0.95088636586449371
0.75212918358753700
0.53606394594311690
0.65448219723500489
0.59097731224034222
0.67469315256564899
0.64737548224886321
0.66586675144035479
0.32492624661120195
0.60002973621940481
0.65347200842294395
0.58877518230807757
0.23320000410126007
0.65820211519924054
0.84403636075137800
0.36556782408785171
0.46296977513384091
0.73565933810147421
0.44042183017989245
0.53786773621099682
0.39958320570401890
0.65534041825446598
0.25174987225339573
0.45906032740438468
0.58324152882431290
0.54347869147694217
0.21397814347973676
0.56633249781918416
0.60614230140912218
0.30889424131048099
0.17915045765186188
0.37465110925001976
0.15558168251124549
0.48734192289456291
0.33287214676253873
0.33092042618792561
0.28532548707212657
0.67393661083465795
0.41377198172027430
0.40357486394605657
0.58167419541292475
0.43483631668324380
0.47324579741822359
0.25190477236552788
0.68361945597562901
0.34880596193130919
0.81717949240909094
0.39476013424750467
0.30550739657318893
0.43576044260516278
0.54065713340935995
0.21868396861469036
0.23141487599527605
0.58206679569599262
0.39913209485410139
0.40855449915033970
0.40899489698862546
0.55220986316778575
0.42266545753994822
0.28108103128464357
0.53625272932967616
0.81554588095357172
0.41532881979417424
0.46387367306584648
0.44622235444063874
0.75535660690829998
0.60046603153249989
0.51135493309422975
0.39766607988917202
0.77769382521261821
0.70859717402335798
0.42459033454130224
0.61082526566949924
0.78569226009836324
0.34548263151347419
0.39724562378388700
0.73278433922838637
0.81403780362996170
0.51278398468691189
0.67958735718242236
0.62501752764781482
0.77635586120013989
0.66175020377632898
0.28742301463659525
0.30805090462200846
0.48252667578354430
1.11505670726704142
0.67237398700315121
0.53776089058099774
0.59386006806605196
0.56088017467476725
0.84695601906374063
0.50694310168076684
0.60503651969797234
0.25479197163766099
0.67064525669246622
0.77071699514080150
0.60464700856489406
0.17688719912946516
0.60304050363930117
0.73518024278507232
0.47304223156051861
0.40054891288961125
0.63611983936952265
0.68655645062558079
0.20358062247183251
0.38068035354709329
0.67120432757237147
0.31485053239979122
0.30566383298915406
0.50907129748517488
0.67037588151817062
0.15377376181561142
0.54632423709134736
0.59087084987267913
0.57059717732236404
0.32603800598714550
0.48722847037433098
0.73364757794190727
0.66437582646826865
0.62575246399994122
0.42640005704181094
0.43781308537421276
0.65328415536228812
0.57136731358345494
0.25126338234253165
0.65565996730949849
0.53133506340790460
0.42719714123914110
0.33078319420232205
0.81945090169687285
0.34360054790272626
0.25816842432351095
0.50919609326324644
0.40841237047841961
0.34060149694280262
0.69808333318346882
0.43726920924864865
0.19062667305959191
0.52474671125556316
0.73481164097746943
0.30605743758411619
0.21478598830844259
0.81822844570757658
0.43658747276672122
0.16990098612904792
0.43330648198903671
0.67005547041619662
0.42827301613857732
0.64280236887618403
0.41664971736763884
0.83258176996987476
0.45274058984760984
0.46480759900425628
0.32463213001753499
0.61313406677534332
0.48569202835274783
0.43424711271429689
0.44744527030967640
0.66145639196893835
0.49492289099200504
0.41158486214953244
0.66242398086782239
0.75160202049984592
0.28607469690540333
0.52051883298133728
0.70551235131392487
0.88031349461896213
0.73057816954534771
0.50628502163854838
0.29705177085104661
0.48563525923804479
0.79146279599730540
0.54697275298408765
0.44063256588304323
0.42760574499017023
0.70063640102427982
0.75931401674432819
0.50337179436326174
0.52746912054721407
0.22490108165578515
0.71727694107270157
0.64800302247090225
0.63016592576757147
0.20346182471988372
0.59826777199192893
0.69059198301772728
0.54976111370709957
0.32644389346063007
0.59130535977323218
0.72853412280804231
0.40025292872162005
0.43920193640606325
0.58107178175296004
0.46411163042787784
0.45975062842823822
0.37081167137219367
0.53238797349831612
0.36920398902434143
0.31892134904670222
0.52777335961150662
0.80122774332897362
0.07577208653464451
0.52397912259321933
0.63422935574835315
0.64702474992546000
0.46113711652251155
0.39145099012478557
0.57769727299783213
0.80172834423258521
0.68631373967182918
0.52584277662140000
0.69807544449223002
0.46936651756452441
0.61525431007260067
0.32822623296689246
0.69450685452297534
0.38786409340334860
0.40577107051141692
0.43834841270179026
0.78645843284877226
0.41901704996271227
0.42825406086081763
0.54559661583212982
0.31567771442083886
0.26345414754098945
0.77667287543905494
0.52221708151536927
0.17190029829658016
0.49697250412810734
0.56684973659517668
0.52053858735777081
0.12553662052188663
0.55325971655884343
0.57154947240081044
0.21972154406726685
0.23865268736082734
0.76547290852950522
0.43118956728552327
0.21384064219182686
0.31380536190560560
0.79598630257460601
0.59666462435986545
0.38981165212600460
0.29743852625466338
0.82356570446533151
0.60683163180618682
0.49439828411062875
0.56396821634744532
0.72353562568784968
0.23452008367288169
0.60909821681747145
0.81571394614853554
0.62147472881167509
0.32071250274181862
0.67404951086702136
0.38178831239846811
0.55404524845326519
0.73919848807129040
0.53815266820801355
0.42392801141173264
0.26837384333975339
0.91400604337376867
0.53310356296712691
0.48519545300878159
0.31255352831090971
0.19338373829788058
0.68556439985758277
0.71842089675197018
0.73691476610468121
0.48141206376921075
0.66452087658348602
0.68558122505141872
0.64078827085514711
0.21837333245119295
0.54032327361173393
0.84652111351832315
0.50011360946335015
0.27539924172854513
0.62706310781741514
0.82459708153710576
0.24997394858024596
0.26067999516068030
0.83854995913214159
0.37112198057506218
0.33282820056401730
0.48746391511338638
0.65016240120291757
0.31785545062470433
0.41787025931823474
0.57553410008714190
0.60430268145792754
0.49553834923753831
0.41914587642454065
0.73891168634949533
0.79656493231729342
0.45513558272571336
0.19149240897710429
0.69744628856136770
0.54279646530754222
0.56796998389779274
0.23477889452483847
0.76181016630302523
0.37692245270869051
0.50747942520000233
0.38060025841314565
0.69729091434460466
0.29620012633428677
0.49915836810307868
0.65000867436699383
0.15833417177546910
0.19394607577307821
0.43283490854567919
0.40292697561384277
0.24307568819034886
0.38751102799776460
0.72322908697163013
0.52624246453455759
0.15274350583055540
0.47483874421078515
0.52289788609133847
0.41619698426262042
0.10539282078642764
0.64902261607787781
0.41207755224232956
0.57940523823105183
0.35623357879917050
0.57363508026650900
0.38608814592076107
0.26397251128713395
0.27574634167746082
0.69524400196193725
0.51128189593832696
0.47559970480497415
0.41506329379338497
0.69127342606579145
0.26353960845712043
0.67023325916880172
0.69625772273855180
0.47533047583617966
0.30173424382586178
0.82480550624610405
0.62057877868351330
0.50800087370608282
0.74064120087301366
0.67271100360044289
0.33613984536977615
0.47500202962469340
0.64758118165396927
0.41773349434440049
0.66071499729735395
0.37405482437488718
0.61739620307587939
0.53024143911038579
0.49697622326233404
0.62653002642270994
0.31707905372623624
0.68234724023930915
0.55684867030470808
0.74498800623460659
0.22854446002182827
0.45479121002304529
0.82443460548315872
0.72633661464057875
0.16930880846650442
0.42810678203035835
0.81882578323405908
0.44207584305269887
0.26707672186834075
0.50524626766614056
0.64877364776017377
0.38710979405584800
0.39725610984997700
0.80020305075961118
0.28057245957541682
0.39789961178060740
0.52558374554174869
0.71127828486200118
0.33728930890107306
0.40041378596694832
0.66549861764385743
0.79692730147268620
0.36357218646544875
0.47330734355803589
0.56072145364277526
0.73149461137053218
0.29959245879300384
0.32193918410948186
0.64367431376352613
0.55282080339726802
0.14533756042546153
0.43452046264564020
0.70052825770796268
0.36656470270699337
0.55552379039432598
0.23754351607245272
0.62371774402918934
-0.08841255654799507
0.10275014723858272
0.47840872865290129
0.36822896790097537
0.41219286519661058
0.24375255316145750
0.36447080378293567
0.12460590755339251
0.52704805556503875
0.63319045847255351
0.40700972289675769
0.05470535859750092
0.54736665876131740
0.35559355301283985
0.48347293717419304
0.24875427424603680
0.81333598748333769
0.44495309107665704
0.35843108712499949
0.33376979943044616
0.80893730660942387
0.37688154282537867
0.35070101773021722
0.38375528001791853
0.47927658868739909
0.19702494813290494
0.72738190373270895
0.68813983845935289
0.45000820303386091
0.37895137716146388
0.79227033090214982
0.57262840950610250
0.50547179176006118
0.60886288651863851
0.68867167790733774
0.54825532482168082
0.42578553014981724
0.88824378339460042
0.55386751141124224
0.29593044149058656
0.41486439108921608
0.81662019068122005
0.55849202167073031
0.14362852459291275
0.62627378478948192
0.31185039771779721
0.50767971126917699
0.63012858558980356
0.73069053428577635
0.32135371134427337
0.62916137540161776
0.45740160736136104
0.68388602514528229
0.42324862278926723
0.48997293608481807
0.62760865274093425
0.53734451532965233
0.42162561717934610
0.32272982142898077
0.77686815658686448
0.42381951713261717
0.48915433480998560
0.31107193802624522
0.37330550934655010
0.50122251362439929
0.64450037274907090
0.68926433459458858
0.30138638897275294
0.39979902166262893
0.51635030237694535
0.90479705570680746
0.25840192729602707
0.64882551291177304
0.40557474535882088
0.71672189267443398
0.36703688524416372
0.37880761878773839
0.65402637376080996
0.55877650239538390
0.34020809690009646
0.44973401134034929
0.56722446418215489
0.46298385635936190
0.30490389729899203
0.46675671497471105
0.73478502006924451
0.28503593838956126
0.44044187892647746
0.49648338781435991
0.71247436453317359
0.45721454120472604
0.36726777542820199
0.53409960692145053
0.33400484804562541
0.73488996703087461
0.32196848179976284
0.26938898397297778
0.11304523416367418
0.49580947409703685
0.48278453822068151
0.32985219315165687
0.17674851480749798
0.49254429127343935
0.34140593521370483
0.30530713454725156
0.28770117491354236
0.89478438191121412
0.31313214326036953
0.52612105474085413
0.48979064945240958
0.63169823119891000
0.19111918071487466
0.68686558871236403
0.57047488632638044
0.39260625346031797
0.33467482495407647
0.66590542999543190
0.45566604211354755
0.41446920684429389
0.54759477861764116
0.79337008161342548
0.44929478858952976
0.45568557823873457
0.87075718058142682
0.47098219473548658
0.33766776399185516
0.57075912666597084
0.72788362447547328
0.40460234596322892
0.32501709059938633
0.66651375015740377
0.56247213185643030
0.41433017702556341
0.44772368736142953
0.77993468703423108
0.45150971707869958
0.37920482871716654
0.71140005792399852
0.52165823746491036
0.66490554915334132
0.46708102583954014
0.65641358533104799
0.69015027307025090
0.36636288661626726
0.37805290382512030
0.67656639860186252
0.57996886525898272
0.15590903467248529
0.33360017216100007
0.79749670266013972
0.66105473302571149
0.72998180801965162
0.55857070765163808
0.35912973075945442
0.35260788879829963
0.69328418786036905
0.74507139896048769
0.28119001911367869
0.43533704024089037
0.37850039052181472
0.65373169031025080
0.32228695301933763
0.31529297432276426
0.58967200665127928
0.65924338622110978
0.38538133789684736
0.39330456960407228
0.76763743759643288
0.51060620570640791
0.39831134165398985
0.45089249069350257
0.74755294130927352
0.38403305470140142
0.32252691361276598
0.37073234334919547
0.64396572206094427
0.42263360111903914
0.59670595624320233
0.55357106633175979
0.79757761255872694
0.65066179083787334
0.29991134199644642
0.31104224792338198
0.35886497145597646
0.34920061199997621
0.39136508178277335
0.29870429633655432
0.22796579624220481
0.48595899662953440
0.55519452745012321
0.25881404874729130
0.21250081222339340
0.85888863830004669
0.49047080034711377
0.28684350256953289
0.70034381125124967
0.58815076453558712
0.29295925040518800
0.59543884061175900
0.41819540365311703
0.42363981344541091
0.19550548099152143
0.67521715264232030
0.37033774495729377
0.56558487612689767
0.40613963529893693
0.71253178348322943
0.46274428756116154
0.52998786865472347
0.66261589261873699
0.52943580286757008
0.62059271494450197
0.47210756162005846
0.58813951331503966
0.50566500847112783
0.37766404324604663
0.72560492338999105
0.80129885643083454
0.26981269779912870
0.26957237536330358
0.60004920096014513
0.52112679104361814
0.42637366700071022
0.44650175855003543
0.88279732392859867
0.71219497698127376
0.46698242716915539
0.74806504984327216
0.66002181935451965
0.66559609080575532
0.22697701564503425
0.78695236996066986
0.43835181001572715
0.60695183211012349
0.54903413462313633
0.59909978433983035
0.57055352203866483
0.28296810782623238
0.50486500547104218
0.41451407334688600
0.64505950100023546
0.74948491366319803
0.73543180634581684
0.11803310806183465
0.20084273993789536
0.47099175427668361
0.59275220614999047
0.29722652162987956
0.22706336382035786
0.41691406155603061
0.88754364221775250
0.28060807439974994
0.43145713141217473
0.62559832102404411
0.64261291290904199
0.34008945390787670
0.45126530073680132
0.63944810087931769
0.46705721911054754
0.30515546460313359
0.37183676695136236
0.66058415374583235
0.32372456500304253
0.38064719404223002
0.37793192194933356
0.60391867471942540
0.19743263773317454
0.21176882738903169
0.53169876882070977
0.77351373875941609
0.11958444429351511
0.42696517088068564
0.20690092687681838
0.41220590686631220
0.24242063261033789
0.56753771676905285
0.36032987952522610
0.29114290507576657
0.59201844957411764
0.66332142826954110
0.41148292609829684
0.32166140653464953
0.64303411091968288
0.17509775922868998
0.64567046684173124
0.60340152757263021
0.54058103075442410
0.24587149823037513
0.90271604056867716
0.52130158468052001
0.41996356672098412
0.40406921411655500
0.86901056677060240
0.34112892174916193
0.38838653313747895
0.72298885320669604
0.67509441710682971
0.25191861231462653
0.53856639760692127
0.48515454669726410
0.51403680231448901
0.45460226839661033
0.53056234499280208
0.62226394132316443
0.49529173683653377
0.32616177462147500
0.59552550664020099
0.76776080929089674
0.51858530869193642
0.38089310793675168
0.73340125688494717
0.68768934269754967
0.64013159361914918
0.43370900141640001
0.81765094589387810
0.79558139914197146
0.35115972822281982
0.59661111880586981
0.52689867349706909
0.63577307443444941
0.37529020862329149
0.74249351008988196
0.64178848049160186
0.45804417514229689
0.99813653937056546
0.51996621699104240
0.68864495157898742
0.76172014632607288
0.67774181177579540
0.18906002788304987
0.57340591144865138
0.56431860671273537
0.92627942741055513
0.20358947234101671
0.61105820292971191
0.38612388900742584
0.82954456986890435
0.34373916819973588
0.25932998665579055
0.50348186035496112
0.85506508534662529
0.31118076399731620
0.41399156886793692
0.69288369402348271
0.58688499159648189
0.26991328156832106
0.36834208182199490
0.73250895538148841
0.43689678555628819
0.32215801128356159
0.26415513248195244
0.91793156598485859
0.35245771322622776
0.55222884936322059
0.52564787109134326
0.77802304381949461
0.33064059114750577
0.53400578932057730
0.43764212357397547
0.70481481291218284
0.17196932436440304
0.53596218144875407
0.54834878062126990
0.35554239029600770
0.36385330303421370
0.89080717416752553
0.53742106850854721
0.34423946618128931
0.48426829666097893
0.61501544040296119
0.69442427026251052
0.56591003231560744
0.52448839417614579
0.37620754136092427
0.74089110831997695
0.53889453624167083
0.24144434256011260
0.35818845814648043
0.85874952047917319
0.37815277973260020
0.33562346651346353
0.61688449686547453
0.78012422661204728
0.24307312242553936
0.52590239200338451
0.39065758624238400
0.65758390490356200
0.16492548824947584
0.46032133561517768
0.67606392938724102
0.54085842383697658
0.43045255270839700
0.49152330410575296
0.83472697479613722
0.72608834762345897
0.32715746305887117
0.45152561563327703
0.62891537463418268
0.75279890596050869
0.17974991411049712
0.62959959175391123
0.59576477551207419
0.63244539833782920
0.32110736782329607
0.59056199038344448
0.71599135091134092
0.40445698000246483
0.33186697460702719
0.55333487731230446
0.65935776426600712
0.62986460645777220
0.42187506608472825
0.65810738545897141
0.82949692790481477
0.55875270171999802
0.18006564714078344
0.71562583612518649
0.44560366792938605
0.67387544685737932
0.32216143077493131
0.45447758874753330
0.58976897089934233
0.67589766927298500
0.43103684876274967
0.56719927230946066
0.47558462809885438
0.62665741479385229
0.41199183762993064
0.62876706832832729
0.53265858419506606
0.50574627885018397
0.66552975071102538
0.35903808721429514
0.68944192802804682
0.52093671693909138
0.36578081348429903
0.32973806561269636
0.76307381276946806
0.44813826896646836
0.47629012628813683
0.43593407389508310
0.65801282694076335
0.36202976401854209
0.44238961479258243
0.51917102237803436
0.74592127220366311
0.38252860009245410
0.68573331243077074
0.44612235544401158
0.60681350995758743
0.33413527812812227
0.51185126764711231
0.80103451970256201
0.19735451621662670
0.46354660852000901
0.60662267208298604
0.62070081903250229
0.40985164986410699
0.33634473123934994
0.41446374904051475
0.66584436330693253
0.48434260505594484
0.49524264181271005
0.44278256178761238
0.81485528871136748
0.45948748571106973
0.42801753139783316
0.47450468681822244
0.79699253577339779
0.37543310920349415
0.43526706864057829
0.47369294931911221
0.73553211547717334
0.39949871239169188
0.23012309805434716
0.40100912895535934
0.62029292171495209
0.61403816329593108
0.41538391234825850
0.52917559662865210
0.83582118046482035
0.76514183634901234
0.42087189428961991
0.58224513619518647
0.54856842449598220
0.50593516818820716
0.37193768015999151
0.41810870428033281
0.67662861986634371
0.35571116933875452
0.38026427245754124
0.60374157046706456
0.66506940258887381
0.35961064989812519
0.48776588801123977
0.78387760668184780
0.60645454573175939
0.49639170007192002
0.64217612487694042
0.92845872953042963
0.54347785582824626
0.60568904777062582
0.64112976897647445
0.67129028106413002
0.53292335193353324
0.29050799380000802
0.52871513138029624
0.65420879613970429
0.66838740408820985
0.26135999112081032
0.17068310190772096
0.67966704332788197
0.60342651738154685
0.46154946895804616
0.56486610820099714
0.50013798451582570
0.81411681236720357
0.41540263534730232
0.51156985162357771
0.65756623432879047
0.56009523758205426
0.40367984544257890
0.41965346857987273
0.55085068541417581
0.62936199789227609
0.19078593567533775
0.36604429776255321
0.68404235651255130
0.39652722572317339
0.37674399299495442
0.49950236235761869
0.73375714462252972
0.44462560354253183
0.39441512067278950
0.65263311183282802
0.87653884808319760
0.35936495367779403
0.44522610762100229
0.70728457497757991
0.49341200783545097
0.38128362253053044
0.57096894539778331
0.89367341545883683
0.27153367316762816
0.34146392228330957
0.54837794954432995
0.92582312529599264
0.54905729458526809
0.64928294661729746
0.52364890153111920
0.40928819554586954
0.48916373125541646
0.11700033040864821
0.47318240598667149
0.85419257529173021
0.38306218279781601
0.37113567157545135
0.51392671121231470
0.79902091286654719
0.49202122368272955
0.64045037005656569
0.59603172053636966
0.76102995735514567
0.70444706520700451
0.42219815526267979
0.41954768589730185
0.74731191049880197
0.91433001682131143
0.51363813122074009
0.40228600338245457
0.81038493403363421
0.78807019648259780
0.41733005650250110
0.46647101348553333
0.56163558415913795
0.44890894338882958
0.39802928125863002
0.39092731075017240
0.60819498513725523
0.43871221046190473
0.36659369657201990
0.42024079692532001
0.85503856469642070
0.54616498128811430
0.45478639299705242
0.43106433171407516
0.53956799887841389
0.79022991264424292
0.73879049021629617
0.63019885245131002
0.44371655730365345
0.56179115519101352
0.60896354836502431
0.61348487731919510
0.51468618718305847
0.49096738374149185
0.39677290165139267
0.74578231381876769
0.54707432392078503
0.37946696837291721
0.22433697332043523
0.65595220492229100
0.76576842531220302
0.34541325508066156
0.52960481154239303
0.61583104835988733
0.42145819652178551
0.63716303741641078
0.31782249918878297
0.63406557702860444
0.60920081379268187
0.15821694128756103
0.54632688986222833
0.28012344631741248
0.63685502288646090
0.16092828767345757
0.44530527985788781
0.69847823797066910
0.50283344944456876
0.27490348466358938
0.48177658706708065
0.73331317221363990
0.61602806360973894
0.19873433720454925
0.53716353105036085
0.59329236994300261
0.51809664322493765
0.48952345741128700
0.57529918155040216
0.56724556660781100
0.38800682148287857
0.34096717628947598
0.70184334607745280
0.45762513062723659
0.27484743256329502
0.47543455320751338
0.77417580432146393
0.49456470475625686
0.37299387727840128
0.52051760333937636
0.52939043176274581
0.46725607531241697
0.23178267426787280
0.58569097949090432
0.53264827342271925
0.44724595848761955
0.21638780844186345
0.48402819683415188
0.45048515268696976
0.55820401865387059
0.61821325936237914
0.65374410456966947
0.70322639122515129
0.79691693516654494
0.52976246248018721
0.31734638070866839
0.60631131559950957
0.53801703269084822
0.53775568849730726
0.35805304406704463
0.61788653328356280
0.59851872350968405
0.34267834266157188
0.30341205322425080
0.56929774568840497
0.58984676334479025
0.24303868456203370
0.29481187673902087
0.57868802955215970
0.52547599874724393
0.21168970886242688
0.11605435918372325
0.58682815786604747
0.69951512741216704
0.54501979171372894
0.29538159885084025
0.31207302561314176
0.66509287303649489
0.57250447001566040
0.61048494151192967
0.49205766232130432
0.43456792849644138
0.67667160297497664
0.45889591819387276
0.63484075488835090
0.00571716624257024
0.31470536908397956
0.71753969604228296
0.60826019694136935
0.18257030175559252
0.42080684627271842
0.65995046131395352
0.56936173424134529
0.41579654529697663
0.37250356796190609
0.60246555288565817
0.47433560241690942
0.32155155074282082
0.53494993073545138
0.21183171285577629
0.60458381406587269
0.13819795229705945
0.33206828095042051
0.51443274221018453
0.62705035971358525
0.31326123400253125
0.36550820417433610
0.74622472312869104
0.54852108706421199
0.40229672020987117
0.48508964787350561
0.67886951216696512
0.62435042184726974
0.28992071616737081
0.42191118536401556
0.74683179072662820
0.67626939728453372
0.13624020320145003
0.68776445234967476
0.57689212726868555
0.36805624352169297
0.30149650262745648
0.76768826593268813
0.33729370344682025
0.39643223579598585
0.54301956683185360
0.67669175470146414
0.39083215634908597
0.28872579794795233
0.71446335550154461
0.55606106768956964
0.42381186354079631
0.31025374952855950
0.60153717881593494
0.62505616062619795
0.38985700954029467
0.41963081224847104
0.44694136051872047
0.69172440179989181
0.71547761871355031
0.52306914280006989
0.34582244206807466
0.55402760709425170
0.65321758321772849
0.50409539279871340
0.24710160076664556
0.52452842561865820
0.73397525827749366
0.46681658939145282
0.08203979972104447
0.44413007543496591
0.76768769450938257
0.38774682820978779
0.34362598076055262
0.44117490938794152
0.83287363422614902
0.26982260710831540
0.31074699905470116
0.15008195258865087
0.32457083038743284
0.34503122965730126
0.27284430442876195
0.38495779142565756
0.55100241981331399
0.46326438049343527
0.46327671203981791
0.14664540254961789
0.65024410778117092
0.73666774990796891
0.53064743981230711
0.44866046252158276
0.16240065927519676
0.62101782021028584
0.56781721953182640
0.51231342758326603
0.30333786659439732
0.48961594276923548
0.50488217934345681
0.54400047426979015
0.39862547426143402
0.47103657155654660
0.70834374248898435
0.52929537360379830
0.35002481881874092
0.45113794081964292
0.48600398204538819
0.67743567751773981
0.09731631785622447
0.33824603979887524
0.44961303987610590
0.48938301583187227
0.35542086681778440
0.38789138284814928
0.64803827434722283
0.63987734237729099
0.42980231490500370
0.39956696018633475
0.81517600560606984
0.58012555906235586
0.46908097268890325
0.60793797826512186
0.53757068153444687
0.62569423125646439
0.29151276065575871
0.66957086714522074
0.37769282912654401
0.63106110442514496
0.40869597688980053
0.52280568413590012
0.56280147234966904
0.56969244116899820
0.46376241215212666
0.54807840557268539
0.18256772716479330
0.52651566456363996
0.67450614443131718
0.46711688601136847
0.50685109863277367
0.45325512819424396
0.77260128218504920
0.48664770015700382
0.31891421046101553
0.45308996624738801
0.48572049819056262
0.50745700172601182
0.63818339577938255
0.58907335889587376
0.20072798909220002
0.50309441884534667
0.86460198672032984
0.54200977242699655
0.19742322224567432
0.45450650380857516
0.77360701511480701
0.48023497300791462
0.59520502893583160
0.40354697231105019
0.56853447941492286
0.42479324908017596
0.51391494431203577
0.37228646089285999
0.70254701574566092
0.43847897194653196
0.57886219940811823
0.22373796161507634
0.67180660334656539
0.22840318686566058
0.49628520282122690
0.22105476275082353
0.72791639621160964
0.63048666354308436
0.34833026108507448
0.29783503745515449
0.59179774977915778
0.63541680358177421
0.42139791115836772
0.25289983434669261
0.46008082987009635
0.76280949731455794
0.53602034682930078
0.52016448751148869
0.28036599142761498
0.57790715122426617
0.58431737904741043
0.52429816169182764
0.21608687910405544
0.58946548016515288
0.78747608161635507
0.53032959626546028
0.38250223330337796
0.58149504709327549
0.62630636781827298
0.64852068993691803
0.27584123081928003
0.42653543027026675
0.46884551246747058
0.60857411605296918
0.35422441034445040
0.26417302836421830
0.55173946930404216
0.82466164125066743
0.54743716834513845
0.26250162239547414
0.66672254601354974
0.57297260096746538
0.38930650277033074
0.58991583106001744
0.79633839443864396
0.65173192558405690
0.55622949293535684
0.60561498612127895
0.52639288679135288
0.65638984917014487
0.17241916807778923
0.55879615926196746
0.45932119946529959
0.51890567772888618
0.44043179766572405
0.33701898270110364
0.40995643058153375
0.73414369969833604
0.64603173406473435
0.44755493586362849
0.46609765356306637
0.56864396680017082
0.71961916915035085
0.36627639063544548
0.52295672904573409
0.61663209591756307
0.70232763787397878
0.29225317585430177
0.30617062475854129
0.61662809886466463
0.36819242157172483
0.41617496251426561
0.53550702820017360
0.59614384187182079
0.22856774112885758
0.51131319715323764
0.22976002881764901
0.56590468108840353
0.18953900144455293
0.39509736365096532
0.67276666202732960
0.54632088821837343
0.43057625721678622
0.27178968104533607
0.80946368626071030
0.60546430772107973
0.47419265544601158
0.44284068032237200
0.60725999569214095
0.43319400574613293
0.65099615257867760
0.21973543407915808
0.75002806533811350
0.65500929280867259
0.58251261136101795
0.33987168391728784
0.55200858549873366
0.62948925248483667
0.46131587124153361
0.47790443685823525
0.44371030512906251
0.85869854000550605
0.35202415988232810
0.39338246792477605
0.20169268819352207
0.54722897381671443
0.48401015716650719
0.52935985653809992
0.40722516362398253
0.62413380030322307
0.71306409228861234
0.57922692226344430
0.50849777351141323
0.69815260066793794
0.66590220043292181
0.55960294404682731
0.35454013423243075
0.58581912081092835
0.24803842290596145
0.80656864955828877
0.58856220240829082
0.26687270292127174
0.42523521823482185
0.73531356338999798
0.55549812202939775
0.53072134127422832
0.31233309030361112
0.45209911545614645
0.71882326661350926
0.64575962469822490
0.80629366602127561
0.55150484306985159
0.57026771353481909
0.57636689879259739
0.70740535435855600
0.50120995499215648
0.38527874128065576
0.46866081440076535
0.71849763207604700
0.61447970281113673
0.21244445279400226
0.43179544696681726
0.62031753776587206
0.85502633073729362
0.41270688066438455
0.24188642266907512
0.44876254693626239
0.60602538835454078
0.60171135087763949
0.44343430551256502
0.57489606749584843
0.41368150202913445
0.54687380579790434
0.21671844993462897
0.38996312312700199
0.76321846683828509
0.50957823989807460
0.34919089544037896
0.48902771888175400
0.74367947720737748
0.36899117871211917
0.34527101498313606
0.60189842165997842
0.63064925140629058
0.28955426122018119
0.26594648067260157
0.32933317570571907
0.67765939350266735
0.66252337180077336
0.28347764625295369
0.56381366424486679
0.79129524676956209
0.60076270199946280
0.29297782099861502
0.60425265255625171
0.49867788558868953
0.60384644667808907
0.25203966324072047
0.63055106813924322
0.64556563037340653
0.80202236492002354
0.20913501322597111
0.38345151957641327
0.75820732349393083
0.55138820009441736
0.44337886127367243
0.49786211930590241
0.67386720041220671
0.42833847130887365
0.30556068154582894
0.32851579321003516
0.50787506077961719
0.37263754540015093
0.55733544147307246
0.58421792968441377
0.60395291187906897
0.57890218110707270
0.48433231819156031
0.12809431977025720
0.59232001600351003
0.39406397128911064
0.61178647148525866
0.39764143723068002
0.70799771942768264
0.46760783790776028
0.62667377139071945
0.50734255333825118
0.59321630887350651
0.31072500127350189
0.61912330086527834
0.63080913245579096
0.36779080181373641
0.41464667572578073
0.42058090679613896
0.62866480827900073
0.55848152853454491
0.59166533489593676
0.41385859138317294
0.62374462987424018
0.66533888890867376
0.77611383548770174
0.41654811202325565
0.36618002363729196
0.37431671719366894
0.53077449156691581
0.39471380748722718
0.46670763644366975
0.31204204542721681
0.73731659336843203
0.47883228125186561
0.60713227607954412
0.53372396487449825
0.56248831504085772
0.59965060714790297
0.50775111117613014
0.39906342797058891
0.52373706722781033
0.57393307273281347
0.54936271805988213
0.23848748693792465
0.43153465204908437
0.76396649110803949
0.41347585921861418
0.18134413651792369
0.31888422268605954
0.87620821388070746
0.58961348791584123
0.43063732996396986
0.27080175183458882
0.72272326177198198
0.68185506973721621
0.47475261770390831
0.47645045687507959
0.62027539457583081
0.69559637035010913
0.50202184620781665
0.58062201185199980
0.71838638095339624
0.71001410962750566
0.31839878965732360
0.56280902026991875
0.54407105277097345
0.58382464197860706
0.25379241025538912
0.48323948029532526
0.58090418632054286
0.67443091851383075
0.40145779890888822
0.29425183575803415
0.68656825694802226
0.79506132555129228
0.21802375719871769
0.35699679523643318
0.62518490038746333
0.56428532171605794
0.19694505999956702
0.57327552065768250
0.56784084124151046
0.54796171357308765
0.45885108214478892
0.38390107890997283
0.61662478047598646
0.74891670039523750
0.55901407131930614
0.16788375156141799
0.44542597939659928
0.54506787797584610
0.44810105148863644
0.02320150220513528
0.70860688640924940
0.61241127799767359
0.40846867053659830
0.33647667617796512
0.77523383532620749
0.28513648678152748
0.64918676598217773
0.63353755438081483
0.62142688215255648
0.49498018824167522
0.66247485834463027
0.79225062946318259
0.71057144782492310
0.49791249026928336
0.34186746433605053
0.59155514491270555
0.59468504339092831
0.67908797589390546
0.50567347219173642
0.56476285611567822
0.42576411966368977
0.58030203451308893
0.30455464865470400
0.49689245451344621
0.30489641985838251
0.72779006687634873
0.43780436444937587
0.46420764350711607
0.32396315313312701
0.70444652372927985
0.59928012752454163
0.52123282587880049
0.10666216408170492
0.57386016008544449
0.75298307765637196
0.53110515855969243
0.24361047333845898
0.53293785162557139
0.89649109346355238
0.35604208770281442
0.40903759136648687
0.42998925140804301
0.62424227176798697
0.43426811323363046
0.37956852241581152
0.18697483497946904
0.56013913873747911
0.35605242015021266
0.39030230626462664
0.09597223352268025
0.60717211235802271
0.77812877584847895
0.27696445868645997
0.25247403800188040
0.47878316038412355
0.52208988878890050
0.36113574179720898
0.51951601796247671
0.89403676519985709
0.56940245551312951
0.33010323569838351
0.49630308877504187
0.57746326289060201
0.53910100365442393
0.36229635426078360
0.23755813031331463
0.58075504626646957
0.52645496624613553
0.45179760098572580
0.09355521174878811
0.73979528732931898
0.53770997806635568
0.41871933348302315
0.70533372954747120
0.47604364443153968
0.66376301501125168
0.70798422110917147
0.41560367372217816
0.41044886742825898
0.59297609818416719
0.69165228586209404
0.24507803073119788
0.40620666204997408
0.50436848035281012
0.48814471009080962
0.40962167984643949
0.39035320413056057
0.74210456088737375
0.45898066419068373
0.33406180079494185
0.74471913637496323
0.49288143306044324
0.53050768505601442
0.49513163267958926
0.73687452722285562
0.30757830782651718
0.56310757329301031
0.59982571802295315
0.61388066136062458
0.35809592012548042
0.43848895913611630
0.40996758405824796
0.82927042315795585
0.60543690576582065
0.48120620881391740
0.49231874091854944
0.62982533564393672
0.68570330697133330
0.30383534981401006
0.24255625785350665
0.30105413619933530
0.82690526721437829
0.41948662228844286
0.33546864067866811
0.25666106004660405
0.75647742676422469
0.44455021265913686
0.58381450679649460
0.30967914590874135
0.75266848882181669
0.78991545255773354
0.60764002613910539
0.34398457704137486
0.45507933328923744
0.82889778430987582
0.43607769401833729
0.26541477030003424
0.66397637730345960
0.55068160540149391
0.57343386241849115
0.37926364587469830
0.44361580296417430
0.55741643902042859
0.50387008759388074
0.39669025136719482
0.26075644630191364
0.52836485065751571
0.71490852481732847
0.26745988927179726
0.22492985177754254
0.50998481653408168
0.69278744258015601
0.29287325548198473
0.47311508148182363
0.59792389378583255
0.51429864314310370
0.31695134017866855
0.64987523719214324
0.63040638573759067
0.39859788440232413
0.16320248077019994
0.36949750303139672
0.60121491330471843
0.53027874847998346
0.55490649017745686
0.12169980620491005
0.72289053462483632
0.54492188774229156
0.42981122432077945
0.51128917696263365
0.48476963261525574
0.67492504797215935
0.34065134097873567
0.75953749951084304
0.31592121269850892
0.49680103049217517
0.63163564502464409
0.44341089423355468
0.24078634082327344
0.43167844827757385
0.58974273351670414
0.31037821632721591
0.43362794649912662
0.43653883123339920
0.56030058921094095
0.39046613667031493
0.66035633531510063
0.69284210193193785
0.48389443307795343
0.44182245643858575
0.89854740356200291
0.45770947500218157
0.35884797068985730
0.70938624928859806
0.48336599987305867
0.59738952143459678
0.38594207526764673
0.67971247758173481
0.56458179527775276
0.39843111857538582
0.21215630255182411
0.18648002980440576
0.67549709391736157
0.70286138909500773
0.35140162195647645
0.31306143331590475
0.35158525148419134
0.74547261393551500
0.37464658827543523
0.34235489921120432
0.21532589379951794
0.90414592740967603
0.39954939091570602
0.56260651542472151
0.43547425066951567
0.68321045550461779
0.53022074617123827
0.57610789295509446
0.27706063275379023
0.46384398366557705
0.71552197083110047
0.48326578909831613
0.58813390313369951
0.55871228577673548
0.83482231383373473
0.37368226509553387
0.23205687708387290
0.72932921138200557
0.62982111315039968
0.68117913562946542
0.34604569719268502
0.32026054325473308
0.49834734543909787
0.79872699279628145
0.32345958073218029
0.35694369611804366
0.43797173377683341
0.73184608521205785
0.03336159912768977
0.08495145383362512
0.45991263857854542
0.64509515767779502
0.41024882397192158
0.59851754361569787
0.55809898292937477
0.26205271076959913
0.37978932533721566
0.52287195069076264
0.47147180548820955
0.38395891206017069
0.41404023771586956
0.32035176444484809
0.69280104690372890
0.48962017673342706
0.61062000148113615
0.01798317745625433
0.75889572149897855
0.30767537559957170
0.38802661552737872
0.79095791477413491
0.46979875758323481
0.57457946039640662
0.64335696323333447
0.65974492458854817
0.33059649134750491
0.41439621528810089
0.58189102007463656
0.41397940868443817
0.25550648491550276
0.27733636665781430
0.45683585104417551
0.48909100876029532
0.50852100402331157
0.40036366571010773
0.42781933401254213
0.60600219325052485
0.75311429828998233
0.48445499535883735
0.41354988737635856
0.52755480971387581
0.75033884923081973
0.45595978906809326
0.35023797614629526
0.62836813546816694
0.60776751601479784
0.45545972219019182
0.35969442594025763
0.26501996807531575
0.49085186461814406
0.46920310999673981
0.33231309675121429
0.32797524906959663
0.37615662476491563
0.66235668785757973
0.29891861240053413
0.63062799554659332
0.31851867512988125
0.72444429125987997
0.37934087509951636
0.60286326161281989
0.43534009169456339
0.78717664516183972
0.53472430062402798
0.55717287430301665
0.63201912597192167
0.77623246856403849
0.38190038830538819
0.55155282316337217
0.77056095763895216
0.61510221954290323
0.62570922878274060
0.51379004178474807
0.56615622055524006
0.88503559020784373
0.59655100616439138
0.46284193437292609
0.35996710710939689
0.30729694166041210
0.50580263935401037
0.93910399224249741
0.39768552727161022
0.58303227488851017
0.43758285289948096
0.81937226027925469
0.19198029619812973
0.25648427691664455
0.48312525659374078
0.86338999302925468
0.30296583012747569
0.42313296535671230
0.36212102327861728
0.38185521353659457
0.66121891017055245
0.77608027727797335
0.53476598626835881
0.31316907907646219
0.45185742003919716
0.59804961590638162
0.55268838147776522
0.29117286980392154
0.60794111501010195
0.52580023006916610
0.61549496749808519
0.16044462641184287
0.60899878424810039
0.57549710263252563
0.53851653871766503
0.23408263347684199
0.60065037992093584
0.71810229085016630
0.43120548638729839
0.36579457640712504
0.87048384857919769
0.56632266273509335
0.19153234072762482
0.17218466674816091
0.45269091779501897
0.49154195967714098
0.39004006884255082
0.42585746247818812
0.48808800329816576
0.82813688382213146
0.93526926274088618
0.29077372269387780
0.31394510278388399
0.51831666042331914
0.69877123024186583
0.41144528061955576
0.11155138396885023
0.44504680054444928
0.67824933276328103
0.43511923039656747
0.26132143867729563
0.42306735959761810
0.53807307622403044
0.47220737045275263
0.27283837264098482
0.23660309626059023
0.48054807509761222
0.68639713306934791
0.29373594389427549
0.36676472998707976
0.29365161471309331
0.93498566848053788
0.38254406727179635
0.64025233061640041
0.42127007934023974
0.81682836217759835
0.53689765536388145
0.54357571664904736
0.64913445086421517
0.88355305051221511
0.47440960187904146
0.54168326967296854
0.84726218843755063
0.62752497498407245
0.25414806727572847
0.52107379180939739
0.64325478777202683
0.87724438343186817
0.53681453538986146
0.48215542061299943
0.51259599088769570
0.84412951135039849
0.49704312744160567
0.79129631642400178
0.44058675799191982
0.45412217299468660
0.45771172087062373
0.93969211897432636
0.24621173705286190
0.26554209606553947
0.39911057651899079
0.68470681754786400
0.23586143174039309
0.25618594051722421
0.38921792374049113
0.72940242324996685
0.62259739981802042
0.64149876891632907
0.39865628501382377
0.40364828000044772
0.57626373133500297
0.64737760244325004
0.50268147647210948
0.36744058872925633
0.57357897210099318
0.79741226294969447
0.56237219022718477
0.30134462374539850
0.66442356735208885
0.67006844871418259
0.62152298995004418
0.35247152316639629
0.58646200752484701
0.48221036064406542
0.45402509493554183
0.22892330558337792
0.73369625788954951
0.53443299274919265
0.49137815684213482
0.31963897610253161
0.67287756902958784
0.51500559877916996
0.35446848935596320
0.20422348745177754
0.50984246694162239
0.71948083881139224
0.79044966303875075
0.29752978128043550
0.57647255650949014
0.55979058861179565
0.96360514367238592
0.33214180086215961
0.64023117253798223
0.34295533983915927
0.38478773366081798
0.33860215837851909
0.33203240906812326
0.35021858402148381
0.31119192730258993
0.28657524639979293
