-0.80498238986018322
0.87652209931345582
-0.70459432651448228
0.85902868432497581
-0.56679677880315715
0.82915673430718007
-0.39801742515552246
0.79401460035478455
-0.20330543471751106
0.75892129510620487
0.01023148775547755
0.73041210326474260
0.23431568801140568
0.70724914434135233
0.46280842743977663
0.68863679421352531
0.68092519526671913
0.68047916595161861
0.87614805060319645
0.68970687988988200
1.04303033825233316
0.72343724588929714
1.18191194414500522
0.77864204976961382
1.29053302703811790
0.84174258881439834
1.34336863559292530
0.91290560867400561
1.27401844955473198
0.94440149837273657
1.15506319609493002
0.92839074909980013
1.01408795119330963
0.88369319005538771
0.86024364577580770
0.81662441966485810
0.70262139846963056
0.72433240812574640
0.55419833539216767
0.60415013164311315
0.40509069217351806
0.46658357972910502
0.25564997201047551
0.32115569258659799
0.10879424277106614
0.17485676912773626
-0.02819730495842020
0.02974546259755795
-0.15584970084506702
-0.11095824611413178
-0.26856621955460519
-0.24562878810712352
-0.36944145486423319
-0.36687996642268239
-0.47081123440079087
-0.45660576950083576
-0.57670254152761280
-0.49646853706920629
-0.67260204627296805
-0.46981533752129756
-0.73856861097250026
-0.38610791357739932
-0.78019541245922130
-0.26946666574973510
-0.80190011696065910
-0.13372529193481142
-0.80132903530520350
0.01225189468005792
-0.81370793051487122
0.17158089442331473
-0.83789928555987037
0.33980971971662693
-0.87287337696871459
0.51157295230740474
-0.90862410697819840
0.68089316470822536
-0.93842551116390782
0.84258905559923392
-0.95020045566638700
0.99076787529005106
-0.94742807517931371
1.12232417479095559
-0.93682811032829738
1.23507992027436075
-0.92375231353853349
1.32656733426373741
-0.91395027613914892
1.39221832099840270
-0.82629032171352479
0.80647981584965267
-0.72315949411165237
0.79072457262963680
-0.58337327142499795
0.76278058120182368
-0.41408801817917434
0.72885314928084810
-0.21894806458762289
0.69656541746488976
-0.00593126578887035
0.67035109054880704
0.21957427269832580
0.65168923610190066
0.44815367850064314
0.63833717581004934
0.66730855518377563
0.63453840198827716
0.86568397870521951
0.64680861282459645
1.03731029346927328
0.68201540085210677
1.17655643169951785
0.74351866443438219
1.28049181508857557
0.81761520371958529
1.32807753349350355
0.90229456550983678
1.27603014390455827
0.96527807650299424
1.16071175287014294
0.96847081143444280
1.02264922293445260
0.93296531995544574
0.87621648197040214
0.86674411653413885
0.72702329247983144
0.77583564282558293
0.57757191201629865
0.66004698199487699
0.42646206530565489
0.52605401337319069
0.27755540362716496
0.38184359858438155
0.13386240037393260
0.23253938548317665
-0.00130059641459041
0.08432294113861628
-0.12482207095284957
-0.06073764311506018
-0.23300819496015898
-0.19731468409321165
-0.33259602003539468
-0.31640279733629351
-0.43409793848624462
-0.40250743122600408
-0.53847634133491074
-0.43957605315832254
-0.63390058374934921
-0.41300336992778991
-0.69694777133732211
-0.32948086664173720
-0.73847988757982197
-0.21203593671274371
-0.75910261056296291
-0.07629863634104112
-0.75978585096538276
0.07045882543630988
-0.76939543790527709
0.22850931066839927
-0.78713597734113316
0.39388473799353307
-0.81394402730650095
0.56116306347148603
-0.84176230833556920
0.72492281643547640
-0.86569035481149847
0.87933105651631538
-0.87228050569248661
1.01913694314741687
-0.86200686634481416
1.14009448195883634
-0.84483505991684427
1.24117164069743624
-0.82620814930537501
1.32073881390018166
-0.81117998393174384
1.37569973956792113
-0.85887273976466094
0.70827974323808129
-0.75540409909783446
0.69465526122576293
-0.61439030081760737
0.66902887970108393
-0.44334940013663160
0.63909071321475297
-0.24916171023883807
0.61051673787030569
-0.03633928367247604
0.59000511049518689
0.18713176979630447
0.57540750177096356
0.41456996119940531
0.57009407925927535
0.63734116979527589
0.57506970217251818
0.84028303493021173
0.59303153253127994
1.01665545048133743
0.63324460021866336
1.15795795219822462
0.70173399191205610
1.25562767566943423
0.79436041605843855
1.29684576331473878
0.89904740758458790
1.26001230610405757
0.99082982439555478
1.15310167016820220
1.01526784532408643
1.02045641905401685
0.99516256587036134
0.87817662078213399
0.93803580191916558
0.73453491782609559
0.85124197752402153
0.59015689159018703
0.73911893718851074
0.44542706124968562
0.60580825913931813
0.30124174067899956
0.46161793950295649
0.16334922111170777
0.30925418971040802
0.03452941485514647
0.15693918275076804
-0.08362010029779449
0.01026187785951987
-0.18980363053970609
-0.12591669584126680
-0.29267795683013420
-0.24080687549421045
-0.39901198022233719
-0.32036309536943447
-0.50647690856324590
-0.35500119024182636
-0.60076150786797788
-0.32707060464180371
-0.65886379242749771
-0.24172461604785772
-0.69819221426312583
-0.12422819028735083
-0.72416970361565980
0.01369096782631139
-0.72920997317672143
0.16108952465731771
-0.73423697821536393
0.31725001258013646
-0.73771818412587487
0.47792659900472556
-0.74994077961944305
0.63791670220638375
-0.76348538400261601
0.79162165765123549
-0.77503375844584954
0.93475310890690799
-0.77007053342320775
1.06071862536976291
-0.74832310639704058
1.16557329121608166
-0.72114865774792758
1.24870384031312698
-0.69421831531623968
1.30946568261660290
-0.67183517681659077
1.34695284836077067
-0.88910148976726588
0.59082065847195142
-0.78745483692036422
0.57924393050444478
-0.64811039991693065
0.55721818236167031
-0.47758367793399492
0.53008560070750077
-0.28699673846783597
0.50727186885958719
-0.07867997462143504
0.49399540424108646
0.14258361109508255
0.48967428736516094
0.36956196303292504
0.49309893840542557
0.59153994024139911
0.50705360067088789
0.79699937880955618
0.53673106379391133
0.97351311255335271
0.59061697946877256
1.11418813195437694
0.67159980469602243
1.20874410451749426
0.77842671854246881
1.24703424745937186
0.89696017418527074
1.22472460922425186
1.00671398614848528
1.13659326981711728
1.06477557189932814
1.01251847632541558
1.06525381949560072
0.87570531239196769
1.01993748585956756
0.73540327279046502
0.94141528110246830
0.59584207242287190
0.83364995056353652
0.45760632443316984
0.70358500221264886
0.32397688878857017
0.55675894786570856
0.19580780856832192
0.40258379198998701
0.07306248342452119
0.24711959358099217
-0.04237634721789926
0.09972748307044545
-0.15318451737350319
-0.03281657475000294
-0.26422690571178270
-0.14143174752545834
-0.37702434466065687
-0.21651460287519325
-0.48671826970194421
-0.24957231660403473
-0.58021970726677996
-0.22132205931361076
-0.63075053429208228
-0.13610953677030183
-0.65856844629870970
-0.01966341798094581
-0.67936748101847300
0.11735751468083572
-0.68869463688924260
0.26566876670569134
-0.69510596600310037
0.42075430983517281
-0.68892436235490717
0.57657925661241627
-0.68136929185945472
0.72698339580649241
-0.67603363000687844
0.86836901647601572
-0.66944537975097962
0.99553674144335935
-0.64688095485856090
1.10297729018720392
-0.61011942100476280
1.18655115263359523
-0.57059303052537980
1.24635063025631454
-0.53530981911090025
1.28413085235415969
-0.50622395409041010
1.29944866855064078
-0.91219819686165116
0.45821276052490501
-0.81314091288822921
0.44873835847388949
-0.67658707620978553
0.42955158198628907
-0.50898116581203234
0.40740884381447223
-0.32360038667999613
0.39218714103070301
-0.12236979457371246
0.38749961387986848
0.09172417350909598
0.39396647552557956
0.31330798996138809
0.41121253697542037
0.52887649933469982
0.44068774085193535
0.72991980279195601
0.48773727795639998
0.90210772974608100
0.55727935682692298
1.03831652288748177
0.65329490180091387
1.13080890496984243
0.77347776822385805
1.17713328120371208
0.90221591730911366
1.16884855959887468
1.02574730534701852
1.10180673495000092
1.11279804823853579
0.98870029232720613
1.13744034755832968
0.85855492079251206
1.10825656161435759
0.72591409194277912
1.03820681260003123
0.59669977240998173
0.93512332658063324
0.47159236384147230
0.80697914157778172
0.34424091442352683
0.66227984536007001
0.22404000707540100
0.50702660164270907
0.10599659325698470
0.35091613785789172
-0.01389315354652143
0.20501597613386929
-0.13381448518530767
0.07739512611289541
-0.25551341053028614
-0.02500428162161486
-0.37352963516369236
-0.09758223695720063
-0.48591558757452691
-0.13024367072541149
-0.57572879372786501
-0.10396379934504373
-0.61642850625788426
-0.01937844381498505
-0.63346422010715142
0.09619711127342809
-0.63930359155441496
0.23201643513184952
-0.64126449499517035
0.37771601072307159
-0.64548096410200828
0.52915965967746925
-0.63006678968084284
0.67752094962989096
-0.60537549912439004
0.81687231444612007
-0.57820557886178192
0.94244045647033692
-0.54559314637937484
1.04904665816422882
-0.49865415546482245
1.13258769513662960
-0.44419680805270600
1.19057226908282554
-0.39299689734844889
1.22413538099260033
-0.35114593874255584
1.23701218033785509
-0.32368933882895118
1.23296209054847794
-0.92716003960566584
0.31254125360514851
-0.82960417997122671
0.30587789440282864
-0.69560823129332816
0.29085437392852853
-0.53374413077262273
0.27721074418947422
-0.35574927456166894
0.26897476166937490
-0.16175335633305046
0.27374419812143669
0.04510275723056988
0.29218199066045558
0.25608340204507096
0.32354384457248331
0.45801406013372081
0.37063194155101398
0.64601123087015866
0.43765860882038021
0.81055921018739296
0.52615936673902086
0.94041995720270988
0.63976696757408602
1.03346903380055899
0.77026886549469675
1.08354373870441778
0.90731225695033213
1.08712472220598899
1.04161997395041506
1.04134123998560302
1.15132843927965900
0.94841800655407449
1.20892306455227927
0.82721318076962314
1.19899264537188599
0.70348113116938527
1.13959296931616838
0.58528135563871420
1.04159491526520265
0.47000535240774688
0.91646610176781496
0.35363863497485876
0.77237017378565043
0.23885683282760067
0.61975743354005819
0.11999985233887231
0.46650882871102645
-0.00490612282396422
0.32399810453611755
-0.13505660455478041
0.19961015336861035
-0.26700512608663912
0.10103800162049031
-0.39023862988441005
0.02897779153629128
-0.50403290965958703
-0.00416807866256166
-0.58842377247633826
0.01808688976526815
-0.61926650060003829
0.10193211506159139
-0.62559282444804354
0.21598197334837718
-0.62308009747815574
0.34953198626055842
-0.61782743891578740
0.49108137585792777
-0.60259185045192165
0.63455685953935004
-0.56532008071383089
0.77206294058736580
-0.51949639492503574
0.89665167864982798
-0.46251602359513416
1.00104276819127813
-0.39659433495654250
1.08221525886059200
-0.32139209158055609
1.14089398071874504
-0.25072947337004831
1.17287593361335563
-0.19756935573274115
1.17912761741361938
-0.15645208139778255
1.16782195931989485
-0.13316068039372603
1.14594719879237816
-0.93253846454908751
0.15727217719370204
-0.83909968530790191
0.15319479236174857
-0.70970017362045246
0.14303789550309096
-0.55571743277854002
0.13771808161364790
-0.38789444086687996
0.13868004096716435
-0.20675323857978625
0.15372852802513376
-0.01304831441455286
0.18333445917957944
0.18618681324207964
0.23079183356259986
0.37401615057886300
0.29525043067432494
0.54872025822221326
0.38207597596356896
0.70302669554193142
0.49097878659412469
0.82509781073034727
0.61987590618036326
0.91562432664105553
0.76164240480566314
0.96747612126553872
0.91029455651506419
0.97865066605676321
1.05412391635853497
0.94828219103813616
1.17904345668058474
0.87791754775233688
1.26479857545255925
0.77254292361505883
1.28321595633387675
0.65835063393978333
1.24044728803529458
0.55294576129692730
1.14972596981307440
0.45141069423775937
1.02927097222388775
0.34673150829330757
0.88955461686278536
0.23600292210802370
0.73880492562834443
0.11449056006398571
0.58915183243167901
-0.01412384783452638
0.44894510131889254
-0.14919667904694511
0.32584614551426466
-0.28786439931872809
0.22878021968163989
-0.41517379577221275
0.15616265385421893
-0.53134823383879959
0.12127743179010184
-0.61514365753303479
0.13777218607927327
-0.63914906340007038
0.21891293684395005
-0.63985230599885556
0.33059411459076771
-0.62678330692267958
0.45928868987141336
-0.60554193775676357
0.59411607881837725
-0.56129639943871490
0.72627137760592198
-0.49158082951160498
0.84774954326580299
-0.41095476075822973
0.95128573486988888
-0.31771357976646714
1.03266613319077050
-0.22245349204368997
1.09199501171082214
-0.12309795935904809
1.12670466080394083
-0.04445335832589982
1.12923602291635361
0.00359645793225785
1.10726792324121082
0.03901627592420509
1.07299740905058916
0.05646563792593866
1.03904742797443328
-0.92490255080603290
-0.00378969473399279
-0.83709993577082131
-0.00629206614114943
-0.71573050151193718
-0.01118881954352796
-0.57240212521557599
-0.00942766746828461
-0.41555962961260179
0.00239837488462328
-0.24678382665881471
0.02892945040235768
-0.06798428135599860
0.07186170183705153
0.11521073106130188
0.13206229192171132
0.28939562242214811
0.21334481576971734
0.44775227248867888
0.31703395300133280
0.58699093587152407
0.44461107825804924
0.70067010492624082
0.58859473013705055
0.78289447425196101
0.74369578390528557
0.83235753222277042
0.90256113581584430
0.84637778879392944
1.05676383086863757
0.82773290716135173
1.19472627745986149
0.77410795845917368
1.30327743209494873
0.68783175172536593
1.35597163595485037
0.58671171262999411
1.33456321863579963
0.49331372724484307
1.25391154315592401
0.40015409163757493
1.13998104729926153
0.30107909472641642
1.00662030040770833
0.19297263863812397
0.86037627479033607
0.07486446553457568
0.71470674458026351
-0.05221137156287081
0.57643977181571060
-0.18475660567506072
0.45420396853275735
-0.31827945367576749
0.35408689593401432
-0.44511154339185605
0.28063446088426786
-0.56130514937139298
0.24214399954185362
-0.65019675467581206
0.25117449793469487
-0.66636189071581875
0.32701647962128155
-0.65671294248087109
0.43313540205616607
-0.62679979552114273
0.55241182976069891
-0.56927657866483117
0.67204794710775873
-0.48389848663445195
0.78439263487654121
-0.38125332870298534
0.88583713586965540
-0.26845180792963685
0.97222572724390721
-0.15320940819404910
1.03376548307514526
-0.04267560384303608
1.06746515998458213
0.05775126963968891
1.07190298445344778
0.13736938657806722
1.04777370223000621
0.18892433703231135
1.00444150529592702
0.22358775132480035
0.95382432131007144
0.23971562274149089
0.91055144569158564
-0.90343619355499938
-0.16895401899533921
-0.82197099027245746
-0.16943330847643326
-0.71028738119731027
-0.16873447949088993
-0.57899039827059540
-0.16028791556660357
-0.43406722620000276
-0.13898617278995143
-0.28054480422624178
-0.10177553285542555
-0.11951302537429007
-0.04675464359902012
0.04627594308069964
0.02859002591177921
0.20489017607206347
0.12558903127101159
0.34580068442602041
0.24681246957440528
0.46757032361440687
0.38961802007732416
0.56777359739166178
0.54694725435189306
0.64116869656702913
0.71581428882522358
0.68481690007381435
0.88604562874015369
0.69968730396661549
1.05036750008064850
0.68770861073511103
1.19991786569673153
0.64685330934960517
1.32506226894024892
0.57952020061528464
1.40870112974592399
0.49107499232010587
1.41736905737160024
0.40746163623992049
1.35113062015011054
0.32316731581464575
1.24535744527041636
0.23043908085436526
1.11816957093421721
0.12743524133245943
0.97768581801531895
0.01349193917682368
0.83587714406053271
-0.10690516535535141
0.70139223420629915
-0.23110850932896082
0.58057256424245018
-0.35496600006393109
0.47835211821969614
-0.47414683466029800
0.40023390994391655
-0.58490643767745165
0.35662851899927539
-0.67331564857998005
0.35245788785640975
-0.67751927183085703
0.41658151987733288
-0.63650811080926084
0.50702819827505530
-0.56183392093995532
0.60370433192828687
-0.47057126378986625
0.70369852587311266
-0.36220857419842706
0.80174083981423416
-0.23991588964542179
0.88858327294065154
-0.11056023728577438
0.95662763652172111
0.01379296906925067
0.99529241557761483
0.13098458084397213
1.00186922954870883
0.23058537271998567
0.98021900074119972
0.30831084807197456
0.93292086648743566
0.36083937836396585
0.87267883399885093
0.39639891573631553
0.81049023574155588
0.41159772133746247
0.75948935068439904
-0.87122374865880192
-0.33481932848413798
-0.79527849799057693
-0.33284516400851127
-0.69144202963485657
-0.32767576367400336
-0.56991724318874049
-0.31244574351972887
-0.43870801208842530
-0.28318902274989294
-0.30209949445205303
-0.23597806318854195
-0.15915796225285866
-0.16937569450284568
-0.01437382929772837
-0.07877164394054455
0.12250792008534209
0.03355149101781066
0.24492843998810412
0.16947416907125532
0.34962063256071324
0.32501326242023981
0.43366978635358833
0.49560345467379274
0.49604806645176036
0.67670702288544449
0.53441557712580967
0.85908207330192210
0.54939379766750684
1.03394122276804667
0.54219379514768096
1.19434418979810419
0.51206783983086857
1.33462672875363353
0.46133862976300605
1.44154935115260852
0.38675531055783030
1.48550427000577856
0.30780242066446645
1.43961772068091021
0.23219751322197915
1.34342706105584142
0.14749239817755005
1.22375212567358038
0.05382113349428574
1.09070066109498098
-0.05344084529780280
0.95239971856200156
-0.16357778498970885
0.82065085980636554
-0.27493426329422044
0.70105937025190168
-0.38394593802325355
0.59673812994914177
-0.48691243936413542
0.51328658156443274
-0.57896229054704440
0.45946220188296483
-0.63946684474417670
0.43250114823352775
-0.60981973470565320
0.46547035119203867
-0.54154979033613482
0.52719060435897513
-0.44693368060850291
0.60496760095099678
-0.33959014097836721
0.69367085733788691
-0.22014240766198614
0.77846424450913165
-0.08976034720728417
0.84970354427285821
0.04518646864184594
0.89833394314444293
0.17234215193838742
0.91114687416434081
0.28963433516168452
0.89454010454901356
0.38804670150169490
0.85215073668148489
0.46324077445679995
0.78755048284988693
0.51487438601623625
0.71489370979348477
0.54669609109232620
0.64249953873187315
0.56069454967986254
0.58571649780890755
-0.83046984745365060
-0.49816649936423441
-0.75882507543698541
-0.49365457667081608
-0.66079108587656998
-0.48500750311495411
-0.54827728033423617
-0.46411861003589733
-0.42842706061598645
-0.42782594153621029
-0.30715523928929306
-0.37193556531411603
-0.18549355093002934
-0.29207980427981795
-0.06342238470035698
-0.18704791938226892
0.05111055442153226
-0.06187573477688911
0.14915189131415871
0.08600524813287473
0.23262012604230714
0.25438268619564142
0.30071382289351739
0.43737713019884961
0.35244587923958004
0.62856171035567732
0.38656795103693836
0.82122761181187931
0.40293962694639235
1.00586777454700593
0.40025816089177380
1.17785491497141948
0.37831778055413262
1.33040217700247676
0.33941705176959924
1.45529010462566588
0.28120239696372801
1.53198013396761779
0.20533103964849111
1.51740500208677198
0.13632817032290032
1.43283360270483984
0.06169554094812434
1.32100807027405276
-0.02165535534307064
1.19363388026267803
-0.11685530884294841
1.06105662853074412
-0.21291725112947099
0.93243042256554443
-0.30573372205452048
0.81190071032967825
-0.39251771446348677
0.70393996458864339
-0.46989509597139395
0.61221201939196035
-0.52586489397161906
0.53865121620433032
-0.55028191640808721
0.47554637240310760
-0.50241964130845129
0.46327243348196578
-0.42152712236585677
0.50026812203905791
-0.31822418136695901
0.56261719551362654
-0.20283815762329807
0.63831270197015211
-0.07816489008647561
0.70995427102303821
0.05436631157047128
0.76564714380765198
0.18844496597373833
0.79572557441401415
0.31302535916791652
0.78758262742608132
0.42730716281500147
0.75101164669372888
0.52222952535209533
0.69170831869178095
0.59237772044688752
0.61401863750872077
0.63926959309092346
0.53006261163107127
0.66773619036863852
0.45277034928648396
0.67948053050671731
0.39194752240508685
-0.78580512706760552
-0.65455661163595247
-0.71657589401593524
-0.64768507215230919
-0.62318743564852586
-0.63582649171710737
-0.51744564516195668
-0.60977384216136266
-0.40733349287269066
-0.56730774047766863
-0.29961724440491988
-0.50336746734644178
-0.19795709323431779
-0.41328787434511305
-0.10237874497104844
-0.29766215152972231
-0.01416640098184746
-0.15980573584232094
0.06273975243337013
-0.00099336840635541
0.12483488303661318
0.17799456861925436
0.17578933408850514
0.37128115861883637
0.21842603555575335
0.56974096383807549
0.24812921789104178
0.77055314037337441
0.26480972679042303
0.96565125718058042
0.26585912239625431
1.14906395242923942
0.25057858610965444
1.31424092269983750
0.22067880701256276
1.45478936252720326
0.17598298017288452
1.55841625046149357
0.10917135648441895
1.58482073132887735
0.04459580734943587
1.51591932397540297
-0.01909887447893684
1.41098495459676210
-0.08963018251847206
1.29043590826875776
-0.16457622450020723
1.16094113078887684
-0.23745152565161975
1.03199422560081100
-0.30230517123965206
0.90757638839667143
-0.35479578491543984
0.78822417583770554
-0.39487241290443559
0.67381894964599154
-0.42138414579635924
0.57241836404471302
-0.42431592455022277
0.48494922986921429
-0.37619456758645370
0.43614915740055321
-0.29148177507691803
0.44203665657884939
-0.18489054729934737
0.48586172628924906
-0.06601039961903295
0.54853711334968036
0.05980599505495578
0.60692000725779660
0.18870171423377996
0.64819907670776744
0.31706058730434933
0.65883898573109778
0.43294992925321701
0.63136373523610922
0.53822404954279957
0.57825469966200693
0.62425595249260435
0.50399528173322383
0.68566382639405576
0.41711436863721707
0.72579594960140414
0.32776462624422226
0.74967258212940702
0.24729018735291319
0.76008058545848067
0.18465242800618584
-0.73964714339444693
-0.80104292391296306
-0.67098036046710796
-0.79048757465222441
-0.58124439168563624
-0.77503773330527004
-0.48084018976915732
-0.74682694323804744
-0.37759838918683525
-0.69984327423176595
-0.28085146660245325
-0.62965314379701554
-0.19747237350555133
-0.53219037829865012
-0.12763574733197636
-0.40778633160099909
-0.06641094593064571
-0.26020827770968991
-0.01159188037490756
-0.09293186198331978
0.03242606753895468
0.09478091597957146
0.06820896035728462
0.29559067051618071
0.09892944731472286
0.50311076893656215
0.12377683620697442
0.71051126808691789
0.13908120908278529
0.91361624047226098
0.14401481374799407
1.10756761573826146
0.13461338901156056
1.28472912171919584
0.11133822962021396
1.43968248637885377
0.07983859922705021
1.56155468697204491
0.03080879128752542
1.63222436309229968
-0.03004434113737210
1.59245700684784719
-0.07607593705760393
1.49725343382396492
-0.12283653371502175
1.38217308919482229
-0.16568919196835902
1.25226525386125465
-0.20374504078187450
1.11207525506197991
-0.23421303305987368
0.96689487582558276
-0.25811099346088451
0.82421838305021400
-0.27768972917785589
0.69162570293795367
-0.28630099109398349
0.57368079518094550
-0.27733812733758867
0.47084750677140524
-0.23270353248278008
0.39548524341755892
-0.15232779933635429
0.36812478423782580
-0.04818500465289464
0.38582888523653908
0.07044419099213112
0.43291377011517590
0.19275034439291647
0.47872340611704961
0.31421980154716378
0.50453586128571104
0.43212538882075058
0.49889292914307010
0.53544748365228390
0.45523339269280289
0.62407804254865473
0.38661326401904755
0.69284196298847478
0.30111955930583589
0.74168220381139849
0.20760027143878618
0.77346159810023363
0.11429807070193491
0.79310847210255064
0.03183224314402220
0.80094430375834524
-0.03199043200048372
-0.69838759214409418
-0.93216469763280607
-0.62796948303078004
-0.91926796089362706
-0.53804239474054538
-0.90127903567084511
-0.43985181283813457
-0.87090923669693732
-0.34218959390582038
-0.82237616670465608
-0.25408383873243329
-0.74829205331576365
-0.18387329363407584
-0.64537408227929949
-0.13494645846445860
-0.51523313716818830
-0.09786428996415177
-0.36112986479361320
-0.06436847451632016
-0.18716510699526331
-0.03617073479378117
0.00560304782185863
-0.01472592610547458
0.21264469024950386
0.00628534468606966
0.42495715406835483
0.02390663551870099
0.63917675715124400
0.03559319291957869
0.85097496602649969
0.04050670639812463
1.05391655564025744
0.03809292381155133
1.24214253003781661
0.02440924202320070
1.40926113299138200
0.00279883038738507
1.54891343029947981
-0.02250128467269002
1.64805622255736339
-0.05380405067824191
1.65684069064937067
-0.06613524318108245
1.56903636896320742
-0.07858251111009476
1.44846892884011580
-0.09088940391358358
1.30512509540551025
-0.10421489369695354
1.14570090281699999
-0.11902194537005868
0.98489911837206812
-0.12794255609601379
0.82875977640922904
-0.13316220738370899
0.68352242442016753
-0.13123107859556271
0.55364303319313946
-0.11462140085000538
0.43878791388754251
-0.07334832346117090
0.34445993693273813
-0.00161815110057216
0.28663759925738758
0.09449132838538475
0.27285025718570027
0.20595771296716076
0.30030650788511731
0.31884337411970282
0.33098239200523072
0.42853625727622729
0.34478514762731044
0.53221822422413012
0.32571976376250172
0.61790388875069191
0.26850484462107521
0.68495989655079326
0.18728700100670309
0.73614751899983377
0.09326459422162205
0.76969202416748805
-0.00647722860087627
0.79150995380868638
-0.10334413371737276
0.80566439089523745
-0.18669951833154858
0.80776929979823531
-0.25324731699450137
-0.66347134695104804
-1.04205196856721671
-0.59295411562013811
-1.02796919298991574
-0.50368250610620779
-1.01014036869517887
-0.40398084903114884
-0.98099396119380622
-0.30651259129146230
-0.93216066435083311
-0.22380263618071994
-0.85616573534836238
-0.16046718136243954
-0.75016247077499210
-0.12308299869562737
-0.61697944668271221
-0.10269668908449946
-0.45965372382801967
-0.08586328130999030
-0.28140051538660710
-0.07224216596461518
-0.08588159213563766
-0.06087333768053103
0.12279959835386889
-0.04691863818270465
0.33816627483374467
-0.03291326097963877
0.55709292216442741
-0.02346089710208165
0.77422649809994759
-0.01630552277326664
0.98187400597125407
-0.01030412370677704
1.17655577987610305
-0.01112090285605330
1.35043511995219001
-0.01034016227560615
1.49774533582171010
-0.00197250346619070
1.61129061347782288
0.01431423718830988
1.66465111927821963
0.02278440267874010
1.58192573486753330
0.02604355319554014
1.46002656316804358
0.02745624834489001
1.31296099461140670
0.02739868899338065
1.14856612505512112
0.02449661631718046
0.98073022092141426
0.02537051130837669
0.81611894293617560
0.02985871442883328
0.65989031798135500
0.04036347408819513
0.52153156057459227
0.06068654051602933
0.39493454639994741
0.10078722314898392
0.28730200956040780
0.16005507503359998
0.20413859836196910
0.23873386468390953
0.15753948675712046
0.33431918136653460
0.15639588343919469
0.43357062221215303
0.17330714585398407
0.52879440165814062
0.17430943745773875
0.61360175688419416
0.14439301153671308
0.67927224772590356
0.07682137298207654
0.72417422713201629
-0.01405672186994108
0.75597761191608237
-0.11592044593731651
0.77287941499918356
-0.22030760276733116
0.78413183753446924
-0.31905149470826466
0.78942984127966398
-0.40192961357737722
0.78796472553810926
-0.46625456163808571
-0.59488018530777731
-1.09263064709530711
-0.52271386488634575
-1.07691112482426798
-0.44253180352907362
-1.06867809685760018
-0.36368382413929135
-1.05949403786860685
-0.28030593048591579
-1.02327652356006582
-0.19797671639340259
-0.94990079207387967
-0.13532876907274330
-0.84345618138549205
-0.09918173312916043
-0.70947954474949360
-0.08238636975308795
-0.55070012183245320
-0.07142703847251339
-0.37081364537742889
-0.05963635590725370
-0.17391102820615581
-0.04836951932011579
0.03351007037550557
-0.03399062454961847
0.25022196013556497
-0.01771808937083736
0.47181199628126186
-0.00287025171909058
0.69156439234724676
0.00983831376597667
0.90368873823760032
0.01926888628399836
1.10318572060573739
0.02903061107318936
1.28512191191274816
0.04603170227236469
1.44270520900774657
0.07199709732379346
1.56996871707754360
0.10962527816794214
1.63902474904142159
0.13856820881583723
1.56853504063241789
0.15540733591244005
1.44996313646944786
0.16846053434037458
1.30197586956153266
0.17798930031362276
1.13556674021191650
0.18575125339960666
0.96441932511380268
0.19523988802482284
0.79408442388674938
0.20602242162436574
0.62951222105038473
0.22256082100703897
0.48088930384103362
0.24550210182446844
0.34656715925586090
0.28041525674018797
0.22573934267616200
0.32686435234504485
0.12332324434246487
0.38570262436174824
0.05044020994640423
0.45738114686107145
0.01464444910208756
0.53798739247020078
0.00879454175899442
0.61524012399971828
-0.00271300535299408
0.67946677693036672
-0.04122557550206953
0.72066744067421640
-0.11666076521477511
0.74289270973857247
-0.21367311802509661
0.75608128355269677
-0.31932119755836746
0.75345868021023155
-0.42378783884233923
0.75383303248290656
-0.51964620304871201
0.75070362210754049
-0.60032728996139673
0.74428913571899480
-0.66252947325280520
-0.55754385966828623
-1.06253296175438106
-0.48332154833028929
-1.04608111541391691
-0.39622731863690991
-1.04569679682745620
-0.31129499693740331
-1.05935344753909266
-0.24070456386363429
-1.07002618170109143
-0.17719632477506961
-1.01969245256946350
-0.11224452025019266
-0.91930541745012440
-0.06828672107346023
-0.78535873590266503
-0.04128914654075221
-0.62565749607342303
-0.02276728630582781
-0.44444897631847963
-0.00256477580511150
-0.24706205934470285
0.01910315202266116
-0.03736342407519563
0.04114787932604595
0.18199038432334591
0.06238085749697905
0.40760744255968634
0.08296510984060010
0.63165754845133004
0.09922130405111283
0.84918427074542502
0.10744837611813080
1.05299917793865361
0.12187732205647898
1.24187392643128036
0.14643674347799376
1.40696526500882269
0.18170247651525501
1.54041813280089768
0.23176032625722037
1.61920762758159342
0.27455951432681541
1.55825282672213739
0.30211769986466325
1.44219393574969823
0.32441034187999290
1.29452457267038068
0.34290688667622776
1.12843924787110028
0.35872018538691353
0.95080983661599572
0.37453864513967017
0.77315172799396026
0.39011429968892569
0.60135603212214439
0.41050430543426353
0.44315453307962888
0.43399163675949459
0.29799006022271196
0.46261489445998050
0.16604164270855987
0.49658264414956921
0.04934516955549563
0.53702419858773320
-0.04665577874510998
0.58384774457768840
-0.11448982466023093
0.63576502754781505
-0.15570892694236479
0.69104919373295903
-0.18475007992303819
0.72981417599348608
-0.22981261238326076
0.74484272677340857
-0.30842655202325459
0.74025093718650081
-0.40592809658404599
0.73124844136255118
-0.50768580294368992
0.71624324684047247
-0.60566094616051225
0.70378992645204341
-0.69604686950676653
0.69114361119051826
-0.77376324761174464
0.67832815772336919
-0.83346846884477321
-0.57103560674704645
-0.98830761434777503
-0.49319832872050484
-0.97193437081797585
-0.39886142396769769
-0.97635809502481463
-0.30322119804760445
-0.99986881602344169
-0.21710844575886568
-1.03154315515351303
-0.14476692353487913
-1.04038336149216337
-0.07920903846185039
-0.95988607762654043
-0.02112635613441627
-0.83106491049593545
0.02116901103688942
-0.67260845275917158
0.05211652589050788
-0.49163620960175958
0.08163229009693858
-0.29396395922825552
0.11448082144783561
-0.08417827176530958
0.14686120048118395
0.13614017307758020
0.17633228258891193
0.36450828385941109
0.20286431514661823
0.59409309806303612
0.22442774667149057
0.81825070121394328
0.23769753473131677
1.03030098269943649
0.25087493067950284
1.22274824256197978
0.27594926403382114
1.39151411632447375
0.31616811197785799
1.52694861708055352
0.37508663352609350
1.60716413947745118
0.42731548459635887
1.55219190986079103
0.46264572843915869
1.43621257422239745
0.49083469262757007
1.28917333650120058
0.51618993139701008
1.12195149809791128
0.53784692312507043
0.94159896328238912
0.55835241874175534
0.75736314117580072
0.57866169340673224
0.57798149609430627
0.59920017146147042
0.40945255670597475
0.62124179522617184
0.25475078493502168
0.64285480345419976
0.11169228081421413
0.66667644606164733
-0.01891529237395042
0.69120410270390120
-0.13547656931630392
0.71398026636682754
-0.23108507567630798
0.73619539058673622
-0.30315095128474695
0.76008589872408516
-0.36034474701993813
0.76711356688725474
-0.41690072508897474
0.75219028668085941
-0.49254480430423203
0.72526610832017013
-0.58001609049823288
0.69399871746359665
-0.66926221340785208
0.66100506265761561
-0.75622726837218002
0.63108671183929899
-0.83972075267474555
0.60374198977859994
-0.91075470028952277
0.58268348654297375
-0.96573715089008016
-0.60672284435079782
-0.90415855606411155
-0.52553837549215532
-0.88946865580026901
-0.42443908948697762
-0.89823604109103428
-0.32000110650633556
-0.92673464495806135
-0.21931148207655932
-0.96535323100752912
-0.12756838170637330
-0.99221439639918230
-0.04135689935954232
-0.94783748385311606
0.03434655783424735
-0.83579219987683473
0.09365239116709810
-0.68540665480208096
0.14006880071408756
-0.51021559639906999
0.18119188948579543
-0.31654788398387734
0.22557307943666233
-0.10768004328084588
0.26938790207705915
0.11175514138440616
0.30894048131665613
0.34107500944509261
0.34174548034591579
0.57240146672041159
0.36725461754158917
0.79965427792294119
0.38422267122581394
1.01539654664364609
0.39900600631753846
1.21249796885849670
0.42309749392620571
1.38399062601564538
0.46561191437201438
1.52052798834316572
0.53158025671340392
1.60000266552125181
0.59174489867254465
1.55001854063570210
0.63216060262475682
1.43495185519087687
0.66524750424132761
1.28626678605534139
0.69472992434574410
1.11693910207628799
0.71938397064658999
0.93385955203907456
0.74343563191178108
0.74564843780378920
0.76469363385480738
0.56009764846578514
0.78504561442951248
0.38259597318067728
0.80308093118842727
0.21670272506703422
0.81939108966890506
0.06248311373172064
0.83415866569455954
-0.08281455538717630
0.84553827240074819
-0.21610902890572015
0.84572719025641108
-0.33234302726424481
0.83938227219692951
-0.42937577663212667
0.82622490824715211
-0.50845557486930781
0.79659012708525134
-0.57795534093089507
0.75108016373109177
-0.64621346446296102
0.69618037079028361
-0.71880807522139867
0.63799116653583432
-0.79263588106990357
0.58297323679339741
-0.86517183512596041
0.53022720476642937
-0.93250366074830593
0.48673624448175407
-0.99397113435184881
0.45797473419906126
-1.04485664239902287
-0.65597439376401845
-0.81849381157095502
-0.57188792317305037
-0.80754883524296661
-0.46431113715402700
-0.81883438136708875
-0.34993738612972652
-0.85195571691382466
-0.23617781055919221
-0.89372882381841556
-0.12679567682087131
-0.92520863555078192
-0.01851894318645019
-0.90208805246253310
0.08250006351534421
-0.81003954289771130
0.16592460100973208
-0.67225295015694086
0.23154205577262113
-0.50399267011283000
0.28755927269582587
-0.31661088464426879
0.34454555466157161
-0.11281690210647553
0.40098773394293297
0.10292659252378020
0.45190345823742956
0.32839805367740260
0.49179103714123507
0.55814216807666150
0.52142189807512496
0.78676637457258258
0.53950245025317234
1.00519801884721049
0.55674805328099086
1.20529072103704005
0.58133674981688366
1.37861846170719882
0.62478411557036384
1.51526531107366091
0.69620149213285887
1.59264097340615129
0.76216038440636869
1.54804992497345606
0.80789397031538124
1.43493758988897246
0.84433693410098687
1.28561036950621399
0.87593410551916950
1.11373469905630906
0.90201506353837058
0.92731813940020336
0.92540799622412506
0.73558542306069874
0.94491960321897206
0.54496101263349539
0.96218758844099361
0.36204836405574181
0.97512394240044409
0.18705930236850771
0.98447553588606673
0.02066531197720926
0.98913862053037926
-0.13905583786532719
0.98410887646703404
-0.28575567025245668
0.96356958151150174
-0.41671341002983542
0.92978064459799847
-0.53064591011397255
0.88116636429704598
-0.62567996933754855
0.81655118541412652
-0.70058432491082967
0.73538357501530760
-0.75732184459487117
0.64786888813070653
-0.81177886928402521
0.56258208555412903
-0.86883007847321758
0.48425704223785182
-0.92426036812011070
0.41427414676977553
-0.97894028985762827
0.35743865366957228
-1.03088045636907699
0.32088607341155317
-1.07623640898601747
-0.71473526040717250
-0.73676958578913343
-0.62687486547103310
-0.72928204667580676
-0.51410663098343523
-0.74629092596380542
-0.39133569734541768
-0.78321328116148003
-0.26613171608784347
-0.82794310571241814
-0.13672794913271979
-0.85798168762494131
-0.00273700272384479
-0.84189796513190762
0.12206680288546341
-0.76684588242008134
0.23067862062727632
-0.64311945948347071
0.32023882927034714
-0.48449283828010231
0.39654270359039595
-0.30362127425418101
0.46719403102320861
-0.10672994724956451
0.53677752140009549
0.10321805629211328
0.59855884625791100
0.32318476795479600
0.64782301743443749
0.54999082043330894
0.68098764003795786
0.77692469091329608
0.70276082605714152
0.99576507782257684
0.72330826917701874
1.19705298931444482
0.74905150325075287
1.37304220123647691
0.79245108024535482
1.50998409065256478
0.86699414670195507
1.58602537560191337
0.93847534968803781
1.54703180715885713
0.98740865607369133
1.43472311073140779
1.02348266427786116
1.28622621813671367
1.05547809411204607
1.11408832850643891
1.08096484832560380
0.92644842583804299
1.10189617117097027
0.73225205609227340
1.11696819300891881
0.53780477515089165
1.12804558958542334
0.34913793305820168
1.13563721508298965
0.16745084640381655
1.13700583908608865
-0.00737742064509756
1.13084913670691245
-0.17567729947862201
1.11003196481087452
-0.33233729846882681
1.06877320887134686
-0.47485935159302606
1.00570613489470095
-0.59961134476433597
0.92137870471640193
-0.70244808976866591
0.81764986676158036
-0.77380262779655695
0.70011317704749998
-0.81319296595202573
0.58543998631317562
-0.84877940322780943
0.47949127433764949
-0.89048819410523328
0.38319869510342414
-0.93307538181987570
0.29823287978523105
-0.97577700139629775
0.22946965361732291
-1.01876351377787389
0.18591203504142137
-1.06032689032213745
-0.78028160952174830
-0.66702871265762154
-0.68953515162493884
-0.66580938726915562
-0.57265449144078318
-0.69059835246075918
-0.43916916793780758
-0.72582032151631004
-0.29546762074765998
-0.76067190814159724
-0.14587386758068357
-0.78405768699751544
0.00601292888917707
-0.77595613533593966
0.15477556322359959
-0.71377485730682011
0.28770428658027186
-0.60451922138636560
0.40344696741272407
-0.45631206491871906
0.50209730081598591
-0.28455729232206145
0.59005718721504130
-0.09409939589612895
0.67306804253106145
0.10776718542286992
0.74611436490976790
0.32073291154646755
0.80340413608707506
0.54171020896135580
0.84421664586396916
0.76403840102949205
0.87327701262220991
0.98133577688401186
0.89976433723511928
1.18430524876570931
0.92721488452327194
1.36159992377096395
0.97024699413557758
1.50056154538023967
1.04257851800014212
1.58093511495714956
1.11436187438908618
1.54937112372925756
1.16221046950363571
1.43837381738705949
1.19899957382388078
1.29113606595352248
1.22978387507359432
1.12072901940430159
1.25227087109785962
0.93350850333270474
1.26917195673920191
0.73871986410947177
1.27758055059924680
0.54311949206920851
1.28174261058596617
0.35041831057221051
1.28185506755036460
0.16386763288746722
1.27514796413468590
-0.01518233489191553
1.25990600422680710
-0.18636075490032222
1.22491376541328623
-0.34592124771028221
1.16372280405220829
-0.48844435839977302
1.07353650887151320
-0.60568053481975126
0.95214185561554165
-0.68766044911798418
0.80784528241342080
-0.73608556460242858
0.66632310542937045
-0.77505295347246528
0.53320225261301457
-0.81132262512297182
0.40993757504010836
-0.84684275130532105
0.29743267747487245
-0.88226163827498882
0.19868996878958053
-0.91987685653436768
0.11941446491450491
-0.96118394933571716
0.06979353493088362
-1.00377047950497889
-0.84501112367767173
-0.60744180177847351
-0.75097565588938808
-0.60900917387212172
-0.62472902109771855
-0.62895136695792153
-0.47756799992500748
-0.65862781410416449
-0.31911951623350465
-0.69004375441492083
-0.15268107346016768
-0.70975968611641749
0.01779456359796332
-0.70368988979455305
0.18387217617920479
-0.65588010718068912
0.33873548162204603
-0.56362656212395545
0.47885844959845841
-0.42865210962938655
0.60089724910567111
-0.26514715483991286
0.70820043879493721
-0.08292048643869449
0.80504645963264942
0.11029891942177934
0.88750024115676096
0.31451724061920378
0.95517807356631679
0.52800052822780241
1.00659798864024119
0.74559620708029672
1.04735266078412304
0.96023060179863362
1.08055908460081240
1.16221577911897023
1.11036061285387810
1.33948892133854325
1.15202128849360830
1.48250219348463652
1.21679014531172158
1.57050555664608682
1.28622980367122719
1.55211981252198483
1.32954121985522478
1.44465611970016083
1.36448320609385232
1.29975917316056133
1.39283271152397004
1.13393671350732284
1.41308283333428641
0.95100485854636341
1.42353021903739307
0.75885196838633984
1.42498855389473977
0.56321155852097238
1.41981187752639015
0.37037957699590679
1.41136840247597806
0.18376066724656445
1.39696735277263961
0.00529964686169304
1.37157276671450190
-0.16353211831339798
1.32173849738311810
-0.31763869284843055
1.23699746021344836
-0.44731399073009115
1.11444528438905066
-0.54389471542489243
0.96031134401563689
-0.60407186445730698
0.80160190540564835
-0.64344411200870544
0.64850051892551575
-0.68052030984392309
0.50307047065597188
-0.71501608259111160
0.36662886470675404
-0.74984388760071918
0.24145436282421273
-0.78626553563714252
0.13047234586045853
-0.82425381056473612
0.04036944033728722
-0.86599549490308603
-0.01757599704844685
-0.90895943599283868
-0.89707053957505645
-0.53803692743535803
-0.79945242827943630
-0.54149241746211441
-0.66629362814089366
-0.56138874892101365
-0.51036746845990721
-0.59039468833352127
-0.34002105576456276
-0.62000642705256492
-0.16036213250331660
-0.64094197232362682
0.02474367658667197
-0.63954099830260269
0.20733207356393760
-0.60500957607602257
0.38258549467306946
-0.52773805977205179
0.54427116286803645
-0.40534230171521352
0.69093966202029078
-0.25178449515809770
0.81702186264302512
-0.07866114809955746
0.92584470538126928
0.10548268280393611
1.01956696738100927
0.30132958704298446
1.09916672671194204
0.50722799850999845
1.16519149302752845
0.71825632483568813
1.21755334489386757
0.92825605028933333
1.25953252618423006
1.12785612439047433
1.29258119149911277
1.30630491658139647
1.33116255558784058
1.45490092121190973
1.38481734112594213
1.55212641119976857
1.44845360269837520
1.55317937368442016
1.48468950583057246
1.45465773343064586
1.51652437054669686
1.31526689620126525
1.53951728545744237
1.15466539607385621
1.55505311183477435
0.97761286281728965
1.55988001472954863
0.79063565388744561
1.55267331582538604
0.59947810911598520
1.53644188246677516
0.41009290327195785
1.51590428978572400
0.22784205862837495
1.49261830044327204
0.05292871343570386
1.45814296036762370
-0.10951197140661455
1.39392195132881791
-0.25454498349054611
1.29089093872712901
-0.37129713694189637
1.15341910054643004
-0.45383563771421109
0.99060859854955163
-0.50276420399665489
0.81871670469525915
-0.53110317914191063
0.65379839800802320
-0.56295116379796839
0.49835243698040171
-0.59565652980442452
0.35276078130685651
-0.63123930641399717
0.21780380468940855
-0.66835552029722034
0.09659377916963051
-0.70632706182674676
-0.00235640145325189
-0.74713724188332564
-0.06722016067823852
-0.79043854402362557
-0.93484838833695261
-0.45781808882674407
-0.83614522134880009
-0.46581209330840645
-0.70002497079351444
-0.49071703084361029
-0.53816324153149031
-0.52327246243372871
-0.36030729313947141
-0.55602147629467058
-0.17137816750017490
-0.57985782639891070
0.02504037015873245
-0.58516074931191875
0.22214278508112831
-0.56148370450891771
0.41410149037748267
-0.49866242542751488
0.59684399143179645
-0.39114174673037289
0.76514784446583362
-0.24958721247216736
0.90819410273552681
-0.08568011701996445
1.03079837988315370
0.09222184019760844
1.13768363933223515
0.28156329191948398
1.23055384567013570
0.48041423247573500
1.31114706513337520
0.68513332629104162
1.37700687348349393
0.88930032414404447
1.42768280862614416
1.08471373623352796
1.46527560133399670
1.26319211477381543
1.49907640420501620
1.41587025155677160
1.54028903540765705
1.52349733864623826
1.59529752277740955
1.55092794321024519
1.62325951936775148
1.46338375542903187
1.64788086979697379
1.33380125479668532
1.66397379500892928
1.18044604303959844
1.67271669191677463
1.01257860881555484
1.66794185975664977
0.83520130660209235
1.64922522226999946
0.65288301800549908
1.61659583163890153
0.47197036288667293
1.57999701653726232
0.29862521515222606
1.54665903825606144
0.13195606128271969
1.51185548952025894
-0.02525526952216951
1.44773383751339835
-0.16516499719904643
1.34292960085976087
-0.27582418719026885
1.20220245600934672
-0.35064370413800261
1.03682229395245962
-0.39087323587304107
0.86157700285144023
-0.41265756790831121
0.68886412710340961
-0.44050705644975297
0.52578122873714250
-0.47245586497932707
0.37212120952405880
-0.50776054598673526
0.22935178113325444
-0.54465482885937189
0.10043079822475888
-0.58136748546088579
-0.00655007086264539
-0.62071683417583312
-0.07693517709140407
-0.66326970842902677
-0.95544670685000288
-0.36652266747919965
-0.85679123223732367
-0.38058914285754242
-0.72096472500238851
-0.41313299577323070
-0.55996558267966667
-0.45353408871676210
-0.37895929419834573
-0.49351623463702043
-0.18518859894647000
-0.52295972121152690
0.01864046722368133
-0.53296370037300056
0.22670205110394617
-0.51461435454550708
0.43430418936682086
-0.46224554243718347
0.63307657388142813
-0.37393391863621123
0.81876985858440587
-0.25038086613891836
0.97878210209058214
-0.09599305086172709
1.11640101351550025
0.07622294790733652
1.23823375718502549
0.26066878981081659
1.34558853622298380
0.45425900433493077
1.43940091607664433
0.65331796911822726
1.51634806046304771
0.85104446001151490
1.57701626624324009
1.04034362577128969
1.61988466514988283
1.21538802799025403
1.64811987760360434
1.36884508760954882
1.67741114605537178
1.48607895841333759
1.71965716607383490
1.54136878349101525
1.73918767148840581
1.47131986721005958
1.75126360122507418
1.35462883798662403
1.75562345007748100
1.21383351149324326
1.74958685378178735
1.05885562155416690
1.72885895074763707
0.89467524711624513
1.69322248183573110
0.72617954465916401
1.64848001134087840
0.55561890928500335
1.60712163345183301
0.38877057805069426
1.57572556228840965
0.22777561606627561
1.55275017382798941
0.07460687468361991
1.49947206581365644
-0.06387171461578653
1.39824440646325265
-0.17092984479095505
1.25830593410369618
-0.23958663081493431
1.09468168767954310
-0.27477140128919125
0.92075159781184579
-0.29376582393903949
0.74553138248965545
-0.31881875658934739
0.57789707611141106
-0.34969352762054851
0.41887684105637690
-0.38488989696379766
0.27021221174269183
-0.42198389196913910
0.13563756961452120
-0.45910606943826870
0.02348302835283787
-0.49788782462738629
-0.05084190233350437
-0.53899663458906133
-0.95750903080726613
-0.26572036601296584
-0.86047163786924030
-0.28551859630934207
-0.72762966636545323
-0.32546710718640365
-0.56934425621592644
-0.37495361566159657
-0.39269197345957030
-0.42356842100006614
-0.20273604098993628
-0.45969361428868050
0.00163705680514755
-0.47163432115904236
0.21449862800360106
-0.45587524005718982
0.43013114327339691
-0.41110963211953450
0.64296504995736381
-0.33528444903454663
0.84657420263969063
-0.23047827462750037
1.02544742682989765
-0.09240341055817032
1.18096210049405625
0.06954461105291475
1.31773170759899050
0.24630504933605471
1.43849236097372368
0.43396183714845538
1.54446885300028791
0.62574214500813308
1.63422230741121544
0.81576080709106658
1.70203209755706242
0.99843760004410043
1.74712804686648315
1.16810216319348958
1.77064846206064486
1.31945222318830924
1.78712211168619350
1.44025639751746426
1.81292556579034358
1.51749661460319651
1.82406180051066036
1.47807297962583584
1.80966306669799915
1.38170705870622035
1.77919084377913861
1.26082619141718633
1.74571348118349801
1.12102627736557192
1.71408049595386625
0.96820621259516726
1.67951581358627000
0.80797827740831429
1.64408771475951476
0.64490037757970364
1.61732159950479293
0.48531074043649491
1.60006847548201980
0.32984952800374551
1.59119285146855560
0.17964267199864500
1.55491748385094186
0.04115602618633130
1.46050996310242898
-0.06453984074092739
1.32448245283918209
-0.12935118799297818
1.16528496045557728
-0.16165707600562002
0.99533568557829843
-0.17969066273762524
0.82247831406964045
-0.20193184846478898
0.65127999889635568
-0.23284990941589320
0.48822833932091236
-0.26942128788105701
0.33639882767913520
-0.30867014159833422
0.19830557553273659
-0.34705957520831660
0.08473331742367317
-0.38729975494827995
0.00887950735158365
-0.42851680385203700
-0.94033806751562332
-0.15327095594974202
-0.84591831293946773
-0.17891210578655284
-0.71850375371312125
-0.22730083173408017
-0.56869314540901206
-0.28393779760258897
-0.39994824559954562
-0.33882418270910358
-0.21293252545212454
-0.37650868537474674
-0.00999633618302489
-0.39056946618001220
0.20187457391633798
-0.37997664956737215
0.41827739900463112
-0.34154177854678330
0.63519171664270846
-0.27577532795691306
0.84816680680205447
-0.18106885396293665
1.04288700428911763
-0.06036942234321209
1.21528448469208450
0.08548616907196134
1.36897347407475700
0.24712895330495513
1.50457083058515106
0.42215230142107207
1.62289511897853456
0.60342991109809718
1.71965497352644658
0.78481316567440473
1.79107633012561829
0.95893080958093746
1.83676848192958886
1.12112829569710493
1.85289284079927596
1.26480549104854023
1.85617300294698739
1.38268655856630840
1.85188245582197863
1.46385505048338205
1.80532091237253578
1.46749976624628742
1.75698831684969470
1.40156938134172182
1.71474050366510444
1.29773369639642100
1.68128585959201016
1.17256258436295679
1.65575817648002621
1.03409816934608667
1.63877546245030392
0.88504946015287189
1.62667592339997769
0.73191924534986375
1.62441808086066986
0.57850988899840805
1.63170058655109740
0.42831929999300933
1.63601849527892695
0.28255463357348876
1.61382607963003144
0.14509558009249882
1.53006346798650150
0.03682475446461073
1.39947867699916029
-0.02635269703845287
1.24669354719528891
-0.05893773362689145
1.08318910048958150
-0.07782216368152359
0.91354868209610707
-0.09907532173302395
0.74358293512173779
-0.13021502828530823
0.58007769313916446
-0.17189581338414922
0.42903185885472095
-0.21691967360587347
0.29264611966560339
-0.26139269906621165
0.18106792120231646
-0.30738981716190700
0.11013375405502290
-0.35653510877672318
-0.90356958626178319
-0.03082822957756808
-0.81322616225413191
-0.06096182281641364
-0.69432680337604091
-0.11505092982435089
-0.55351163426038219
-0.17750523391340517
-0.39487024447851382
-0.23575685257404369
-0.21476661755410484
-0.27643936212554876
-0.01867531354287092
-0.29526146940876069
0.18600660322058019
-0.28861506630084788
0.39532497645178460
-0.26035352729391509
0.60663226908305756
-0.20779178727581929
0.81303733847392201
-0.12693512609914520
1.00384370051398530
-0.01871532064656217
1.17568359503115683
0.11515512567968082
1.33163068296693887
0.26479798144506317
1.47376420913143513
0.42459688107494847
1.60305444185968815
0.58969125219262153
1.71578013360534265
0.75576015860866042
1.80130303053294982
0.91782824239825389
1.85498629831821615
1.07229708237673704
1.87205445438370610
1.21210524373523132
1.84814374078644428
1.32726954218622706
1.79690811690278873
1.41250431393331954
1.71536450655467565
1.43670898793668655
1.65221261577310030
1.40205617244507263
1.61380870330359572
1.31679674339400643
1.58180028123359273
1.20714039346543212
1.56598262052041926
1.08136612911205932
1.57455489118008307
0.94635077380405419
1.60018047007509479
0.80610706299301493
1.63047115498324868
0.66268514356830377
1.66171038150290173
0.51712175478532796
1.68403617293812391
0.37521141127308943
1.67539439494214881
0.23932529998205035
1.60667542617998893
0.12724333168896251
1.48636917818614278
0.06060605219799110
1.34314867738455512
0.02203188737404342
1.18728138955483398
-0.00273453358152251
1.02470903987285422
-0.02750056061252517
0.86018185515721346
-0.06320661327313298
0.69907951184132122
-0.11305802964545754
0.55093271366467522
-0.17281065026716219
0.42101686377351705
-0.23346109622917979
0.31537176663183236
-0.29230500978020801
0.24786289910908851
-0.34900146554608713
-0.85342841842375117
0.09758702320065467
-0.76523063690723858
0.06575327759953571
-0.65132439234436523
0.01018945797168109
-0.52180923252799494
-0.05570912141527867
-0.37515817223234887
-0.11700786160801269
-0.20725956719796387
-0.16170407407739357
-0.02233205449698037
-0.18691854013193795
0.17081114630029054
-0.18869650808813423
0.36880698746477558
-0.16859560432210924
0.56755943965636757
-0.12542927181646454
0.76217698299920711
-0.05398863621514636
0.94298733435095994
0.04427454982074686
1.10665865899663096
0.16686262271431684
1.25659993573916817
0.30520009247021795
1.39413888789184459
0.45364544516096728
1.51923380044831258
0.60908591593217132
1.63077908201761157
0.76691295436444606
1.71840194616969955
0.92084990697023839
1.77494242881278841
1.06558359822062032
1.79110629566838142
1.19628921932140475
1.76573561069148677
1.30865161188616574
1.70207595153577640
1.38910086518485376
1.61150626391466179
1.41473171192902059
1.53220651100004757
1.39178234811870216
1.49307811261120937
1.32132117720096232
1.46348121551065424
1.22197194690720456
1.45431666521600111
1.10582992193189211
1.48008298280051620
0.98019359425785835
1.53552917026490254
0.85241350289187778
1.60369023422665125
0.72320970584638999
1.67357659207934528
0.59008070832339410
1.72388258224561453
0.45299508364909707
1.73583074535071047
0.31688759792369864
1.68622888427028972
0.19940014943164436
1.58371486272097273
0.11839513758034172
1.45219296076318272
0.06818327314286607
1.30559712444959897
0.03133420631650492
1.15046294209159639
-0.00447488833890683
0.99211772387388220
-0.04927295296177016
0.83705900080923401
-0.10549479428467917
0.69097231808760595
-0.17463710083408979
0.56336373198220457
-0.24808877259253120
0.46160360460736005
-0.31851451801266140
0.39723130150602221
-0.38358119597364654
-0.78981805460129306
0.23161131943602664
-0.70205540559576907
0.19709429572452142
-0.59231034075807087
0.14262880331618472
-0.47255754872028599
0.07759328376801837
-0.34086440496357506
0.01444703627907134
-0.18939394434655235
-0.03454841257912940
-0.01987907580023610
-0.06559043887191772
0.16015803472394119
-0.07622503800608119
0.34370112691765337
-0.06334731944600751
0.52705027882946143
-0.02599974382318164
0.70538999630946897
0.04001503366824351
0.87259239651463538
0.13269998428009566
1.02464470139905939
0.24591512893501555
1.16437238466785664
0.37307228849605550
1.29408622951154162
0.50965625576212359
1.41300415107827915
0.65484562078929998
1.51974835226577620
0.80292211233434085
1.60689206339518487
0.95073516746990216
1.66514738837462439
1.08960676855197858
1.68440255495599955
1.21518934682751856
1.65786553487982458
1.31919458961531921
1.58704167958770470
1.38589834069725537
1.49043006411310408
1.39584743577734960
1.40519370102128094
1.37587945888729313
1.36357922918950614
1.31580146949085641
1.33657692241484538
1.22125173888537386
1.33079320083802544
1.10843054781168737
1.36893768637552604
0.98820992500313487
1.44247027181652987
0.86810418685022461
1.53074241439063274
0.74890146864895368
1.62504151952782516
0.63065850590446249
1.72017425946791302
0.50771111552822479
1.77681494709105525
0.37244133594123224
1.76061148589402516
0.24487286783995696
1.68395931271051436
0.14428257312059950
1.57007636682113927
0.06935299001338052
1.43092843475796361
0.01768333694560123
1.28203400755613339
-0.02974929171839528
1.12925290942231826
-0.08263565963554326
0.97788677899420418
-0.14322662417065835
0.83642024465524523
-0.21436793176498689
0.71012252336075710
-0.29361609354200396
0.61019341296629004
-0.37026428430591907
0.54911328580807239
-0.43926804573548911
-0.71378723759046825
0.37019827189925097
-0.62512336984439687
0.33378431443116907
-0.51998340725718062
0.28055808671230320
-0.40711305301543554
0.21748607741887924
-0.28841663676825391
0.15361534405335220
-0.15563697420086145
0.10057319044201242
-0.00471588392061569
0.06324801596683853
0.15710352762940868
0.04684069173484914
0.32204589029350356
0.05562559187136788
0.48667842599916034
0.09045937234589192
0.64507793152691595
0.15516731435272088
0.79516945122749927
0.24232984433052909
0.93294308027991291
0.34923080723970651
1.06114277167385995
0.46881236275003391
1.18222555364267712
0.59780242269403128
1.29615466513464095
0.73509926616429322
1.40025042291742463
0.87603327939366360
1.48627302404401740
1.01677040863532642
1.54730682853050294
1.14846573235052651
1.56945719969968489
1.26602370830370736
1.53872305407470011
1.35514574137176158
1.46058852490466862
1.39681181064400173
1.36398549789383727
1.39126589045297355
1.27909963767528256
1.36512430169019705
1.23622537896761098
1.30545405645768842
1.20880123112709326
1.21001266173027489
1.20898417682907811
1.09404789127973334
1.25818378347999960
0.97380906159573288
1.34250403943589669
0.85473725810621837
1.44230314794475767
0.74043423405580833
1.55250027397670554
0.63006335094887178
1.66939464030354268
0.51740878044474259
1.77179646086087050
0.39563947326401361
1.81601593159768204
0.26118185345411982
1.77570897320186494
0.13487333444960622
1.67771889021671461
0.04068584978453636
1.55093422580594420
-0.02992619993703571
1.40815326888465164
-0.08872309980770446
1.26093861152767395
-0.14754081880129280
1.11580617919212011
-0.21290532709662385
0.97933960929748920
-0.28483212330024027
0.85744683332225968
-0.36369965864692472
0.75886167905730662
-0.44381455130041403
0.69986771334514430
-0.51478051971264638
-0.62801078321823778
0.51465081803082746
-0.54139787402004524
0.47801526243189058
-0.43734570642318088
0.42388437837069182
-0.32854844839054231
0.36140334988932443
-0.21767012191047033
0.29706775362128296
-0.10333347421896052
0.24069832633013979
0.02246639267712476
0.20049188935483475
0.16047957736777543
0.18101689843465818
0.30369121433843166
0.18767965690401708
0.44482332873963998
0.22413858433814374
0.58044209951032499
0.28943119244397075
0.71215806281211358
0.37625376064941013
0.83610287283141704
0.47795414525740043
0.95274384555640079
0.59330051197039890
1.06615751956743710
0.71827036496770624
1.17536415673248329
0.84994144778779857
1.27780970089486945
0.98242700927209525
1.36376554532839989
1.11409953564865694
1.42697728223218934
1.23839317249048753
1.45399864750811814
1.34413844825323037
1.41456538913436036
1.40965394610333483
1.33415072365909748
1.42274139711655434
1.24144482613891061
1.40538540979212767
1.15962389750337280
1.36505516361739554
1.11199148056810304
1.29543171937583868
1.08865538454772492
1.19390415190103094
1.09406893931173799
1.07121839347033654
1.15052017524297856
0.94619722335690482
1.24283652081278517
0.82519147650656666
1.35425142698915457
0.70885523081967983
1.47704256501976916
0.59744074197799713
1.60699786431172398
0.48691559451184396
1.73252873904879512
0.36853571574777139
1.82282705186733618
0.23873684350690236
1.83773739050215035
0.10417195615445587
1.77019503921968813
-0.00920054518399889
1.65720247520431596
-0.09558839538601575
1.52465421387330258
-0.16664395796557280
1.38484153710696245
-0.23342103597649180
1.24649856209171572
-0.30360624596054708
1.11588426070652313
-0.37843346657861926
0.99917774286250682
-0.45615799484926356
0.90582163114165692
-0.53508039222601167
0.84997268396145220
-0.60542243151231245
-0.54010569205984049
0.66011733100367376
-0.45507722253554161
0.62436744413133161
-0.35145784210684566
0.57068583550034646
-0.24410701880451999
0.50831290709151455
-0.13720592268375970
0.44416741086397893
-0.03365334586581539
0.38424370296986665
0.06432234937167979
0.34059118923621140
0.16743894050595434
0.32358748760382450
0.28205603807078422
0.33276878212230293
0.39633848302146424
0.37450167199678358
0.50954338838297419
0.44341087879995583
0.62373753734958381
0.53063504201255107
0.73538480062559786
0.63086497143087783
0.84313291688056835
0.74306324350247788
0.95026589115117788
0.86460134546667344
1.05739828478220499
0.99015775973392584
1.15899887742661467
1.11611348532460575
1.24690258514445773
1.23974903795149460
1.31311706796539718
1.35430468884824551
1.34725367472023194
1.44982939576333991
1.30075477606587642
1.49025450096632062
1.21967150666659552
1.47555451862473608
1.12902005248310955
1.44315262370762598
1.05370730126241496
1.39186058612757324
1.00744050959009468
1.30620379854763735
0.98203109337880445
1.18683432722022664
0.99187968095146872
1.05182136058772402
1.05030531405844196
0.91643123566259188
1.14899932406653815
0.79033061540577110
1.27213795394172369
0.66856815042833950
1.40758281135954677
0.55421259503253972
1.55060796695220193
0.44155783926886538
1.69090945009543425
0.32368857461594769
1.80580304198309660
0.19595900526524831
1.86375535227543154
0.05973867039076537
1.83742046263623582
-0.06893757519787630
1.74590456449014098
-0.17034291153647568
1.62481342967398690
-0.25249000303600466
1.49500496805813343
-0.32875328852165769
1.36483315504965930
-0.40466580470748281
1.24042354135205724
-0.48170625087630198
1.12990817829625545
-0.56062181406158673
1.04103329972987013
-0.63814390777523744
0.98890872047775547
-0.70777292615822585
-0.45827371893936647
0.80578537476081402
-0.37487016797389483
0.76941526497350310
-0.27196760530053993
0.71852097711232443
-0.16690821593335359
0.65747955776913947
-0.06510686618950827
0.59556207750819012
0.02783342555868104
0.53594306697911898
0.10589710397952240
0.48791537869266832
0.17023720711478563
0.47006958394329035
0.25041793442537741
0.49072206015911851
0.33918517175983703
0.53932460567319562
0.43272146145984008
0.61246914507607664
0.53347877904751373
0.70090865465699570
0.63338221825215857
0.80122949972832169
0.73481425133281386
0.91141102427741705
0.83748294055123573
1.02938354998815340
0.94311295687607410
1.14902387691047991
1.04500804959296367
1.26756433447553940
1.13464760208570126
1.38148481593772976
1.20546477794238660
1.48769897182880051
1.24683368786635262
1.57262633846783584
1.19704585946350406
1.58544153037058888
1.11558150969157666
1.54558527544982649
1.02916077669873518
1.49928480301772371
0.96121653893612680
1.43610543417587988
0.91456311249013811
1.33127167052477735
0.89041868668765622
1.19787238719508160
0.90282988694100896
1.04850673849663378
0.96577578002780839
0.90051169518977003
1.07178851040497647
0.76245866530437434
1.20322105044577743
0.63204590235823932
1.35109055161204172
0.51159944445452654
1.50400778936884527
0.39293154115922624
1.65492057771253531
0.27390654159451872
1.78555605953140395
0.14665204778120447
1.86881394882833884
0.00834180277074320
1.88095303370356626
-0.13074761717078950
1.81568218660058611
-0.24728410263248904
1.70966843821200487
-0.34191490914129219
1.58760078653555459
-0.42594337951502537
1.46465391144886081
-0.50566536885856572
1.34678491948616963
-0.58545481397124233
1.24187041128667319
-0.66547086891955942
1.15803388815384278
-0.74257636652272119
1.10842711179636089
-0.81082728038634577
-0.39920507738285188
0.95139428593090902
-0.31861710591420794
0.91692264637521936
-0.22073114349504563
0.86794434047092661
-0.11776457432886209
0.81080386384028746
-0.02005040486526645
0.75210328093416656
0.05982991942387460
0.69712561484415814
0.11789614726341847
0.65043148246316784
0.15131299630051390
0.62916197791903505
0.20352024839583943
0.65814099084851585
0.27300836591115285
0.71197296884867567
0.35079380093513424
0.78860925489131917
0.44005673651096239
0.88179003399398048
0.53311200380635704
0.98322176654846827
0.63044987616012393
1.09264988493574244
0.73144677235466260
1.20551866582683154
0.83375987329264245
1.31867136076153524
0.93432583261686197
1.42879153761781641
1.02724125419478685
1.53342157133397805
1.10335023829374657
1.62665029117734083
1.15211808230433999
1.69967356014983295
1.10958530750798889
1.69112973911643572
1.03606303403399225
1.64428729762950709
0.95928563832637526
1.59269698058292719
0.89726833619339608
1.51455313687142223
0.85042833554267372
1.39476293536973950
0.82300750508074316
1.24538479941985880
0.83303702376107491
1.08066203314941633
0.89586323319235117
0.91551557302613906
1.00573384672382726
0.76161484026375559
1.14831194990867647
0.61749059811827212
1.30703792278577735
0.48352197859867990
1.47209248580573449
0.35616890439840532
1.63000283890855369
0.22983038636378106
1.76842383324073094
0.09752679500117156
1.86836803972857712
-0.04345324527245655
1.90401152293116693
-0.18882335258828822
1.86513886992311173
-0.32038350824490819
1.77521639090449468
-0.42724729296328523
1.66407504504317139
-0.52060700440829788
1.54492238999587506
-0.60470348501190752
1.43122918909568098
-0.68642367581610286
1.33076027298670851
-0.76786856903934908
1.25172419563376280
-0.84540484501056523
1.20592281573969706
-0.91360283265570164
-0.39252152975228849
1.09905660449350528
-0.31525792642091016
1.06553644943978032
-0.22373756099440506
1.02090156766962936
-0.12038801033935766
0.96753378610499929
-0.03020779755539156
0.91526005966507307
0.03725731603328353
0.86763480994163111
0.08480419395472071
0.82269924857721444
0.10470619559033491
0.80179577972640659
0.14129748735143333
0.83552225892077248
0.19915165405334437
0.88533914023142779
0.26684281116241731
0.96711055943229340
0.34774208485714198
1.06911283679677949
0.43726685977621060
1.17235697793622973
0.53191353091727067
1.27922037848502912
0.63002076818609754
1.38684195186451298
0.73015988641123952
1.49257811915848904
0.83039295044794892
1.59368699318243245
0.92456982311727065
1.68643532283126141
1.00462348113538313
1.76578080520714820
1.06160905309361464
1.82617359725562944
1.03544537032362438
1.80160874890599598
0.97532220459600893
1.75474212713549216
0.91193770508770133
1.70113186280029116
0.86272117129709713
1.61459620288775207
0.82635309470356588
1.48720918940840208
0.80479876264526806
1.33106293809612430
0.82108123575069958
1.15918209702526265
0.88601186218728689
0.98671019630220624
0.99320352303947135
0.82133172555333522
1.13282907591406734
0.66372362189744383
1.28853836958004808
0.51344356094679555
1.44845695042264788
0.36291949171191862
1.60848459631196095
0.21480872237814769
1.75190419901264427
0.06661030595153961
1.85785428118967189
-0.08467219488480789
1.90488035762055596
-0.23800002605503878
1.88428863184884920
-0.38116804056170295
1.80863862030462164
-0.50143132627384757
1.70726215049433083
-0.60448476649978489
1.59767206202839485
-0.69745783483769785
1.48833328781928165
-0.78356949004210807
1.39263012055850122
-0.86754309847742395
1.31803219970805841
-0.94666164749275195
1.27580736357434943
-1.01483994554684021
-0.42185141742717319
1.23759910557796449
-0.35378837374624672
1.20595784799435157
-0.27197864548689854
1.16828938211593703
-0.16856364913401542
1.12080648367794389
-0.08685998221797735
1.07642099139417469
-0.02220689398057243
1.03564958014399555
0.02578796168350604
0.99491110262811033
0.04427174361090303
0.97814468413388334
0.07286357964281558
1.01643834164299740
0.12269213149115182
1.07809840526039680
0.18444249818301983
1.16640367691642344
0.26000979944883867
1.26233755518238500
0.34581332634092288
1.36354647008936425
0.43829777098993977
1.46463934406867180
0.53527257540356177
1.56708700394888467
0.63436867114101292
1.66462711727483681
0.73220667052255184
1.75315784308517064
0.82418260585401026
1.83288749033864784
0.90668242681809652
1.89859458388356228
0.97029663313171199
1.94503520888558912
0.97527588361341111
1.91974124736155205
0.93371934102405441
1.87472907032947433
0.88798229010425977
1.81676026616440223
0.85337504550037335
1.72214720928812359
0.82794945588903668
1.58918956816821910
0.81928288505600066
1.42795918661487398
0.84334440959304879
1.25336598419776712
0.91421127787240231
1.07753179999756199
1.02419676345025801
0.90552770487197409
1.16100205309313553
0.73883262405281047
1.31105172233923195
0.57471585348980758
1.46355075753389174
0.40975306770431336
1.61125136244126455
0.24363641637963543
1.73777747495542356
0.07219396841955379
1.83345297999734158
-0.09963608082394310
1.87768444578008387
-0.26677537945075608
1.86231781038249111
-0.42286028443909152
1.79581031927961976
-0.55687997221434193
1.70396409813301886
-0.67327222921637775
1.60050947979760760
-0.77615635584808096
1.49591658779897307
-0.86884406402818859
1.40341377881213458
-0.95655588979009920
1.33293896999973915
-1.03936301834755529
1.29584426626473781
-1.10922120303128713
-0.48360840993225934
1.36304776420876705
-0.40768073600776211
1.33402807043061111
-0.32809619302776050
1.30345917899277164
-0.25302655204044255
1.26717865742077995
-0.17377556772368788
1.23077557563249451
-0.11336112579440466
1.20250144129927805
-0.05142983179859089
1.16244037700980329
-0.03156168646959673
1.15788019774687045
-0.00421768446270434
1.20051091872148552
0.04006650103751833
1.26557786835810981
0.09939287818079286
1.35781546843709888
0.17475485949210132
1.45269505495426343
0.25757067296129588
1.54631732049050785
0.34910202570356669
1.64019980540733834
0.44621955535175134
1.73835423251882193
0.54361461238825448
1.82419922064496332
0.63911438828973477
1.89830527844637320
0.73023139290141736
1.96480675563800888
0.81377086683978295
2.01896512678243267
0.88413515749444926
2.05666172685438475
0.92088547786351682
2.04242632582580264
0.90483428082885953
1.99958317245821893
0.87727180945232242
1.93157023506356884
0.86085810432492305
1.82831899516582985
0.85058940089568635
1.69173095325315836
0.85649978986227615
1.53064613163918639
0.89386446154817822
1.35663739619313017
0.96924452820032225
1.17814571379590927
1.07812306014693315
1.00124443088092185
1.20983079589293796
0.82473864855070156
1.35218266001464427
0.64819003765468974
1.49503184641682796
0.47130699671128418
1.62817377196558066
0.29027118779718170
1.73646273501876824
0.10288411886163901
1.80864884972229745
-0.08533367595020920
1.83452617010787100
-0.26661545597431907
1.81200506589631272
-0.43504498008059295
1.74983366659049966
-0.58555172822538004
1.65790750788246455
-0.71391529508939411
1.54835103026584719
-0.82127195420071208
1.43855848107402351
-0.91723786267301066
1.34298198619589160
-1.00844065531992455
1.27304542580939350
-1.09569103939135570
1.24018664760678066
-1.16988235854453460
-0.55660637364168408
1.47016154927547049
-0.49156690068796088
1.44731082504881381
-0.42933530118294239
1.42884632240067955
-0.34465845822724583
1.39585131820678088
-0.27449989577940592
1.37285360035671267
-0.21680287170470972
1.35855212051477103
-0.15167808709263655
1.32707526678902932
-0.11891262743358112
1.33411141854450732
-0.09005223809690330
1.38055249096822918
-0.04556616809906338
1.44684722688412504
0.01405980044039952
1.53484258548286068
0.08950862720805854
1.62643532785346001
0.17398619289042030
1.71699792826284137
0.26485883800804100
1.80342296706671568
0.35923015206329051
1.88729046363619735
0.45596457293156256
1.96298741571857960
0.55242323343756206
2.02911230703202561
0.64537317000273731
2.08700474105787670
0.73188850475224720
2.13211194461604681
0.80845046133630782
2.15843613810024770
0.86792756130439597
2.16415356924720514
0.88252616314576460
2.11620024938983198
0.87954970046637315
2.03855507036769046
0.88339759058257816
1.92966206411709518
0.88932517952042067
1.79079391646271979
0.91197588523398476
1.63193753239930017
0.96086430662361233
1.45961252667939423
1.04144760258719149
1.28040272325434246
1.14845051765720152
1.09826741177704768
1.27363658524336776
0.91314260300544314
1.40720525256290263
0.72611190851558782
1.53826300604979371
0.53601803882199228
1.65483957809643711
0.34143618699319322
1.74141649681779320
0.14104796561291227
1.78958758373626892
-0.05967064508799004
1.79261265573317319
-0.25188006457657480
1.75410767372896603
-0.42915622328490488
1.68434304925288392
-0.58876284783966970
1.59228382331717122
-0.73007780685380985
1.48566972090951910
-0.85170087638411596
1.36981135988454650
-0.95257597513344217
1.26723046546224549
-1.04550157778222141
1.19631675208221844
-1.13524232130272584
1.16548582205884710
-1.21219223749251270
-0.64043321885058102
1.56215284613711058
-0.59010546388685670
1.55173915145193830
-0.52146824623752297
1.53345520248003431
-0.44360980942516975
1.51174289364178693
-0.37429749031711385
1.49942278457096245
-0.32138054668988825
1.50281670120606337
-0.26002476163231719
1.48898803783820832
-0.21295729697924778
1.50633653161041425
-0.17576579724964694
1.55830171497200198
-0.12640856332087202
1.62486801691675198
-0.06381255816689890
1.70459021279356082
0.01224265531325495
1.78622292762311985
0.09622155329981419
1.86946720119276111
0.18676412370084400
1.94768174197485422
0.28140019655834531
2.02249087344874479
0.37881866276733145
2.09029131598538642
0.47672033083704957
2.14984509966081427
0.57217350716626203
2.20085457933366024
0.66262083505547675
2.23955834062260450
0.74506058127327024
2.25195399550155706
0.81880765033442138
2.26434625805295298
0.86698109860867956
2.22195020421103440
0.88754015506358142
2.13453282786696530
0.91418250028272241
2.02283025871505462
0.94146526176769563
1.88507692807367722
0.98013276276791528
1.72719721326392173
1.04041724342858632
1.55683661798301864
1.12421985233404920
1.37685529498121673
1.23003091286649169
1.19069562437861887
1.34795970902269580
0.99966445320525565
1.47192423811666728
0.80299106067863846
1.58990233796493952
0.60138726547645094
1.68887921428497823
0.39400020611855119
1.75257698753959978
0.18121659894980127
1.77526700340083554
-0.03006690687547452
1.75358864800791414
-0.22979836414930943
1.69819182160345461
-0.41452673800660123
1.61975439436162838
-0.58357479122566180
1.52452105211197764
-0.73583946532506694
1.41724311896248301
-0.86943293950370382
1.30205395942083846
-0.98197088875539451
1.19248695704720364
-1.07633649992903146
1.11918417669937509
-1.16846690570429779
1.09044143280193095
-1.24875023139628794
-0.72570171407533490
1.64527365010453863
-0.67603916922955221
1.63755098142250399
-0.60670326977495559
1.62008979754972438
-0.53759362603538219
1.61379676424549867
-0.47215059315392693
1.61517931857622221
-0.41463625902599394
1.62820168421430700
-0.35176900053951871
1.63091299072580931
-0.29988790927635611
1.66376815366338260
-0.25367490192570746
1.72085271351820346
-0.19764071889841375
1.78521279081460849
-0.13154754582815237
1.85535980275869705
-0.05527839167393318
1.92647639848373431
0.02863139338048834
2.00331147747765659
0.11951468226209155
2.07494943634610474
0.21504339072194847
2.14276416032188122
0.31378818991110879
2.20446483838663232
0.41373364600684065
2.25891534717752007
0.51256049611072707
2.30520103059293646
0.60832280236864789
2.33990557400631927
0.69881415383163681
2.34767744360487951
0.78545941608096315
2.35468966440801841
0.85973209089798353
2.31464005044850563
0.91222134639362840
2.22766985633430759
0.95288948727303824
2.10901224134694987
0.99926463360895668
1.97096096890221495
1.05333106892907313
1.81441962429323134
1.12416899169453788
1.64437020429040071
1.21341190989762260
1.46207494380693848
1.31726102786739840
1.27124120656490169
1.42930025670275951
1.07304827646731860
1.54430195124418423
0.87021937881759237
1.64710627271977228
0.65965104601522695
1.72177797791649700
0.43950891015717358
1.76111214518489745
0.21713371633730977
1.75996781428883464
-0.00185556737793851
1.71709930125527555
-0.20837752119553704
1.64853245361766088
-0.40059816011389310
1.56204799366901592
-0.57833538216405822
1.46224406409892937
-0.74073730685474104
1.35316464020524041
-0.88479998605933496
1.24076001088538468
-1.00916856618350570
1.13068825533105177
-1.11072426235597277
1.05444191499206252
-1.20563334643123077
1.02830719976701856
-1.28801335461834521
-0.80146551534073940
1.71917963909627902
-0.74976765954788371
1.70866215846963554
-0.68179977828309235
1.69378268779714158
-0.61506940989318404
1.69650768707713517
-0.55053976864600351
1.70827176112379453
-0.49083106869898541
1.73048736352029242
-0.42589173348883080
1.74699718391134806
-0.37287089000976364
1.79401520996363995
-0.31924131267978295
1.85272198991603232
-0.25799949971644709
1.91583697652888740
-0.18816636970751946
1.98032899630507542
-0.11024912524384516
2.04768500183750568
-0.02553654780357149
2.11671618618827351
0.06596504484365404
2.18276815074312625
0.16258589152176145
2.24518373165963370
0.26293024105990809
2.30231758563339817
0.36533101894984815
2.35314014811581318
0.46815268129840043
2.39652923098179249
0.57032367715799515
2.42927297372542839
0.67103112518709740
2.44111998821416076
0.76948747788357807
2.43818123981851720
0.85993445956271830
2.39306640808894810
0.93384827362213840
2.30467711034689371
0.99496260004121406
2.18478952165933737
1.05555109156295557
2.04432457012311897
1.12361011671683930
1.88795132321728776
1.20353794609839082
1.71786100516095530
1.29569111651300917
1.53421794408041379
1.39849336451834816
1.33822650837953994
1.50649837461754998
1.13324610165883222
1.61130304010680137
0.92066792376370288
1.69870708132285375
0.70071822992209609
1.75522672985613015
0.47489269873441103
1.76974961737627390
0.24612497837416125
1.74507331846014124
0.02075166684088134
1.68866771973321916
-0.19239725527970122
1.61111071095675129
-0.39377947299373350
1.51794993408021428
-0.58110514805738833
1.41316876075894848
-0.75143524935234762
1.30279773338539329
-0.90355313210474764
1.19480215939791612
-1.03819450715452821
1.09850005549848517
-1.15534236130336332
1.02586687766428408
-1.25629434565619680
0.99879946564623268
-1.34076713274344250
-0.85620986754180428
1.77474946647175491
-0.80618747998576390
1.76734574494528074
-0.73946925851288281
1.75386948609724547
-0.67294039015950613
1.75990119543262025
-0.60816079966731240
1.77754051395702151
-0.54574656738937355
1.80431863520319480
-0.47955036436959891
1.83061733323343434
-0.42591212945711376
1.88700978462699220
-0.36743012380287093
1.94731138356971734
-0.30180376275973142
2.00939616238631880
-0.22891508313478712
2.07345465300616594
-0.14893469376336269
2.13779549535615443
-0.06263151900869428
2.20199725928203316
0.02990144967329377
2.26406723993996772
0.12767517710751666
2.32283014265202992
0.22955373996833231
2.37697396726652110
0.33425256109077084
2.42558181796453542
0.44068787091302380
2.46740154091384722
0.54837774749907353
2.49913771122553685
0.65706127119685709
2.51319844161212291
0.76504265805513660
2.50437556669323058
0.86385231183234723
2.45119608464348682
0.94940422151101933
2.35932146212917804
1.02647350166994844
2.23977424954972992
1.10045799603377392
2.09894022772841060
1.17845795694859912
1.94188801164531077
1.26498095077315620
1.77106665107700789
1.36043394499390424
1.58641523675927276
1.46265153275715165
1.38616861729388119
1.56617580365428410
1.17555097370167316
1.66320234798634314
0.95578337561814219
1.74080353298078361
0.72810975314286541
1.78466621686076055
0.49447079011719630
1.78557747972267911
0.25790576669470522
1.74470730924104034
0.02413702319643292
1.67933086783589824
-0.19957347597062530
1.59502532527112861
-0.40740950729550923
1.49582574412292990
-0.59941411360830621
1.38540745206528704
-0.77250217753906936
1.27340206912688769
-0.92851348736427308
1.17003147226132809
-1.06930146022844785
1.08404751442732650
-1.19451641066224212
1.02504752499108265
-1.30389875920615061
1.00720991589821440
-1.38968820787149916
