0.47437315851723760
0.08132814998200112
0.46998776455154390
0.08890299064137479
0.47216751788838296
0.08213420809743090
0.47454577188310698
0.07861986355950482
0.46539422616920056
0.09877419220431433
0.47014464226485847
0.09019523959173303
0.52073576709601777
0.08211471765371869
0.48035398737520274
0.09374488777377851
0.47023423361915895
0.08532074105760365
0.48104270261713905
0.10067848395612213
0.48200425845958239
0.10075025024222739
0.51009295793967735
0.08175606190160223
0.47291034413829586
0.08139430883265862
0.47121292245508073
0.08553306519763001
0.45521398518839251
0.08400033103379312
0.46821985337981448
0.09126193328487135
0.44102889729721173
0.08685146287760979
0.50852482042962566
0.08267329003601688
0.46076363617836347
0.08447692273760184
0.50952313003294414
0.07997718022111960
0.47186430326720852
0.08360604312559697
0.48063088249606334
0.06363596594126648
0.47479106653920761
0.08326973192574418
0.47137849940404930
0.08793572310706156
0.47230343180820067
0.08135212405045393
0.46748952169960839
0.08416846388352303
0.50334243686829083
0.08591043687700400
0.48331578874824094
0.10045620292637998
0.47162362267482971
0.08582046620979915
0.51013153891180818
0.08031138359302561
0.47275757542948693
0.09566891896588173
0.47075701280283178
0.08814542844074469
0.46952980264524735
0.08555141385259211
0.47524177556500552
0.09335923983165818
0.48478921237530320
0.10013171269895972
0.50614309743270414
0.07609136144905528
0.46881069434303418
0.10601586452575366
0.46888987720284764
0.08414643932622366
0.47673545792740546
0.07726439639870950
0.47505818099842795
0.07875359114119464
0.47134250691159513
0.08508643583533637
0.47291230487339697
0.08140977196386887
0.51003032237746893
0.08222329107843791
0.45821764647936636
0.08531576113818336
0.46788167680231912
0.08679079883253034
0.51265966617168512
0.08106634579744001
0.48130781748975171
0.10144075171273975
0.47282538461432377
0.08503214026024918
0.46984406831642722
0.07916476818058722
0.47050293384586472
0.07807034200124205
0.47092339562777535
0.08528657840453524
0.50234800242360400
0.07085012137326330
0.46732099629390383
0.08102801943195910
0.45842393617853255
0.08527159268402115
0.47973019253820121
0.07626029892383659
0.47140924920484067
0.08346877708418365
0.47516863178881552
0.06694484873988005
0.45804498606049454
0.08359976095721935
0.47479022707674912
0.08797899003237897
0.47159907318324490
0.08833142977383383
0.45460941511676106
0.08411451529568600
0.48008330932905391
0.07801351776145335
0.49018417436380735
0.08606536631209374
0.47330422833853253
0.07440897520406477
0.46952069595089724
0.08039411176825724
0.44961371847823417
0.08559369234677892
0.48279018832755877
0.08157253910428378
0.46758385445742029
0.07143119998529023
0.48129330207981763
0.07535654036573873
0.46550277663442990
0.09841422381339777
0.46845181104112665
0.08937302938602537
0.46475223469639010
0.08186547512772070
0.51203631405165095
0.08103465942815552
0.47567473893235812
0.08810763591431969
0.47696320479596027
0.09798042844704086
0.47834427843596794
0.06455590463820521
0.44998766442954852
0.08547906766900222
0.47526225587088644
0.08849148424220973
0.46856816484815561
0.06787396305240467
0.47275208620517944
0.08504102833156346
0.48881002230212534
0.06821611101603745
0.48197570733655604
0.07651918429820004
0.46937077287192519
0.08124421916000954
0.46921871094951495
0.08171505280279673
0.47124395475667130
0.08529779641101581
0.47274880802359209
0.07943230651800320
0.46568089833251558
0.08228595518001122
0.45114639739297707
0.08511897008994104
0.45035758070703513
0.08536427244734734
0.46050145316823254
0.08476120294517892
0.46703798075803171
0.07584410707520919
0.46387498773513958
0.08288115589632088
0.47723925920721766
0.08885469916828673
0.47473848186411716
0.07798593321390539
0.45842276676771820
0.08527187446123205
0.47159679140007937
0.08841249894801843
0.46896000729697374
0.08939999894165016
0.48054829312348557
0.09939736670400937
0.47007165039855620
0.08533422138093286
0.47269807891178645
0.08161074387821472
0.51431163972067295
0.08639557787517735
0.47264584486161443
0.07201749020658979
0.49722182194991649
0.07033496253020563
0.51993501812415710
0.08201974536229743
0.47474026495943555
0.06271623299728549
0.51325736930148036
0.08118351326587332
0.51348788481103735
0.08122327493571026
0.48159329911223353
0.10087872934231233
0.47545252019291312
0.07779637144669607
0.47078854106826767
0.08856978237404306
0.46802424871017978
0.08495841159801501
0.44902295795279118
0.08576472500407024
0.48173224109609369
0.09010116276686597
0.47303846692092755
0.07668487607613010
0.47049904896238842
0.07963374767459440
0.47003143555645654
0.08526466141752576
0.47347329860023091
0.06939421165036133
0.48072659753530622
0.08798581873047792
0.47521426267827138
0.07971437884262608
0.44026828980372978
0.08692033272927806
0.51045329728751632
0.08301438559408209
0.46991463552567803
0.08242087712562422
0.47491875678589490
0.07966841096656040
0.44999107392949289
0.08547782509525205
0.51952727233056961
0.08197273861977811
0.46021713211814752
0.08461871591797959
0.51400183546824474
0.08341324447891556
0.47115623989285949
0.08782129914212770
0.51194552188336340
0.08107643276816669
0.47590749370191743
0.08168398847394601
0.47491560203725947
0.07868691251553786
0.47327470671931476
0.08067061265637196
0.48331555238166751
0.10038262519890294
0.46981170965807018
0.08188149340390735
0.51422144130455272
0.08715445375600060
0.45138768858885814
0.08503936365866226
0.47216659243588188
0.08203229810921302
0.46613316750185374
0.08031520410867818
0.47012504766004204
0.08524082513982667
0.48152608965389793
0.10088389837924246
0.51598859665737185
0.08158408830764384
0.44982772432439622
0.08552864701360781
0.46957504354546220
0.08408650519973052
0.45184536312739787
0.08489195012927885
0.46771986006191629
0.08819791321333456
0.47024902954213910
0.08519584040662989
0.47028867474101677
0.08531564259157470
0.45962881013862988
0.08499417056156791
0.47283736900471640
0.08503088187460460
0.46673525019248513
0.08021574661725614
0.46000543832021129
0.08494292565667171
0.47097612339560169
0.07939380754193999
0.45113702400813210
0.08512196558466426
0.46890890040765887
0.08487577229090285
0.47695707863545395
0.10129346274966322
0.47833323255566362
0.09185397035954014
0.47223689675902686
0.08512669344159381
0.45790337475045295
0.08361777175171581
0.44926992444273806
0.08569664461844692
0.50771596635045391
0.08121643099256566
0.47119058305296285
0.08415484059946823
0.47240237660531409
0.08344013073085112
0.47496129311212870
0.08763097335302893
0.45024937488992089
0.08539884504608598
0.47570430767534899
0.06207779703842578
0.47197002154498308
0.08734233445730023
0.47496678548110555
0.06255697226143400
0.46781078803712839
0.07296249611767103
0.51084111744853899
0.08060447062966611
0.46174758984208625
0.08375886454301880
0.51074478712514626
0.08057015735292412
0.47216532235404757
0.08617266126811249
0.44320283265410482
0.08664938318980271
0.48215814352370134
0.07651416940121206
0.44170284764977585
0.08679212857143885
0.45502405048756961
0.08403144455528898
0.48495762706916246
0.09258928786878121
0.51843307419418994
0.08185538142880314
0.47560064979468264
0.08871221508600324
0.51216210553182584
0.08095908669714057
0.46133220313828188
0.08442239976356189
0.47504104851515350
0.07875034409621587
0.47409078538540184
0.07986110508904086
0.48280066708867142
0.08564008046479510
0.46619680523695028
0.08187683481572672
0.47421416228325503
0.09707537204750151
0.48197844173997934
0.06339545177071779
0.47723524614700857
0.07704271774616503
0.47478669336806600
0.08313423519877794
0.47700646165687777
0.08844899155326584
0.50183575285088333
0.07411280606669043
0.51887649372682165
0.08190233739513071
0.46943165550996746
0.08880057291604328
0.46658178180935128
0.07424767970935081
0.51105836306570962
0.08067500281688995
0.47268054365292950
0.08994886590502775
0.48023313455886607
0.07731651729744325
0.46756860762211583
0.08071204160651026
0.52122781741605673
0.08217526707259476
0.47121635370884368
0.08544412364341190
0.47536762005352023
0.08863905489639394
0.44848372338486620
0.08589378596635568
0.50284839539480886
0.08818766960584322
0.44278018087499910
0.08669198132020933
0.47430603466757332
0.10382528200445909
0.47064155128932567
0.08832336831354738
0.45727184397766352
0.08366487960740861
0.45663426558530990
0.08378546862470902
0.46707442224711521
0.07247408437263395
0.46685319978832829
0.09124906958775791
0.47271979892339433
0.07744769127157218
0.51951207027226465
0.08197101342797414
0.52085560883157445
0.08212950012176533
0.47289303131086707
0.08136536773445217
0.49015714098104235
0.08720133607439519
0.47210098591330524
0.07955309324641500
0.47125823064459216
0.08532447169149897
0.47348408304641798
0.08192664296884536
0.48674040044822897
0.06699204087796035
0.48378798469516637
0.09288855414885022
0.47290255350416122
0.08086978705578024
0.50254125012169204
0.07693336330292848
0.46838659241126041
0.09162619775097607
0.46024643961924538
0.08274906114876476
0.48165481152350176
0.10230602586080599
0.47936190758367841
0.10346786310853763
0.47738684785457763
0.06966378144237001
0.47142948655884076
0.08346861468439623
0.47110095128595902
0.08546538846234644
0.46694891241684772
0.08400882570544188
0.47335380118299430
0.06964058919854126
0.47368513470720347
0.06364950426949829
0.47362695316400583
0.10197653924673017
0.46664094598169970
0.07359822740061728
0.47195394107954602
0.08271317758589469
0.47414004658309988
0.07708982548607846
0.47631347114102240
0.08454483407161822
0.51438840622794846
0.08136981601125862
0.46183987771261814
0.08390124345944001
0.47161052100139533
0.08401154225611025
0.47914311314889363
0.08977972683862925
0.50669485900132538
0.08057130354370380
0.45733148326534107
0.08364880170383701
0.51739881566128854
0.08173997082447630
0.47468291356085096
0.06280751501998798
0.47231148574829129
0.08915108119655250
0.47779262106582893
0.07016684518472087
0.45146830867870041
0.08501448483195867
0.47456143907470971
0.07933499497197836
0.46804766288976812
0.07162077364380910
0.47216841418305283
0.08800151946365756
0.46805429675406512
0.08912025661567224
0.46672264523985768
0.07693789862619876
0.44793377432131543
0.08601204147023774
0.48963076967139918
0.08380406049283044
0.51307327050363760
0.08114780508934134
0.48199893062615745
0.08836320954791427
0.47079352535405294
0.06691381508717810
0.44775698758289606
0.08604313903165742
0.46842671395257335
0.08421838665515004
0.46937652316272116
0.08562936775659052
0.49050029242370674
0.09795419448843046
0.44319198787839237
0.08665054589861287
0.44803741149265719
0.08599120184428530
0.48376328693915815
0.09887984269992189
0.44763290134439054
0.08606429796132946
0.47148212772048015
0.08825231455324510
0.50145824029493413
0.09116217431520815
0.42970155675220323
0.08973724835305064
0.47482452996863750
0.07909742802114218
0.46009144253369599
0.07727123664645258
0.46922205632696679
0.08170694834591297
0.46696164017049091
0.07776888535804555
0.48109047012056333
0.10071163732213570
0.48059995486737256
0.09022751101769122
0.46682712303920643
0.07940319807056948
0.51785501112588206
0.08178968101340169
0.47355178283916322
0.07690500285631977
0.48105814447046102
0.10154211306531713
0.47156679540242857
0.08422993194654604
0.49016304632980900
0.10029425060625688
0.50028558098256803
0.07401262119744162
0.48144088269682450
0.10086193796489350
0.46624579582589648
0.08299004932965567
0.46745630249590259
0.10149309486150487
0.46657845536265169
0.07427726369541848
0.47738306984560980
0.09729358421183720
0.47445204873701508
0.08632771248585021
0.46774000753738887
0.08121195374870827
0.48231051672877912
0.06982205412205504
0.48058909341129524
0.09912168307663259
0.47885568369615716
0.06984695166808993
0.47011045789318917
0.08532633915743235
0.47337415163880098
0.08637790848234764
0.45522540882634921
0.08403069975623746
0.48025562659466603
0.08893205730757246
0.46023180654919660
0.08199359258107709
0.46177826535361244
0.07029117005212296
0.47493573068459233
0.08089875961869829
0.47617127794323122
0.08694889238307026
0.47577201458703733
0.07803651307952159
0.48053826124932597
0.09916432876091248
0.47032386470470511
0.08385174963535874
0.50863047256379224
0.08163361378441863
0.45184067131903172
0.08488734684811147
0.45848124854964167
0.08525112635218342
0.47243522667370008
0.08000735719560378
0.47828030075538308
0.07654648087047203
0.44684437478017286
0.08620169187728863
0.47287772380919768
0.08144382611856113
0.47168739577841551
0.08481159299308741
0.47127076010312019
0.08527407675508725
0.50401635290074953
0.08513958110636732
0.47564885346481151
0.08799425333559299
0.48079389431977732
0.06963390145445396
0.46789216350133578
0.08854842682577947
0.50294048820365012
0.07739044701668021
0.46780554975998989
0.08832475096451602
0.49200261956674624
0.06768318481778940
0.47061162470712103
0.08530495559374410
0.44909600515219023
0.08574578502543265
0.47210943888453427
0.10138126436309668
0.46170297128052706
0.08380522598559469
0.46635489883831899
0.07469386516203294
0.47261963497619564
0.07665253267437258
0.47236193622754763
0.08909939015376617
0.52230567481495949
0.08232686290520859
0.47854693112074032
0.10190026100154913
0.46989494524025444
0.06829757512631028
0.46833095969896033
0.09152855124923447
0.48175333985084812
0.10082114266437955
0.52036885709463121
0.08207018801975283
0.46915604137555544
0.07460061637637909
0.51502274658189795
0.08143922052949837
0.48135499860156922
0.06951765663172788
0.45851871529695065
0.08524879063529857
0.44088717452561471
0.08686428033056454
0.50755961660270910
0.08111843180630501
0.47504528624040909
0.06708787485029899
0.51979308059863238
0.08200301746212958
0.47270847127392818
0.07731913686931655
0.46838804866919315
0.08271253482197977
0.46966527882122050
0.08526029974255030
0.46620896183127125
0.08187591355607655
0.45860767196378904
0.08522712393248109
0.47693150487317110
0.08754204332111606
0.46952215115689405
0.07449321511344811
0.47512032333958287
0.10147137646634595
0.47435227406469499
0.10244732812559840
0.47428635458192631
0.08574970341443257
0.47670208373427891
0.08479319883963848
0.47301152946711994
0.07399785005806568
0.50642025505791743
0.08037684718932332
0.47507419036486298
0.07869508997882931
0.44674695691015248
0.08621713068541748
0.46019267837710420
0.08476748788954934
0.48728027764296056
0.07852557454987108
0.47317222877683129
0.08506145141616558
0.47716769623315619
0.08896948865719120
0.52038569921231392
0.08207211500044179
0.51315298514374386
0.08149991480874887
0.47356799480270612
0.07691074345404185
0.47216576832877039
0.08512686733698634
0.47279662986669357
0.08067370502871096
0.47006400281954558
0.08570798748537814
0.47738613436127664
0.08783165169262505
0.47191271701312565
0.08722258026104264
0.46758661472405705
0.07158940939511209
0.46768374597535678
0.08754101534598090
0.48285856241475583
0.07670954577060232
0.46657772672352865
0.07423649455267950
0.44923413914394977
0.08570827684831520
0.44903641055970850
0.08576280793983075
0.47952741300088347
0.07598169400731680
0.45773051586385133
0.08361499845859144
0.47624963641912216
0.06585050196609905
0.47301426034277866
0.08108190554450367
0.46941046527047170
0.07430853005092880
0.47056782253723622
0.08320673145478796
0.50362987425356409
0.07810898414646023
0.47271430104073497
0.08086576858138857
0.47635479657144070
0.07755505340834022
0.46754496172260585
0.07150077908773496
0.44609048905406851
0.08631196394607042
0.45438326429831138
0.08418050500463342
0.48199386303062630
0.09744681642943948
0.50839288283045958
0.07892381470767049
0.47187971206412943
0.10121471697341652
0.46862892044583282
0.08604879568580892
0.47139868443807836
0.09411403634258339
0.46739937370043227
0.07173951510457266
0.48442964517849552
0.08297432392253451
0.47889549885295057
0.09299343729458952
0.48086199463251550
0.10055661717113476
0.45906969210396731
0.08487049196922572
0.51074386735522836
0.08161201838707278
0.48053023839849890
0.09986871425597607
0.45390188482899640
0.08429917814019225
0.46044386375387014
0.08470708973024749
0.51279382766374082
0.08110711935467349
0.46573941286009107
0.08270980290144336
0.48109983777082554
0.09895124313466229
0.45996702798548905
0.08493411370277065
0.50608672765182527
0.08013497608716230
0.48757905695998749
0.09929760142627285
0.48376768916326607
0.09888054262110126
0.46981244684911033
0.10378074844442824
0.47572907256738001
0.07087556066659252
0.44915588940286699
0.08572223523389377
0.45008675788710462
0.08544845677493978
0.46655294125034219
0.07496373519562888
0.45959336765328218
0.08403393028111765
0.51412175772066049
0.08372364676186160
0.44755906396710787
0.08608087306112910
0.47644078702646520
0.07723653169703223
0.44567418878417764
0.08636567417811886
0.47533061055060483
0.08583522800268646
0.46039382713153132
0.08237156220590494
0.47327395270285488
0.08166613199534231
0.47921415270510215
0.10231263523571654
0.51352010230138623
0.08122868562270358
0.47264228262151997
0.07659922549872152
0.47379859186655188
0.07518166864465899
0.47419123017512593
0.07579965741005396
0.46647242331413685
0.08414758291489688
0.51118992522844031
0.08162138468656918
0.47313518414740185
0.08078408382513649
0.47336635795834486
0.06610823605479110
0.45999819169704237
0.08498099265349071
0.48409008285859623
0.09457862442188508
0.47477009974724005
0.10233366615559465
0.48331012467714946
0.10044869861742989
0.47078910176034483
0.08550741341614865
0.47156364138258683
0.08607356224315971
0.47143126438344074
0.09415590567861433
0.48043266831551984
0.09997277959226954
0.47603168153710024
0.10195593220187565
0.51278756121310276
0.08109225467229116
0.46423477827783538
0.08399762439426674
0.47421556889094008
0.07985275128706527
0.47017472585346287
0.08558437797757289
0.51250622918061972
0.08116857161066594
0.47389443231690542
0.08389806213713391
0.50846469862840560
0.08163360431537289
0.50988108643191121
0.08017978145575601
0.46886788264868762
0.09090774661124441
0.51961775485378037
0.08198292606139936
0.45877214895848506
0.08392968769139066
0.48390833614592466
0.09890247643136429
0.46753123242416300
0.08255193913865808
0.48954982992462243
0.08215664861257267
0.48000449128783490
0.06386287177793071
0.46971702183113484
0.07899036520293823
0.48477093177470321
0.09265140379963326
0.53597306800496025
0.08595513323814297
0.47501622974721674
0.08443533604403133
0.47450898625729437
0.08654040874135481
0.46649798023440070
0.07417445612917800
0.45888464682747016
0.08515717531560291
0.47317253693856709
0.07902282895783370
0.48943309233469723
0.09188400801529480
0.46824076104284434
0.07168440908102577
0.47435674088390811
0.10244619391936007
0.47186939216053597
0.08253284715326771
0.47277159503365346
0.07658244926396654
0.44885959747134346
0.08580937588306808
0.46187353027466604
0.08360936301814111
0.47533518035065320
0.08830037645356863
0.47615448576849201
0.09660926064313988
0.47476033073940560
0.07911410152777634
0.46723299018571540
0.07209837255890469
0.51389816558989143
0.08375421491570906
0.46713799686732060
0.08778796504322775
0.47485235496627443
0.08799584815618776
0.48818532490659172
0.07934622378241439
0.47185974547908099
0.07938268425584201
0.47470514716954876
0.07932676374585618
0.47242857718728570
0.08887619740267737
0.44937837357379229
0.08566371874771092
0.51394960460254735
0.08308162070232582
0.47466779985424101
0.09660499910257138
0.46172367134507253
0.08378389117172105
0.46760253197477314
0.07352361847550326
0.47177676863419066
0.07932222318135222
0.47163512248623091
0.07523151380446924
0.51147002995239754
0.08079189093655514
0.46055361208176326
0.08360959196896582
0.47486024520122805
0.08729086736463998
0.49158201615011110
0.08033428353465968
0.50865330194415537
0.07933136801066765
0.46433587969800361
0.08119652964714891
0.47953364548682281
0.07598150590943839
0.46215674038668747
0.08417551973745439
0.46883648134916173
0.09153276371866606
0.45100293244169992
0.08516445905458236
0.44023282426261523
0.08692376629986628
0.44375995153923664
0.08659009668286097
0.46700004573657700
0.08071617790700425
0.51070812549303468
0.08162284803268961
0.44823751442039717
0.08594672464363647
0.44659099771443095
0.08624142721573759
0.46927441236417555
0.08096113483748141
0.48127353174664289
0.10109525172261476
0.47069377396640077
0.08650097465715800
0.47193018163124040
0.08242642108008123
0.47469582848521924
0.07782178014928122
0.47344217642248371
0.07686331949664085
0.50149804391788910
0.07557656194742134
0.47580944497511513
0.08659005239802001
0.46604233665640282
0.08027130437178924
0.44724260096875251
0.08613252087241269
0.47523383155568055
0.08543844436791941
0.44705528307367010
0.08616582353389796
0.46658782224210299
0.07606593634170987
0.48490368838375686
0.09260777968807862
0.48425441071173159
0.09279024428077705
0.47310310706203168
0.07415237467420255
0.51243577549852937
0.08101396680093437
0.50219047655244553
0.07706572465645276
0.47315783355699581
0.08139879074399946
0.47434130717679623
0.07926559954500317
0.49499107757818422
0.06887632677137726
0.48015166816212240
0.07092386624572462
0.48277695729488046
0.06684249140703936
0.52112950301148564
0.08216315571884183
0.47692755809644494
0.08256249951748433
0.51614240561586255
0.08160278672160422
0.44059597416564239
0.08689036909736990
0.44612765300695578
0.08630736612989315
0.44766909947793293
0.08605967708542711
0.47422564229273584
0.07584432011513903
0.46715485473172325
0.07254699814976912
0.45031158061519649
0.08537890037245806
0.47131392186634397
0.09398840273874838
0.47588805709858728
0.08563979030078088
0.47606986979449417
0.08546193670859964
0.48177185275051282
0.10081541679605743
0.45097975706151389
0.08517176129671895
0.48378732029388904
0.06698329452131487
0.51053138196494841
0.08167080495182315
0.47975941018519047
0.07715135715622114
0.51731031536438854
0.08173007401931678
0.47154908074504054
0.08314656823291824
0.51107362406277990
0.08149244756072264
0.46655273336873582
0.07530658421058367
0.47158905214249008
0.08768032892065435
0.46848548099456289
0.08450203202740222
0.48161122659642397
0.09887367667807076
0.44156411143531937
0.08680356665371110
0.47453588808373354
0.07936381631731301
0.47197346093185244
0.08214055170453299
0.47706762743573300
0.10286806467528480
0.48555547176550923
0.08815364488987661
0.51147216539600904
0.08131299125492812
0.51923735641236413
0.08194018248943549
0.46785866212776839
0.08514881042999776
0.48087614481546215
0.07096142778510163
0.50663764953217993
0.08053026653847663
0.48143207441293123
0.10197265200030838
0.47095024097314642
0.08528553827313723
0.46708534379855754
0.08266474603842391
0.47207665760297057
0.09490716250978300
0.46944311391647220
0.08923221348810126
0.47851239846372695
0.06084982689991174
0.47311487806930863
0.08504621196093147
0.46915183332751342
0.06982927150451432
0.51561332567906271
0.08153733977366198
0.51855381363067854
0.08186849943668181
0.45869550772162915
0.08398826756437455
0.46902898495003364
0.07009696071605120
0.47109019962212995
0.08759954579820944
0.47270241964544357
0.07156753261587344
0.46621614124996547
0.08396413097506836
0.47504524535469528
0.07873534213619157
0.48397598670245123
0.09987814973579730
0.46909584134501453
0.08079862023318440
0.51147985909124505
0.08079452261725369
0.44652019849013169
0.08625127763004012
0.51463244054370250
0.08140547076370835
0.46762687712677897
0.07141325022459798
0.45537369893964663
0.08400188059176297
0.46769558882626450
0.09275910773212542
0.47039158603432546
0.08689374577109246
0.53362737646298231
0.08499029275857499
0.47168260910213999
0.08542277485830629
0.51406092685607041
0.08367074076484732
0.44759723428099740
0.08607472085514835
0.45789393575553305
0.08362255674259234
0.47722806223654846
0.08854126041170293
0.48320718051481254
0.10047327896115205
0.50877097941440796
0.08411856372782030
0.48042137415240882
0.06561390503491017
0.48187531189238875
0.08241974534324842
0.49595130269540211
0.07038989867828718
0.47725721443283853
0.08881051708082610
0.48863998400851361
0.06257423794888015
0.44749359798470212
0.08609390074709926
0.51536252539113592
0.08150453152624056
0.48814766154935629
0.06264853352531116
0.46965599602242653
0.09407258132973105
0.48061180590689645
0.09910693230264986
0.48126813516034217
0.10108875240559954
0.47527056773792331
0.06683028469725814
0.45009112038705379
0.08544778865311384
0.48153169676318969
0.10088479659267230
0.46938486560022874
0.08561499785788068
0.45999123925322638
0.08497557827716613
0.47225614530527416
0.10146835444073284
0.44725674421715755
0.08613266669599445
0.47178521371934790
0.08539020951510977
0.52055422786661154
0.08209247593098641
0.48774240844595118
0.09049422239356046
0.51218379329481212
0.08096428893117372
0.47614429088857402
0.08652449047553612
0.46550087885265501
0.08393725252534465
0.47299598082530214
0.09071814469609299
0.48248406842812774
0.10062251666116502
0.47112281016306573
0.06977409872059827
0.44779483860847974
0.08603778092013266
0.46893773681768780
0.08459647522955563
0.46681892639753902
0.09086904964464181
0.45016674097873716
0.08542356791305825
0.45807359000627146
0.08535052195941997
0.48113406059913894
0.10073778039087301
0.50286390290345251
0.07146080990508166
0.46629475765253409
0.07953030508593836
0.46849300646463810
0.08203620929255152
0.47486784990711817
0.07893457653489121
0.46688123040817819
0.07734113467862477
0.47624993370528468
0.08964780584348081
0.44930874883670457
0.08568466262968327
0.51461435881991036
0.08140286275926682
0.44728198905574823
0.08612875590693009
0.46613305363640617
0.08031589787156224
0.47022477560534920
0.08541326926742696
0.47957969954268109
0.09385221422887714
0.47180013010442517
0.08280632942657667
0.47126372594068705
0.08792517513295603
0.44888828816612247
0.08578985833909261
0.48159977434196666
0.10087688513244358
0.47627472242594526
0.08968181950073284
0.48313423561749363
0.09496522284797709
0.47164189877967244
0.08595552193520314
0.50362150615771295
0.07241902107833625
0.48447915913479855
0.09825116990002883
0.47232366608352222
0.08525591095739085
0.47707052665487715
0.07705600753932562
0.51375038750551361
0.08255142399540771
0.49194765482501435
0.08760349977582242
0.46152302738687984
0.08398073337427563
0.45878771722051287
0.08517238816832196
0.47116138757456966
0.07932444776330436
0.51801996760400137
0.08180844694591952
0.51178425855162679
0.08086464960175563
0.45833250444832024
0.08528784029305919
0.45152717110536389
0.08498778740930807
0.47712163339830815
0.08817611589604116
0.48110990982068935
0.09894904838716137
0.46705953469052081
0.07277723952065725
0.48996815506405050
0.08498667582822569
0.48776280011035483
0.08232340204957560
0.46856899502233518
0.08238705826689582
0.47009148215767649
0.08532885385616223
0.47291290756974125
0.08462698641060049
0.46193892859536229
0.08387918086840639
0.46706764046324067
0.09405211836733617
0.45036610656270243
0.08536846269799443
0.47147758648945803
0.08340867435193804
0.49022794411727327
0.09015135929791716
0.48038337418066962
0.10002090005630825
0.47112773229779570
0.08574838036331127
0.47207870626326642
0.08252786860374196
0.44252207051528203
0.08671798632454397
0.47121674375932943
0.08426548187782078
0.47129010669259053
0.08523631072964433
0.47844150217074538
0.07648481407997003
0.48176923543171846
0.10081594342000331
0.48758001441359700
0.06171595103646216
0.48329220802277406
0.06328001760026557
0.50808140716008521
0.08141819331434198
0.46747875873247147
0.09321911780895346
0.51327250910324984
0.08171774817285517
0.44358345253487308
0.08660964632735837
0.46810034794749295
0.08297748375098685
0.47554920857452887
0.06495096831730797
0.46761391816460229
0.08301072249297614
0.47726873582933271
0.08874640566053356
0.48054082984689150
0.06570644885823304
0.47363380138833788
0.07493118616326665
0.47447656884707751
0.08101868873637159
0.47314670819416915
0.08118300641641236
0.45283635156688051
0.08462005872568318
0.46692814023467355
0.09452069345144877
0.44962731437263015
0.08559065889357878
0.47260988299348849
0.08419478931016079
0.48756387355370434
0.07462605435483277
0.47939837237069260
0.09040384862395082
0.47279756257711730
0.08067541504214208
0.47275144220363341
0.10172615948982056
0.49018543383766422
0.08599233151024752
0.47217838802910739
0.08511653130589696
0.51190985049385629
0.08090498493128068
0.47104208519073293
0.08530163797971796
0.45244443188500327
0.08472283544079955
0.47193559450973532
0.08606890725901631
0.46917345724503917
0.08192586972195780
0.51709230191318412
0.08170727247477121
0.47221692603290211
0.08512699139382386
0.47205968818047139
0.10135040865026475
0.47338558289875110
0.08511288378660530
0.44758931544288777
0.08607613139107013
0.51344775132033038
0.08121697083244542
0.44870886573197760
0.08584285116416025
0.47770691550362859
0.06973972525794332
0.47331713926991670
0.07681610878049842
0.45417410462710739
0.08423382066310107
0.46960884110872775
0.07995711366718483
0.47330645697949147
0.08509649822856338
0.47151854253620029
0.08356005117814332
0.46763587232264248
0.08537505532019521
0.44580806476379337
0.08634928834149012
0.46600519151223135
0.07742539316928050
0.50123992015216889
0.07524195691615955
0.48782536639527918
0.08163497693356550
0.47779725727650030
0.06975462242565204
0.48278905369892666
0.09766932922215132
0.47726010831188287
0.07693424456864187
0.48314469935929377
0.09974557519402967
0.47086266852802844
0.08638981578863386
0.51163259739376754
0.08123101577922787
0.47469444879346168
0.08729858764143204
0.46610236352497381
0.09761846915127358
0.47352508574752428
0.08241874877058319
0.51683156411775522
0.08168027912270290
0.47262955482954327
0.07662037861130763
0.47729733819635439
0.09109560298849551
0.47515882188333386
0.08841958834662028
0.47090524133914469
0.08561588746706204
0.51222986773733337
0.08094403665892365
0.48973360659145859
0.09857686516002354
0.47769470266692610
0.10049273299232807
0.48309236995056148
0.10025829310066882
0.47734286234583140
0.07741869214638722
0.46611777196990933
0.08035308896352847
0.46836962972310514
0.07082962624266992
0.50322940941731398
0.07190014931015540
0.48013963879899452
0.09923474573055925
0.47791091915457118
0.09165199393623780
0.46714593942324595
0.08229089011035140
0.47125992057909660
0.08531463317740985
0.50866483372718363
0.08164314033219457
0.47121052207715486
0.08534530953611126
0.47148938285398317
0.08825947782640940
0.46779678534050712
0.08700579819364565
0.48581260926678282
0.07475760475436552
0.47447363556680755
0.07627570280208351
0.46362662669014959
0.08292315172559066
0.49141311335992871
0.06765563630985980
0.44509858764163462
0.08643629715880104
0.46871068675405486
0.08408257692737496
0.48048885537604125
0.09993036811554357
0.48071024917275618
0.10058264182478185
0.45663441069282978
0.08376590350187645
0.47166917845474632
0.08385894973910762
0.47625171010264367
0.08737714439257518
0.48559512254577503
0.09914418462714336
0.46747715205551787
0.07685485845057531
0.47611032268670850
0.09654487131888663
0.47127746013744581
0.08553209592111689
0.48199019015264777
0.08683620873759286
0.47920778014272764
0.09919520894012257
0.47305207022065432
0.08503639689581816
0.46633285922862699
0.07505681292406874
0.47537554090104012
0.10165511169708152
0.44706882992079322
0.08616266342359034
0.47847422993176336
0.06990656316868087
0.47102381106058167
0.07784679921978256
0.47267740221754323
0.07173322282172219
0.47178189376779678
0.08260446519082495
0.47215485532099538
0.08175322243365024
0.47177662797204373
0.08687403532370901
0.48184076288381650
0.10080036423362987
0.47169500234742251
0.08805998858727007
0.46694276855696820
0.09142710741980010
0.47863404126244713
0.07642795732017520
0.46725791571086844
0.07204461000920025
0.46027397873759296
0.08393332828526343
0.47134829029647901
0.08805252463407467
0.46903221172528919
0.08445373976381462
0.47114363239070256
0.08736989027438817
0.47450099271799112
0.07632797070261671
0.46605636059145594
0.08302262763888540
0.46896484139383660
0.08086269504336445
0.47233767598487197
0.08214364839890481
0.46726694205205327
0.08404955954645761
0.46613568381965936
0.08029973455977177
0.47541142815662579
0.07173165263748568
0.47458995849682473
0.06282402237433021
0.46677930093611930
0.09128564290315143
0.46772348046289730
0.08739274372937751
0.44879272411826548
0.08581935327649655
0.47386905130500584
0.08641420189536946
0.47157214873873321
0.08665752602518190
0.46935387565838721
0.08129160117175252
0.46599978390826363
0.07774352732277237
0.46608716588271509
0.08990913527780373
0.48163507278712553
0.06958238738979693
0.46118686482823912
0.08423870132242334
0.51393991749295076
0.08130189208404660
0.47127021622499254
0.08527537963247053
0.51201844151984433
0.08092601476380376
0.44631497703540290
0.08628184540906983
0.47110032348647596
0.08531662266695100
0.47186652158853759
0.08686106928600963
0.47705865157658955
0.07706307403423479
0.46872385401852190
0.08598882949962272
0.47454364200679472
0.07746153473066690
0.47056112903976888
0.08508802244353453
0.52105697376917193
0.08215418720456648
0.46784676902054267
0.08705608430917507
0.48534584595908087
0.08822284134560729
0.48140740474450683
0.10084409688943087
0.47588305757693938
0.09507678635323719
0.47295630285042534
0.08502639363075115
0.45893007619022635
0.08514517772343465
0.48073360290952649
0.10049814301968320
0.47682753127210142
0.10247392556325274
0.49015715300621659
0.08787203747863324
0.53345259422236535
0.08492864906358655
0.46614305377204213
0.08166258537268117
0.47299170256875950
0.08112554249273957
0.49027345574867365
0.08984831809290633
0.43015562667642704
0.08953656892880968
0.44785943527602468
0.08602399197752143
0.47337183001094463
0.08509595005408607
0.47105791125356489
0.08530559456194291
0.48252847709527569
0.07880589565342939
0.47542821897069659
0.08844887050361006
0.47660209597005709
0.08492094848827837
0.46748845308315978
0.07382832916814519
0.47816713826998725
0.06944031317827547
0.47126728031482756
0.07678601952112218
0.45876882691347298
0.08517573160401665
0.46594787726583720
0.07986384129677018
0.49025925126761249
0.08995914859183488
0.47249897718080613
0.08555510338146322
0.46620647498905970
0.09041715134825599
0.46632884921406148
0.08185566170732025
0.46938182699201364
0.08559728097599018
0.47799044788809358
0.08370270358135301
0.46686422797288568
0.08299972168947609
0.51015697989470665
0.08032364748780264
0.50311784173739293
0.08087352229443678
0.44056481724527941
0.08689324858742166
0.51281286222980804
0.08109925573654525
0.44951680775336705
0.08562333617343065
0.48757163724372715
0.06699470531590626
0.47470611365487669
0.10207595236794598
0.46391412409092364
0.08387758016981529
0.47264034622005019
0.08098666510034587
0.47416467418105129
0.07007701831746697
0.46715623497963327
0.07967678393940600
0.43445657150726263
0.08796211967565509
0.45575231373298619
0.08394328908420731
0.45427520443972563
0.08420908252152282
0.48302187139598451
0.08211559756286479
0.47408957748832808
0.08469285356001839
0.46680343798760671
0.07317859171379819
0.47131767678044489
0.08420695765492103
0.44908665229172107
0.08575082918336299
0.47682646605983936
0.07044171991139525
0.50385744536586974
0.07831651931712776
0.46660341029444352
0.08065880685340965
0.47533166359221496
0.10272385019594588
0.49607133629971156
0.07016044635266253
0.46700077644284588
0.09145154104956960
0.46719191320830139
0.08396578866216503
0.46703821801279716
0.08809827572320425
0.48090294440351178
0.10058042617379996
0.47193177612880283
0.08276123591804792
0.47615664249830508
0.10302228080160927
0.47133660924407583
0.08598000463152958
0.47499945590324977
0.07885284776847835
0.46823301457529876
0.08186188802838509
0.50873325439695138
0.07925108702265422
0.47651619773510639
0.09762106746473688
0.46216304922423346
0.08322651485464871
0.47277023439331234
0.07781885097203124
0.47672672779181580
0.09074045279472583
0.47091058094071825
0.08517547740974991
0.46488605972689528
0.08354826899922616
0.47687752630265057
0.07715966905916992
0.47275420503980686
0.08161059461782273
0.48418023031083779
0.10034989102376178
0.46767032647590001
0.07172742579388834
0.44438927954118224
0.08652039387334885
0.48035754845514006
0.10026700027172769
0.47489974106508193
0.08609615540326200
0.47383358095970307
0.08025310098209325
0.44806383998177485
0.08598584762422860
0.47107669939297864
0.08272092942823560
0.47462501711048161
0.08615595673540224
0.51993855446253390
0.08202016132299089
0.48214309991499199
0.10069677234267702
0.50884757167039962
0.07949411798352886
0.50863359546062992
0.08163448069542520
0.46656846864602952
0.07441497840217748
0.46739737652402547
0.07176059298375036
0.46953088404569504
0.08053785304000925
0.48676801767605538
0.10023163216895573
0.46210434881311102
0.08333814450865995
0.47220620559271698
0.08558573329624042
0.47028318724669199
0.07768168533757110
0.48092740164327641
0.08831092846464585
0.46764345718933664
0.08135361155230550
0.50754509718969454
0.08194846326872177
0.47437540698955649
0.08431753761086776
0.47126207866057107
0.08433124843551437
0.45094710739031452
0.08518202115547892
0.47364550242302661
0.08286743969608741
0.44923366669784659
0.08570548258919995
0.48078961025917449
0.09289737271774004
0.47227850598703286
0.08040573360971723
0.47099708845787258
0.08539195208999567
0.44048414207799530
0.08690036843153083
0.46685111511897415
0.09137065813246575
0.47559752871176669
0.07819554697888642
0.46185978478614714
0.08362551762214582
0.45830223116477281
0.08530053764911448
0.47191936097087356
0.08244503055540675
0.46034474211537085
0.08466014946482751
0.47605507830679833
0.08921722394252606
0.45893533032517558
0.08512496485061993
0.47626105392527895
0.07762933104088807
0.47484422056488113
0.07902622266112078
0.47288210889471299
0.08058638612084421
0.46711017186989295
0.07967301777148431
0.46647868970265788
0.07413224543016148
0.47080052635744302
0.08854565146750662
0.47312994369771305
0.08504958895038368
0.46985865144033334
0.09409564930778409
0.44951194020796609
0.08562597419670738
0.47217941215495846
0.08617847704610754
0.46787450162176786
0.08829270295111938
0.46783775310552955
0.08225196465005613
0.47045691798065975
0.09088421014370451
0.51153562721921408
0.08080892934247497
0.47127415868882327
0.08527719913200260
0.42539980807006006
0.09167615812113655
0.44963729047987760
0.08558651509390754
0.45107924943697975
0.08515533743122225
0.47271330836540243
0.07738663601479152
0.46198573043660929
0.08348421651429283
0.47848891022782686
0.07080949691317379
0.47385732497176836
0.07978283670207595
0.48951215064746123
0.08459994168479744
0.47882649982586212
0.10671413084070624
0.47737724407635784
0.08933629835599383
0.48055348545162746
0.09959730934799688
0.49025403871798684
0.08939623529566351
0.46908068233112277
0.08473863639599197
0.48055368733898035
0.09914957325759048
0.46593703406081510
0.09873958725684456
0.45954240972403565
0.08497068470502478
0.47659314419161258
0.07736676446385743
0.47274563779661416
0.07343119488388132
0.46655827041430981
0.07559228868174947
0.48970624236017590
0.08392459462971161
0.46613795662710988
0.08028585693366562
0.48005237170131243
0.09968012602944132
0.47496935088755621
0.07911792167661227
0.50066163415888831
0.06913517494424591
0.47837756878946575
0.07080653096643033
0.47079104942549482
0.08506451329248368
0.50040450116802904
0.07381654050499580
0.48068463628519248
0.10047483231721707
0.47702142933199143
0.06525128065551286
0.47380123723607970
0.08354304363986723
0.48612152647903700
0.07740469844543249
0.47621021416021364
0.08921175716448415
0.50386261163502322
0.07832105249982345
0.46953455975903424
0.08012918740974490
0.50843161740705400
0.08156970366910389
0.49018784204295135
0.08557394578926675
0.46606005779866683
0.07725910676511633
0.47457986416436798
0.08210538280010220
0.47282851974747814
0.07805418931245271
0.48563066260091742
0.06879316824986721
0.47505842065324155
0.07875405593384414
0.44975228668976275
0.08555149580536578
0.46729281470557149
0.08313027430586625
0.47487335045912799
0.07895714134143107
0.47625125448489602
0.07007003378703291
0.50977705585675059
0.08012259260973999
0.47667812597299614
0.09504473108026847
0.47570240413734538
0.08570948416388886
0.45982495511352778
0.08501548902546738
0.48649493200967864
0.07772930363110257
0.47222733663653194
0.08512704785597711
0.44160331701219524
0.08680033683812162
