0.42291610878782032
0.32352314564431162
0.51458202569831046
0.30340441306957078
0.39074303913375208
0.40602237982423711
0.46043244166793229
0.43928867124377835
0.65535206542819979
0.48083986343670510
0.40541151188746311
0.44300974814355754
0.62664227845997644
0.36064184913098818
0.44055728638444286
0.25681742401406377
0.45138161818089084
0.32648839089775838
0.56640716701133820
0.31990775392705173
0.52433284239694611
0.32975476955460714
0.57145740752811436
0.29034061987236182
0.45788085167305387
0.37920146256455434
0.51058669367054588
0.50396941927117700
0.44906186665428843
0.39529747396044368
0.52624169113909969
0.54016612226285188
0.62027613477568855
0.43441003248140009
0.59204011712656990
0.51608639045891669
0.67044752923371065
0.59592378895760389
0.69192111335625295
0.46109400663408390
0.63479273951222148
0.38903201268399262
0.59232686855690075
0.34818660229701831
0.61738078975221944
0.38155199217865460
0.49950769668199613
0.44575478011767977
0.68944818505341310
0.40798899413206796
0.56854369456284204
0.37044113784964317
0.57056541165475327
0.42220083647083140
0.50928402074767987
0.54646966015749487
0.52358896417650536
0.53387838972778912
0.46431679012195809
0.40045862376101055
0.31582670363428889
0.54134071170850950
0.48876562189542788
0.41716621546393290
0.40498870536837994
0.43409181391304424
0.46900842121079445
0.50092872964702484
0.62580254136521707
0.37473472359440457
0.46548986689556088
0.41053642146143360
0.52496054789832158
0.41656505176487563
0.48499081758264839
0.36602297336278256
0.47484480232951559
0.55744394586033841
0.61889011888042689
0.33851938350931665
0.53799765021244184
0.54599450746994738
0.43149980407616434
0.40900940412385367
0.63754312969224025
0.58249454816724955
0.66764852897249982
0.68259067403831708
0.57590017412475758
0.54873380734662758
0.53086832140638485
0.55660407552718594
0.51856037722520110
0.62007370942927220
0.73836859719666015
0.71914215668342829
0.49990902173688184
0.58025600828710167
0.61294809242174719
0.54670535230748363
0.63786778262567323
0.54877048825006380
0.57493763457472691
0.64016140240761343
0.53260337170488448
0.57405879604439058
0.56682143431226883
0.50316206980158040
0.64967617821146728
0.49150864606750666
0.54818250036243621
0.39534196642180475
0.67588696732942166
0.57761669007785854
0.67924332013172650
0.47773164464270407
0.59832135595852054
0.55297724986783880
0.62327799235338166
0.48205746426323526
0.58228739776560645
0.47090001299024409
0.64234728888406090
0.57898005729722446
0.80315945035163705
0.61742222318745665
0.60532633504569500
0.57949385507151496
0.66793698388960310
0.62407414036502507
0.64971248168336815
0.56082272393216359
0.67756005926890450
0.48642183132447764
0.66840455250140562
0.48438387005522554
0.62647096168500060
0.42338078456313455
0.62285065585291621
0.58640791560763406
0.57676978346012298
0.50972596227978129
0.60089878160773325
0.56836430246885605
0.57233893848632333
0.57990226507264875
0.48659439158862317
0.51729307352929632
0.57923524426980533
0.51471620974204346
0.56345737084226388
0.40523700309213267
0.54842724881851956
0.50600219608783992
0.46299758961303256
0.51996202934494573
0.59559303970839261
0.50216583511576440
0.61272287504490397
0.45994818526622383
0.55987802332099856
0.55313585511045016
0.66820068701167945
0.50285667842060178
0.57427342602783593
0.61453127062607449
0.73262615523245389
0.48563484074755237
0.78447748831779007
0.48621463142223365
0.65776014807372674
0.49931312082728235
0.73262120375458650
0.47032867787878058
0.69855814026094032
0.46162947001161642
0.79607773339323118
0.57747903667154865
0.66272307020306109
0.48233113427765412
0.72160344573578861
0.52470962557878142
0.67910603504324163
0.57050430973048127
0.68817069725046953
0.53645948141385458
0.70589186664542458
0.68011027744894825
0.57188494777660015
0.52938367586166923
0.60683972728307067
0.58175931208156473
0.72175172295122247
0.62801491798717579
0.61688104570922320
0.60103219128489194
0.64298183081965143
0.65298316493216035
0.71949168158012056
0.53807270056275769
0.71375177336074092
0.46370736473822322
0.67151919653294856
0.56709536039112074
0.64867287126809070
0.40928936656268777
0.71205262359648658
0.56896637843180575
0.65135154638821902
0.53226293091046506
0.60086793951359063
0.64165121120327118
0.48084934676981794
0.59906809999565502
0.53890134032576842
0.56372702850179879
0.59356131448410654
0.63204725406946793
0.30842313406636612
0.55440489832302731
0.42540418859470552
0.63612574458767357
0.44237097100269851
0.63963590192863673
0.32663297084334569
0.61351692344321096
0.42747025430261582
0.53737627846697333
0.34399004205346440
0.61692202842285049
0.39282940388800835
0.48902758375485966
0.34111807900680979
0.59752717517634857
0.48606152808182390
0.62550491725243529
0.38382003594901709
0.64781067953777194
0.42211702549435759
0.71467293900389672
0.35328468724109141
0.64773613823298470
0.45529583265789553
0.57668793541836738
0.39179396109542058
0.53441716542176421
0.45720920403140142
0.68870634630501681
0.66052274394980981
0.57326364030396249
0.29171463638398609
0.55034228957414966
0.43776007948745693
0.61560008413001976
0.38349600269356182
0.62947530481406011
0.39383575630360407
0.56214563674567830
0.35754162659248667
0.61559620670410120
0.31185570076711766
0.53891840252813716
0.39445608861425246
0.45311809900774952
0.32223609160292738
0.48629521945060089
0.42370052213664311
0.48786023188418631
0.34279892706051140
0.47430686054803634
0.39905514607063342
0.58566436452900750
0.43552046162260200
0.54176910743811890
0.43229620130133523
0.38980345962073848
0.51343236401849657
0.52224315207784644
0.65780068192100949
0.63829860638837099
0.60602272084546438
0.37723309803476446
0.69643574154351284
0.58601471009303963
0.49268062214459685
0.55306022437886260
0.62311319979792845
0.40007118788858859
0.63460098312492408
0.41173910388937252
0.64674546838403368
0.37953216188980982
0.59792515560081061
0.53003614230385887
0.60037997576175739
0.38911996385435488
0.67866808996072825
0.31871430801998468
0.58834002785364314
0.49438999486348967
0.62205068136717601
0.38588873262764578
0.61772608145643981
0.35597793122237809
0.47885287351508921
0.36653504371364259
0.47474422144363826
0.27229113863490706
0.57610873011984176
0.49326040254892484
0.57380383334018281
0.31436659296975022
0.60862083941251732
0.45504670232956868
0.41917129281724053
0.34171360447405769
0.36868681581145873
0.26983314120988183
0.47778363161679632
0.39130831457141291
0.48086585625931638
0.41133016091524538
0.50760911014806620
0.47631271293814320
0.39273485274965469
0.33161601038417560
0.56254038373436233
0.52426462459583667
0.56848075663875797
0.56544687115250736
0.51795468542704359
0.36850461922400135
0.54012599743499412
0.54868019846680671
0.52251940001796804
0.64510983771656150
0.40677372366546427
0.55106183477961979
0.50262343757862760
0.43432182309805945
0.48909201155801346
0.50165438842536236
0.33756074931904356
0.67275656636862868
0.52578613735756785
0.64352740132272834
0.41757269525898499
0.63535283553146338
0.38221288208936094
0.55053670919988440
0.43600399849008031
0.47896085909710251
0.37810942924974306
0.51736235970170041
0.38287055203470416
0.52631245170064833
0.34580093284020791
0.61908303606111992
0.33069692793284367
0.52208672808182954
0.45077726419600378
0.64596115779414065
0.36624359955317987
0.60844162697102877
0.49939122699802718
0.61757301073179738
0.46953349724291382
0.49083367894046098
0.61830524236091300
0.73234552982892342
0.48276050166979273
0.50303634017903787
0.56448186553389901
0.62644946885560981
0.58573754394642741
0.61851526082391806
0.64126221232050562
0.61999246097080185
0.65393677150460283
0.61687920533384122
0.66918280757371473
0.61387510590024152
0.68581571704007793
0.66759155010687821
0.54194156161611950
0.63542284627530887
0.52740098427757087
0.73799985039012161
0.53354205456403581
0.74274932828972418
0.56499012880381516
0.67993321263392614
0.63747234523038132
0.68557647233142904
0.56259527951576660
0.71652082996056699
0.55323760142555078
0.73648124439133034
0.57590958793338243
0.63938202088884022
0.50548393966602445
0.72235278983322071
0.57480400321432767
0.74058478407629003
0.43057657628358476
0.58007735170817654
0.52472310930439781
0.74775212477802677
0.63608979556716827
0.66845895307418768
0.53211950697949550
0.65791038040679350
0.58469056212163983
0.66349094453624857
0.42291077484079787
0.63576341217659582
0.51029629713853930
0.71841447450059526
0.52130842747917028
0.65328778826388634
0.53551561696552641
0.74624835372145037
0.29648540279064978
0.81014035536997053
0.31918552881666951
0.69030800500145473
0.47167041117939357
0.65203083493966330
0.42766514223211699
0.73427264279031490
0.62906535499721494
0.57506754109661551
0.49190571507220832
0.55806889049670305
0.46895234797867780
0.61344556290865093
0.48438841246157266
0.68413544513320823
0.65767810502189405
0.54047555026894711
0.58094097531367472
0.65824335312587157
0.58704947422571196
0.60863374374275281
0.58589516890069204
0.33474881029335679
0.55268553639428120
0.65144144020600203
0.54780589596550522
0.60957883813679925
0.37032697117609986
0.46952333960635906
0.51660206284703314
0.46927375627492657
0.49779071696626692
0.50448540386135721
0.50811234741472022
0.41941958961546705
0.40041032977376817
0.47022754984842463
0.53792068967288742
0.50729779794772145
0.65112703451200582
0.42171022681203796
0.66842679544407713
0.46364655674840966
0.56761747504947335
0.50812102014291394
0.59702881311135381
0.47076479263271753
0.60147002448008025
0.57782876676556205
0.59537170817272911
0.40862052645817121
0.66219356447427336
0.52591418636450715
0.50404785411938102
0.44850619945821507
0.63317469214910316
0.40446910851474938
0.66870821578521267
0.44707470781467862
0.69305371137616578
0.49403175555714002
0.70717750301825466
0.41828841166368502
0.62653556778250663
0.56864824997419161
0.69633482769695521
0.41942125988442580
0.56542730177159251
0.38614990191098941
0.68971592684294969
0.48790390409414347
0.61810215789779999
0.48092009436003930
0.62022090471550595
0.38758477834275878
0.49677448024377180
0.46093461178349421
0.56007209413653891
0.37580095915228717
0.65832058721956521
0.35659155861120811
0.47909648513661846
0.51564073696327650
0.74033138539478371
0.30181408598976861
0.57142311591687101
0.37262936052569862
0.70358150080652393
0.40718005989538331
0.66284487591377372
0.44291201213922499
0.61239146506111686
0.44254647604704889
0.60301552144288129
0.43904379940798077
0.64472431950958864
0.57555363890659472
0.53616345490805317
0.61491428343666943
0.60270376526912373
0.50604144869455181
0.63370511752722369
0.54978992760661760
0.58765092857806589
0.54012871874809210
0.54900929088560146
0.53991873821738257
0.48277208317326548
0.56822195390682551
0.60498685420639486
0.54038899481069180
0.61229226656501634
0.62284366964692128
0.58638201953471913
0.63756221814097602
0.57863084617084448
0.60178844420556143
0.67253647835793895
0.62793063852700204
0.65227610267126890
0.66875929182165605
0.73457125803896850
0.58296849921464888
0.55644768230514252
0.69614979711448577
0.62688962220968369
0.60592109996335020
0.51069236584144428
0.68839616733682474
0.57418420772458434
0.58778114170533657
0.51579786753124057
0.67802148983487209
0.50983050093360205
0.66127251818839317
0.51174461034287577
0.65912453852689090
0.53155403572026272
0.75054599944348055
0.56375954287582231
0.72696748729463123
0.55487220461924314
0.60078397365977687
0.43829539511767718
0.71272334250928082
0.65516361617797136
0.54747089319970699
0.59089975554950169
0.63874074028323147
0.57981735105485621
0.62119959668458924
0.66320324924087992
0.43611980719292748
0.57514260517330462
0.48382574978458415
0.66563013767988999
0.31696273518568358
0.55543470079390667
0.52684457767504589
0.61774175623273386
0.34049702140693150
0.62957549135661095
0.47504942771549863
0.47467106938173498
0.29827724030993874
0.56449864285991391
0.41038882668657117
0.53239284986884672
0.30695585942935555
0.53392733885192700
0.34234732362817594
0.51805640692488231
0.42528121821212761
0.53953667500136593
0.31168979896811588
0.47397072897832299
0.42837697283809528
0.45529758380003071
0.38035117610754127
0.47670922797275761
0.40834821331297400
0.55557786018679944
0.34151431733330756
0.44448353309040978
0.39745354424360296
0.56951721666910515
0.33168735370524682
0.52687441947294777
0.32626388234533216
0.48545636750747390
0.32410269997603486
0.51601290418079748
0.43337174243206400
0.43168106407870627
0.62352952881848378
0.55080989274846304
0.47787705203622821
0.48913099118726755
0.45805663666276880
0.49192282397176845
0.51024573496393288
0.50435053408254893
0.51679862029988621
0.50816953735879788
0.48808532858148973
0.50051773947263212
0.57615862312122434
0.47135957423581454
0.41505715040388946
0.39746050665304355
0.41857548691080410
0.40095838821045970
0.47786466515127357
0.46099097989023707
0.46308478096390066
0.59162605815724056
0.37106355456104728
0.48310873071710941
0.41971278889155311
0.54162119969594047
0.38598636654161367
0.49034030544312845
0.33787213677494887
0.55693822500323409
0.38169434898803961
0.53581938808494745
0.46009776310882788
0.60696490473325104
0.32944777612919385
0.57083500171522517
0.27035278793432199
0.61306975662255236
0.25452678254851996
0.45500842889825033
0.40511981583669787
0.57589862100648637
0.39122121636319518
0.53824612393158511
0.31739041058614442
0.55690816774367347
0.40211026488830887
0.51679642219966715
0.32441889373235183
0.51922907355577974
0.44585127603701491
0.34918909235949935
0.31906579595980200
0.59821321683835738
0.42246479462073183
0.64969009725484639
0.51160033539270566
0.40431257730319820
0.46839158871469577
0.52393644552493623
0.45305571942413303
0.59072961254183876
0.36143003078207114
0.67842259092422741
0.50112391989714966
0.49605527452771925
0.46466879027736319
0.66692925395406466
0.43665475329058656
0.57883465527124156
0.47240189865909549
0.65995228774233461
0.45780566803702705
0.54198341461956678
0.55311486123931697
0.58014344798785966
0.64735071008440803
0.60353431022503667
0.47972988037713088
0.69217764172113205
0.49456186248815237
0.71938508602420859
0.42037327432230137
0.72689716668521820
0.45704911792060970
0.65987615184161097
0.37764050935562204
0.59755641881730159
0.47181671474571174
0.62740641185245294
0.39501120083034053
0.72285812106961322
0.52096429423392976
0.71581349812402151
0.56486423709837696
0.50645928431211085
0.35217820799054050
0.59639083553977656
0.42422436880626474
0.36516737329915899
0.47432563126526117
0.51259145187448207
0.62704002111775770
0.36718565595245523
0.53792076790290999
0.25759874194132659
0.51607589309080237
0.25280879282317953
0.53952526788978772
0.32506308099353792
0.45821510777214458
0.34960643039402683
0.50112590017974501
0.33509310546938614
0.47377398532992049
0.37916336920362598
0.52715705813453839
0.40286496972151992
0.60725696382582883
0.47321050342253029
0.55108398337429998
0.32629320861369915
0.55164558965597721
0.28076120611434352
0.49824368688754272
0.35708559875988272
0.58665605336755156
0.33721140037802716
0.55519449277590327
0.33071700357091205
0.55778003483796668
0.36894653172432029
0.61466606352377262
0.45404902774895306
0.66986114415186837
0.42044423712555096
0.58944832475941633
0.46441544826814019
0.56391009264666392
0.33625530258486780
0.67392605609546219
0.56139574472208853
0.60136910269649957
0.54785741870919746
0.58355536864739910
0.48465564428256530
0.55054429984349662
0.36898894005030225
0.59170819115772078
0.41157267225903627
0.54583881654825883
0.45049272945345070
0.50421984088663008
0.40769535003926688
0.65319510956337379
0.53291098962317329
0.61326607171935388
0.35556787049296484
0.57089262050492473
0.52079242762094324
0.61275536964034283
0.33488991992663292
0.69727166450140088
0.31624143157492535
0.55885020823978027
0.45932152035529222
0.63413519217105363
0.32136627756440045
0.66263175590411327
0.33056289535473926
0.58508068884175179
0.29231754888818473
0.67057015013276655
0.31083714558202885
0.57727879412155159
0.39205548295871950
0.58133169546571539
0.29583234602508413
0.53444206886407764
0.31627586910850997
0.61140580521013765
0.35407825505203244
0.56658527700073114
0.40827250390118519
0.52469428888630476
0.52847254669256116
0.55394912239854877
0.37449643789620679
0.47711622263937026
0.35513787489825166
0.55466603255614444
0.51649431939849533
0.66376302499056250
0.41100651887709183
0.51241730030323474
0.52714628814975717
0.67325806965563273
0.45518737564347767
0.53735907769844871
0.43903649834708330
0.64924631821511625
0.52605017201222992
0.58802878850153228
0.42545650932897883
0.58748431517173760
0.68174947214552895
0.68727097032828466
0.53985163767221211
0.64470476117685371
0.63711011730656919
0.55256300976523109
0.58663813038560975
0.47107768316650922
0.60343863232649075
0.67782500073477214
0.59665672798315350
0.66386121522196984
0.58529355364809865
0.70779276264949753
0.65297434595471859
0.68539542196370051
0.56597640165622587
0.71605417514681080
0.42467586198812035
0.69692779710986841
0.58620086684695361
0.58821875567448556
0.42859628077726869
0.56010069572467891
0.41789377138285300
0.65217880577622445
0.53263056854201718
0.65934803065184699
0.54738888302359212
0.67219208749481618
0.60390442233303332
0.68892866394388286
0.67929922495517503
0.65787250812298459
0.58729404714476452
0.58671755130494740
0.56979713744070715
0.61506366505224608
0.63501645255604133
0.66593598604914161
0.74405149940397364
0.63484201225139281
0.70442838867685231
0.61323742775284162
0.67963617069833693
0.62292454797056651
0.63689856837596948
0.68379707583392069
0.55094338463646819
0.64061854722466582
0.62067590882372181
0.56384030451355127
0.66391056119868552
0.56087467564977089
0.46071181726349825
0.61557691903380629
0.60546642469784406
0.60495500847183648
0.59829460669629653
0.50826558128056720
0.61313568449087419
0.50946179161794358
0.55147114337425940
0.62321410843468961
0.40123332596904437
0.57636833350074146
0.50110342318707035
0.59807140747958376
0.55794229191938227
0.62326565438711667
0.57004708015528172
0.68516287154874000
0.50821310987791890
0.58215868861833453
0.37717004855422426
0.58532486562407038
0.45602632950471139
0.64554355717786571
0.43549457706978828
0.52691833523556864
0.36985679571567071
0.66634982841629697
0.40571507584900057
0.52593980853308830
0.31555438383937762
0.36361570707453150
0.39985591548161253
0.61622958136813444
0.36311681305751159
0.51893112506710470
0.35435553166675410
0.41295119310189760
0.30438476238616452
0.45580215389412126
0.35452389420709640
0.49611375723663576
0.35504861387809361
0.51609260080163311
0.41711905967597640
0.51150506622060554
0.41775326562106668
0.42075855295312187
0.58226542518058011
0.48723369441280379
0.47968550468479532
0.43951348206866836
0.50093463719246578
0.52842702932595342
0.66368125230779929
0.58464406632232491
0.55072196823981590
0.59118564858265032
0.66206518413788906
0.43942999976481900
0.62357598003749060
0.48132540503631560
0.74152752856626858
0.59336041373355497
0.63727572817844469
0.52086894190242550
0.59471909231874753
0.40903192485761747
0.41926293332083286
0.48230629041455869
0.48516198136932426
0.34678399336213406
0.48392313532604647
0.48559467184883998
0.43899678098829431
0.44739495103308585
0.48377347596278203
0.52390076501322624
0.40807168471519933
0.41877698716083622
0.44969042586427682
0.38726373649734425
0.41088510628412972
0.43726882664625311
0.44877182974050700
0.36528831307741511
0.35456112147676377
0.40036245911356838
0.36885854674661311
0.41916288794146805
0.34504988187155589
0.38883025801775856
0.69506744853028890
0.42515198114065955
0.34842220858707240
0.43167130281018595
0.33635585287161124
0.54334962108758689
0.34110229510418127
0.50807330309689158
0.41693078256166205
0.54572224190989760
0.41684770037343405
0.56965325701433089
0.32947097367944239
0.64326675159763103
0.40275280380524736
0.60153978452586465
0.47053709396625865
0.44354967514006705
0.30987757254716053
0.56101748696688969
0.37173790517821859
0.42080588028390842
0.35921105805388820
0.66220864056661710
0.34726415207893568
0.45923517949442727
0.35745300033458144
0.53351666112459861
0.40699974869979372
0.61411913128432416
0.44758384238042781
0.59650441861285386
0.43748722046773209
0.78799649086168466
0.26804195797450681
0.64714087182405977
0.37230633177222244
0.57648836033301132
0.37083358403666089
0.61273822573829306
0.32534255282009200
0.61996375691382977
0.30332990671605564
0.54746039723087114
0.33941290122756335
0.61921264774548146
0.44680914633513691
0.51145635147242330
0.32966190410721979
0.43618142702785279
0.33580353923157003
0.52666926856125806
0.29475982512194676
0.49198392175349842
0.41893470301528185
0.65902884277114904
0.34140964179141015
0.59563534142395080
0.28483072680352517
0.48891802912306570
0.41942681027100948
0.59311065518678507
0.28005230663401376
0.58138601756133479
0.33047882130473005
0.60720599756249882
0.30164487274430818
0.56516655514450476
0.27773151189411727
0.59647745608409841
0.47449302506551932
0.54049940584971967
0.34612148549440108
0.49337889409886404
0.36427826582198097
0.36209848782498794
0.70102518433335470
0.39541792433166628
0.39254326872173245
0.50038836827946787
0.23749864005823101
0.38882862483929237
0.27637586981163820
0.47854932392031679
0.26562470059483795
0.51886169338050214
0.39547310934423052
0.35828657815282183
0.38843578702090076
0.46566669133069305
0.34788002255319372
0.36661355758622499
0.32624903844204090
0.40697188941179785
0.48532911377045779
0.36658262401461406
0.32298003337469977
0.41097114852706240
0.34270697552257656
0.50656354912227963
0.40758273965278391
0.42649511208974888
0.31223122096761929
0.45022322072394205
0.44235556721763597
0.50471593115526270
0.36611947055059368
0.48102766936337871
0.32417016466075171
0.48925992619494507
0.39110900347231492
0.54038028331998733
0.43906437522303193
0.57762382143892710
0.38821836130016268
0.57551671385790115
0.44573748886375070
0.54562376365258525
0.47301290716553918
0.59448279448113661
0.40298702192620633
0.58724102786156451
0.50866519695380408
0.51675543743775110
0.45012503841601753
0.43906899145176459
0.50984904582766555
0.52552662927302773
0.50522191991924914
0.41747563042933616
0.41646311321396373
0.49769414751535102
0.36048581104268834
0.59917734962038882
0.35651690657909518
0.50595304869053426
0.34579645343263843
0.55160759603635834
0.37752870815166084
0.57599841241234440
0.32978159762311821
0.58339011171946553
0.42546224443006014
0.65934065728308355
0.25251271691746480
0.46209137272772460
0.34153522994322449
0.58222671106967439
0.40816801342224335
0.48732979889815498
0.57597857159144106
0.36276985997515959
0.43523728646171256
0.49826485903006146
0.43427966071838447
0.40630654068977018
0.46434131650764054
0.43552410973474182
0.62643372116439866
0.34592376937875807
0.62604278973577265
0.41536201294651320
0.59067553126333250
0.57296025046308396
0.66148140949772505
0.44324478460330874
0.69630568096669199
0.43673707908258697
0.74583704413604957
0.56144765449538592
0.67739658063082930
0.52725393635043816
0.58966872019448913
0.53630273620211233
0.63988420001722179
0.57232317451780412
0.55275501085690548
0.52842091040183947
0.74175494767241579
0.48514130171723935
0.61000251180954268
0.40259450504548333
0.59639177504679031
0.56634056455773274
0.60902004698820622
0.61278839549047415
0.55039797903622834
0.52037563696869760
0.58157218107114450
0.64192235025109523
0.53380148346750134
0.48233414944252506
0.57315133421977316
0.63494769411686414
0.48074231065093942
0.58709457954057875
0.55350421953747608
0.56002557187266810
0.56678878569151914
0.57171912993490270
0.43328990504235182
0.55485427600927884
0.43416578472834438
0.56422731421603811
0.43773988823343091
0.51405254290769664
0.46689020181075613
0.58028451720395458
0.39557965867320227
0.47147606651049928
0.39613487269715514
0.60437030634984723
0.39708631898102176
0.36208103598602204
0.36606043619536038
0.55569545252222918
0.42754345362348511
0.35422809755401347
0.28271747060565899
0.42647879265000554
0.35900879590183937
0.46878470011249340
0.50611978072202402
0.45341247863975981
0.40134529839677169
0.54353666161416658
0.36844895100198582
0.29126977347903493
0.44378127989979343
0.29317636127531516
0.44274755741396682
0.42732412739230874
0.43339690369863382
0.36446663265726081
0.47333147893318722
0.48623724626284615
0.37228431862565203
0.52262886115128104
0.41532896364456723
0.51928562465174422
0.58618266764243854
0.40379413137979486
0.53932333259452103
0.45780599695939256
0.43085441335948560
0.47197267044952557
0.37407466042791060
0.47765590269100472
0.42541370793421662
0.38572472034720628
0.60965871494294033
0.38597480897301384
0.62228144884994829
0.28724599366510783
0.55071345653612958
0.41911643464116888
0.47034850914522841
0.48244634835786843
0.78862771052072311
0.49545970703081699
0.57366424868190902
0.44264011510135637
0.63132154589185174
0.39365466623498119
0.60324640379822181
0.47734557367665481
0.66380657807528531
0.51448618982735317
0.62078808415906006
0.49611560236656105
0.59065707515419907
0.51528875988382838
0.48625604125951233
0.44990790206847137
0.50753402227289757
0.50689299274375210
0.55011822588839643
0.47686773749115202
0.45576380576102149
0.45125447211572350
0.47285106890717221
0.59826998495913231
0.43370227613393147
0.52545146507914686
0.53888665315370121
0.39062871508788360
0.47538926171095408
0.46264988944153929
0.45162621160639083
0.66070027027924527
0.45954323205180397
0.53561766821615930
0.36481766216502098
0.56398752893676718
0.44960352007302984
0.67108610263794133
0.51713908959395660
0.59803430750176167
0.47589266864817675
0.59976865902686627
0.50395207461122160
0.57071451600909362
0.53036721299096190
0.78862696326360382
0.53000755049438841
0.72371621713307788
0.55177806980821509
0.42602359225473091
0.52433662773466605
0.64741103645303544
0.54004254364635074
0.68274221086543563
0.56042519531114476
0.60589079508527799
0.56393845334796078
0.44709519506122930
0.58037827497811845
0.57151049195666115
0.65659553516507252
0.65525383510225021
0.51417702078089378
0.55410387795379989
0.60183892072226874
0.57878837141761175
0.56769069899838709
0.50217568879979513
0.62778544857984331
0.51640782943394381
0.50137421478575772
0.50548416709704380
0.67224964994023118
0.57121215072144949
0.52594053755493353
0.49732398508214248
0.56413299307744280
0.61086196225157952
0.63018226110569597
0.53635071901074127
0.54626584162837866
0.42391008171836075
0.39221570652745413
0.28575993175269854
0.48829168683019386
0.37391481248316211
0.43013134032088479
0.34636020732954020
0.40411921560952324
0.34844281877392702
0.41186447266760967
0.42222300161505871
0.40281157888592123
0.29226260782912222
0.42622920933654207
0.34964638151027322
0.36169001609547191
0.32171554791716417
0.39842187510134008
0.37202702467204757
0.45272055411255147
0.49012392279474482
0.50351745507339207
0.31832967197993334
0.41430744164321798
0.24527480632015791
0.46583144718718172
0.37758696309172857
0.46061205571666874
0.39973856028072730
0.47982269182405723
0.34820654509662741
0.61515883998062149
0.38918202064360086
0.40921128467627083
0.29697652880072700
0.46464992264917376
0.36056530427403993
0.44203083229233492
0.40915151899002200
0.52475662221898911
0.50463834677444064
0.56122744611738651
0.44873762317812538
0.61160476739579284
0.43371422071147125
0.54128588670167432
0.49702954549065403
0.50151342781134434
0.58925909558290501
0.52738019749865006
0.50588278892518612
0.70361186097860617
0.39718104569231172
0.68079542539387372
0.50645042580403488
0.49051764769708034
0.53135163209108682
0.59683230516603369
0.43290791416680313
0.60795898086172984
0.44196966559051426
0.64046405381381799
0.40567929279194270
0.58046655841623873
0.34324990481419021
0.53689601779229024
0.42128383975810596
0.51288856663500948
0.41461941807492642
0.41110956815103861
0.39340782789828949
0.35607218243421956
0.48976650778413094
0.36298760583353135
0.61781253535996039
0.34896261389702277
0.63830908978737655
0.53434769147228955
0.57027241983771948
0.39307660956076090
0.55168239113644180
0.45933514705199274
0.52877159774828952
0.44618224570882903
0.80160387359769669
0.44196927649252127
0.69139211739044482
0.35645301788780254
0.62686685571932887
0.37528618770951344
0.70763582076316589
0.31327560973229657
0.50199276057895559
0.48813702998204289
0.71125465912706154
0.46520002474264571
0.60264831620729409
0.39650626720463539
0.73030473930876427
0.45826010862119404
0.74133316600375554
0.62333405860570612
0.64524796284387143
0.48616969619349493
0.66994818448153537
0.48318371125037368
0.76114824295915717
0.47572150460343887
0.70215494794872146
0.46051720762699078
0.67277020121621123
0.62426872824142998
0.73500455480978644
0.52117117956283321
0.76626865609349704
0.61664808172131136
0.56778653453252237
0.50562047853543057
0.58160288998462129
0.48709855289687048
0.54634463423149382
0.67015565307517866
0.57975566459162697
0.66595200696195445
0.61032619347394890
0.66346194194851515
0.46787242668589374
0.63805738380924903
0.66563882682598241
0.65017327618602050
0.54353104356579529
0.70749830031350247
0.49820929102368616
0.65037538961227459
0.50143702800861034
0.70153408040043197
0.38986334772703157
0.52743563233892443
0.50042548511805962
0.45123085035305799
0.48271566063181692
0.49199949908513940
0.49814089391220995
0.51832611650259386
0.38584408058055142
0.37867627359411365
0.51964209396921823
0.40034598341502342
0.39162602463320950
0.42419679248777853
0.39385238017215785
0.36080052584238986
0.44314869108280669
0.37327362359656940
0.48022908145393350
0.44007888212234580
0.41364181775214887
0.48631420135273429
0.44791324140841721
0.36954723218343266
0.48353721198564981
0.43876178848670905
0.43641862266034676
0.46926579880748420
0.44581043216270660
0.31911194040914764
0.52723578467842347
0.36278073508070391
0.53503535045910822
0.45063859811572704
0.56868521637477454
0.48965153295769887
0.57534540480369745
0.55619423850606664
0.54617536904172015
0.48439087796614821
0.65038591013966829
0.55796082152021298
0.43775152096116460
0.49485147476593738
0.68403749374195577
0.46167746094412754
0.75767625202297795
0.63589166074566983
0.64364746895832248
0.51375202115268837
0.73038501623806218
0.47216765397005322
0.64352730119863466
0.53961437224087150
0.67361178923843723
0.50942527821813588
0.53983249276366396
0.52734637190371370
0.65942875773343612
0.44454805952380594
0.76227860738884223
0.35721838705525089
0.60170726271718644
0.33542844911116076
0.76537993892205458
0.45875539230782580
0.67608788867571412
0.44335222149313730
0.59571533374273911
0.45669077388462148
0.74058471974043816
0.51889555814033761
0.70158917544424693
0.45481618907648341
0.72451215625756338
0.35644751567128730
0.57023982831611242
0.38930669739368906
0.68022323160708620
0.39624997591101008
0.63762439261840331
0.45757681560278562
0.61310318390960739
0.38005233843883479
0.56625474997207959
0.41419267620985484
0.58901190806333981
0.31900238284454202
0.67230204678840000
0.38851443683759768
0.53828138170176820
0.36901344468764880
0.61726111217313728
0.33553281016917352
0.60783890087510373
0.40714943242067358
0.59267466755380360
0.44819898600943575
0.49267055226495693
0.42289758421192092
0.61443687852298134
0.38397905484363015
0.54073352304304012
0.44598234053322594
0.51204260576388394
0.48668513385189455
0.58201422349812293
0.44774009176461804
0.52338460780513985
0.38167067279265476
0.56414499769811643
0.36059226605447248
0.46442629126303764
0.56832459515708322
0.46640225249906403
0.55110154120356381
0.52095858738289236
0.38974085542151277
0.47388970866286612
0.47653522259339770
0.51003069727085371
0.39752006677170520
0.48060606037270226
0.50184689292233609
0.47974402260336957
0.44783347713424848
0.60791753615350130
0.51282555813667252
0.55661102477875668
0.57298429670797935
0.55546506457406397
0.40969050459005701
0.52983352821589025
0.37697617134758776
0.61838550747134502
0.58298656881707678
0.57927640550697490
0.32912424466033985
0.61285199541008994
0.36317792126948506
0.64510002952513756
0.35412515313848386
0.65240953410106117
0.45312897338303976
0.57757179131830538
0.42077097350568332
0.70110741146827260
0.48694836097021155
0.68809636892026593
0.42240586175150019
0.65298756940172420
0.54275967557459137
0.52700509503642878
0.50772808613966369
0.63944557322481987
0.50344650294178117
0.55540251964544429
0.53580682952547709
0.75431209794217158
0.50898073674542510
0.78083011469297758
0.57436512360586178
0.84525194422816552
0.61053651579521850
0.77696041369767765
0.58066059029061678
0.77455076318108507
0.52523122183755211
0.77500390705627431
0.59873911087480380
0.74980476311746513
0.61315427090582242
0.60373664797392079
0.59152521147012360
0.76270709041199458
0.63264792906728706
0.69839592351570257
0.39865524852081669
0.66700573361557158
0.63484766241452606
0.74572478700270706
0.59729246490155408
0.63158957535051119
0.53902441584351324
0.59675307327817684
0.58472464331267104
0.59745378441649521
0.48683662117621829
0.59241424900734541
0.56820662998890936
0.61411336621772084
0.48388198714550373
0.68339651981644378
0.58716921055926408
0.74068111259878400
0.45519278858814088
0.64694667716656584
0.50444685641050202
0.60969101852876362
0.48837632232655975
0.57145727397482793
0.31899221434127756
0.76172173017373646
0.32151805004563139
0.61620824805300034
0.35732474241226614
0.62694392874852434
0.28432442374822126
0.62580284936228725
0.37482930549836929
0.65579173582769668
0.43975706360672234
0.55165512989468257
0.28085571345741411
0.57615954027541216
0.31088293667394090
0.63808105305075180
0.42233471321236293
0.50757026226901036
0.35746978780429195
0.52692759548359602
0.40262647002188456
0.48977973010797621
0.42199911678220253
0.35045489733755608
0.55253978855061092
0.43792363198258633
0.46342399366805498
0.41631861534033127
0.45844056471300887
0.39933695642646438
0.51918144271899747
0.37173013547242295
0.44384733764193379
0.31544548701243003
0.57871532180960261
0.25189177401936991
0.56090178244249844
0.36044299449466755
0.52871330995633559
0.52377619845293388
0.64055535823873000
0.38348242418530398
0.54405361655472739
0.40560294565399047
0.61203722123482540
0.40397557437323850
0.53333879348095126
0.52498229324129697
0.50432679087820353
0.43393089437576238
0.61406737572473025
0.49613424887835778
0.39272080444975210
0.44070654968206308
0.44980802566210187
0.61464861873453036
0.45666551762431501
0.42515923081106677
0.44321120915475154
0.50076398364589103
0.28630182839417867
0.30361448348538350
0.45828669705282499
0.44384776271416410
0.38199470818933545
0.42502481483224175
0.38174906065808756
0.49347144796230497
0.45489111595391146
0.51162897121965811
0.44051984049238674
0.31566442481218937
0.29955171317159629
0.44005059541631147
0.38163036813467560
0.58216075613642371
0.43823371963886643
0.43867397119986506
0.45807457928933226
0.36913122417294053
0.37854439178341931
0.51740347129796527
0.29885146818349895
0.62093615963039539
0.34106127016189713
0.64123504019835464
0.42450529778094565
0.64300904777423995
0.41935940668527427
0.62560841480827178
0.43602098729843608
0.63747345603913930
0.42333452348581457
0.61383004762818216
0.44109370468191089
0.69241240390677516
0.54312896238577069
0.70160875522612265
0.52154401813858708
0.64879704660012805
0.55275372730318761
0.60922241446284886
0.44715142834082650
0.72934127280528360
0.53589682959078266
0.71905746981787100
0.49025992325895329
0.68744755960677506
0.55011410878570455
0.68764530143204239
0.46278399066647202
0.72271510217833546
0.52190809401418559
0.74306247767977007
0.60127209005163484
0.64834544055796983
0.49723538431784026
0.64710759258459360
0.55558518339112939
0.57583925906894007
0.59772566589578979
0.62176338164273071
0.32904713319594392
0.55970187616441847
0.54168421361300401
0.60163626342152299
0.40094065655345512
0.62474759763305376
0.41138507743998148
0.51758487901266748
0.31324672027528411
0.48762076312064673
0.34183385681904349
0.47425484923900546
0.42276468756200059
0.44264120796457385
0.50161346337981449
0.50596718833476462
0.36481260402174870
0.46807027701482357
0.40975702719313273
0.55270825630589659
0.39704918560491409
0.49159634575298994
0.42416971616334098
0.48710477454073881
0.64108144472101702
0.38843657141388938
0.54058136155239600
0.50727142304773065
0.61256230817254864
0.52123443278955106
0.57593278154048000
0.44563619971105162
0.59190494977920893
0.48985445964512475
0.56790902694808298
0.41283567633821666
0.58956363530590961
0.43084597577133243
0.68881854705878753
0.52030619872646100
0.65037747440917759
0.46725064601680460
0.66653677616827545
0.39190772989374245
0.61876034365244559
0.44268115313971845
0.73298454333526786
0.36642353042179804
0.57259231802473420
0.41704652014654242
0.62611757741511309
0.38840969673810033
0.59148219943517844
0.36887740152485315
0.55783681940378926
0.33013668221991066
0.56767993686420781
0.28981069311703733
0.60354066141010176
0.40868837468083263
0.48033414553497156
0.31968294485265808
0.46214301816442815
0.37322617105836031
0.49532035479509329
0.34421426126218979
0.46486923282869241
0.37488221313133996
0.47001828214517438
0.37024056371876940
0.40387976148576393
0.42081476960520392
0.48689465259301079
0.29061943704714038
0.50228620895983023
0.44357664125583418
0.39749242656820849
0.39878593867029088
0.55976757158239498
0.46037541008484084
0.42434254499980201
0.33496316563791645
0.41339445837184324
0.31805078686527027
0.56570646275774283
0.37974550332075135
0.40580990169511189
0.35880006816231325
0.55478501080604381
0.42748807561836527
0.45192375076793534
0.41579526903076985
0.48407762009912014
0.28797902768458539
0.54110595322761845
0.23938627097648102
0.48590525044665972
0.35441341486093686
0.47223871670029910
0.26154492941592472
0.37850337710112836
0.32971420372472587
0.49761318499172580
0.27410896104067811
0.46981142499951295
0.23022888515466430
0.50361241142979885
0.25454274856844072
0.45522564153554251
0.29995113247459476
0.49345991564247754
0.30651081236288935
0.42792569468999297
0.36369729032576648
0.44114947937361859
0.39022292776178308
0.49974389581951684
0.44503937962932727
0.48949654360824979
0.50669305146909094
0.50220961341300252
0.45976073401191225
0.45154841132382251
0.49511447695977856
0.50464982517455459
0.47893490863583593
0.52466977623002409
0.53021084748434266
0.56659156392494536
0.54223565373788818
0.51891967885782297
0.62829131453868015
0.59594779165939271
0.61608604810645917
0.65067684214650801
0.55951428038104056
0.67090863509981058
0.55261484923694371
0.64925202106293478
0.64817645017779235
0.64455839514138147
0.44680332936324491
0.66739083817096490
0.51113317766197586
0.57840712768398350
0.60226223300636406
0.64296504704884305
0.57436603620911564
0.53789473767122375
0.36864908970893062
0.61336824451100302
0.50778807597429343
0.44983919529385330
0.47647835336570910
0.60534972370584383
0.57983286457550021
0.52071255757992685
0.53726868741633438
0.54883447809717967
0.37669415502584597
0.55097166340981052
0.49098415074022017
0.60729395412436027
0.41332804429081610
0.44564450252336507
0.47480772993287035
0.50846233296643883
0.41216189605240128
0.53775754041009727
0.56649981971570829
0.46893823458518363
0.34453547847158128
0.49662260578502215
0.51052525171780039
0.50936780663140568
0.45990465921620011
0.46316441396067698
0.36740444691746821
0.56382122931307344
0.36967816300430500
0.44429450574891544
0.47374519049432517
0.40721091132979942
0.44057732490996726
0.42279093377972776
0.51046845121251505
0.40463794532520952
0.45462696272732195
0.37432532918637862
0.37961784204030247
0.48351552751573823
0.46604776094887190
0.44232720085552135
0.35311976985875204
0.41373819776982723
0.45017202692908564
0.44838843688609387
0.40298284414607621
0.36017677924809433
0.40496302410432150
0.40377059257301273
0.43915458645555161
0.46153040017290625
0.44423220821979165
0.33830278044353046
0.50090898527130867
0.38436391036275419
0.48827924253173460
0.28844625327131224
0.47427119374720567
0.50440511245159392
0.39486812482150202
0.37960238239426380
0.49019229819448740
0.31868274518625217
0.50998388394285288
0.40221560136085222
0.46776059316849389
0.43345147463315853
0.49661582127041670
0.54740764374923245
0.47196540767083456
0.50314854664385888
0.37758637415134061
0.39696575675447415
0.45406589164039879
0.44801876819093345
0.38358745242141273
0.40742372463361282
0.47678607068629514
0.41913278719823288
0.50687319202422498
0.60015539975318788
0.36755775094159004
