0.49639409349533470
0.12701077950903358
0.47198668491647855
0.08970324052091459
0.45887555874614899
0.06446843234476714
0.44046486335106283
0.09580719963993729
0.46732717081970943
0.09831969156226550
0.46258652797557476
0.10075959925027940
0.52115800760870634
0.09700300322307295
0.48215583732784639
0.10609721538563878
0.48542864357279897
0.07726439138515473
0.50112234179481996
0.09104318972735409
0.48392654522144490
0.10980164451003774
0.48638845766027911
0.05900196692004678
0.47768195378581252
0.10553163680281130
0.46922118443772948
0.11278970609542835
0.51433413346104495
0.09049194766531879
0.47386958198262458
0.11934491755763502
0.43564967172843566
0.09998660034010082
0.51006639777627494
0.08858183862435291
0.46794580897497773
0.09711777603784222
0.44051159709941629
0.09725174184766633
0.46235163009654345
0.09424260623210631
0.45434431270390563
0.09041817156243093
0.45902993077667592
0.09671089515416473
0.49175257795951455
0.12367756215771412
0.46642967147575015
0.10099501266085262
0.48086392741865114
0.10775616743507310
0.48383269691045555
0.12342078909828233
0.49289895360602365
0.06722242287769790
0.45301890192648686
0.10764994279386363
0.46935986149250114
0.09489017980164041
0.45470373235087391
0.09009501235394955
0.47077010642116923
0.10259224172127807
0.46122034491018854
0.09386982162109207
0.45810104625876402
0.11074114260011869
0.47513042649873694
0.09872132461482780
0.50889786772902390
0.10188668463959362
0.45415913494335014
0.09197013448824522
0.46736528330514548
0.12304953135806400
0.46746480428607523
0.11776540056993343
0.45869459586949268
0.10927949767910670
0.53239067737348145
0.10719894450535179
0.44924379340746329
0.07886486003200643
0.47476604536441575
0.10102513271397891
0.46298193183120984
0.09401912060697840
0.47000299701836401
0.09686681119231490
0.50609043867286518
0.11075055924091458
0.47194442183045560
0.09727685982957021
0.45788352249526243
0.10712810226703832
0.48292047258220866
0.08319745048524665
0.48750258249240913
0.10281425590456475
0.48738363554887104
0.10196703824845266
0.47567777151735646
0.10074188127713642
0.52440130538934726
0.10510476428640632
0.46275462048690535
0.09939828160390954
0.47943613950661956
0.11835735801663289
0.50519298967021220
0.10304519192823294
0.47562291192610529
0.10112386462410565
0.47275378479284763
0.09843394750325260
0.49909196164804420
0.10584523155363412
0.45757812340414727
0.08212586488369553
0.47110008152552829
0.08983576580050183
0.47108882882023606
0.09996715018225613
0.47332878037247078
0.09311129749572429
0.48379529752823169
0.07764303069054942
0.49650009695239777
0.07753564147751765
0.48633889840007349
0.11000602069296063
0.49793032007912991
0.11391108794063685
0.47310839732704102
0.09697932219938013
0.47361195516171334
0.09114728149233123
0.47371042457148577
0.09207085888282404
0.48579127272083039
0.07826832891154169
0.49123290295113226
0.09843026586578671
0.51154852935490658
0.09393216559887668
0.47188551752172436
0.09318185687047235
0.45869063212029343
0.09950602831759027
0.49876387183556586
0.06002260592255439
0.47781768244899997
0.10231428788478469
0.48672230343971534
0.09543032838868265
0.47442079057307196
0.08932689132322737
0.47154737861022783
0.09074377961133337
0.47083731147296609
0.08934542617758287
0.49272733239253352
0.09249190865739167
0.50621457497572542
0.11454137013876553
0.46527337418629994
0.09549736709713286
0.46493894622798060
0.08851953298819941
0.49267281665324730
0.07777443809902186
0.47547677679094869
0.08932485526898999
0.44996693235939383
0.09275159490000921
0.46414268607461318
0.08210777338202851
0.48662801520461274
0.11934913510913814
0.48342647725588428
0.09961397981425375
0.47581707909374304
0.09320827999878323
0.49063053634957077
0.09346098362548695
0.47077535953633620
0.08852991256389507
0.47608978846599825
0.09593309069180031
0.47449231119707802
0.09472470194770424
0.47708699573232666
0.09026219040140428
0.45504326195753947
0.08381802397001123
0.47513808387502771
0.09115189049115392
0.51207250466501120
0.10951386699985816
0.47384225584857093
0.10509571823955517
0.46651185837878212
0.09434135525282958
0.46054697603805195
0.09975265747754342
0.51824749324786967
0.10441033182521282
0.46603024552719746
0.06922535533340082
0.50603138019639093
0.10357216789059885
0.51493561212368788
0.10174837779070062
0.47150920547345243
0.07745841418953170
0.46203532484355103
0.09212134053313220
0.47885720512372137
0.09886594603225285
0.47116634207748742
0.09100024191072702
0.42292187425512340
0.10670198510925621
0.47392808498550060
0.11977486292029836
0.47872513927184135
0.10454979043743529
0.47340952912189860
0.09195434466131067
0.47158193762508954
0.08784127720093207
0.49272744868703866
0.07372221075659495
0.47294144718244685
0.08987601998489536
0.46653824373421521
0.09517547611003625
0.44056158384218869
0.09033477295503452
0.50253222672419684
0.09479497624306078
0.46342416041072138
0.08773421355074540
0.46960386415844430
0.09051920961457316
0.47450855895057448
0.08630906591173772
0.51525240078037560
0.10138199571972409
0.47274231671938255
0.08865542188237745
0.47520609373074890
0.09514189198537326
0.49352212859277594
0.11979732342286951
0.47435736838246917
0.08835017669654449
0.46642788116512857
0.09259440547464177
0.51219120481726699
0.08972617813493033
0.47312715665369076
0.09849830568788243
0.47229812973375945
0.08917004063234364
0.46681816265584103
0.08940544203392631
0.47687581048903721
0.09884017274084385
0.50134338829624359
0.07761908363472972
0.47701802401917393
0.09785037512879605
0.46821453997085349
0.09742766194370953
0.45315821384245142
0.10665258020547204
0.47222173965444980
0.09921957719367035
0.48233872012181889
0.10329304061442286
0.47628019869615867
0.09440890832238368
0.50737884982599457
0.09211035256679873
0.45181994135251868
0.09314327751700185
0.47518653179842535
0.09207700260180623
0.45775035545331444
0.08805339577421922
0.48263038371112621
0.10317411097753540
0.46903944372347095
0.11863661997554451
0.45683742257480592
0.08838160478062144
0.47457412819498584
0.09434427940816503
0.47364783984718800
0.09459077124989219
0.45498885221014507
0.06097193404930805
0.45196554371770647
0.09173406416654316
0.47439325041411712
0.09121087510277368
0.47038723825545958
0.08637095890324377
0.46956384332748380
0.09487554445246693
0.46256087637146159
0.09733362414578953
0.42293206321137750
0.10247002653832187
0.44717523588877461
0.09152256978650716
0.48319534517752288
0.09096666746645510
0.47046795548948722
0.09893443794399828
0.47304560076774277
0.09296584226555618
0.47203774906474122
0.08717771796837627
0.51899761536552980
0.10391853246916599
0.49486510827421198
0.09880257718333556
0.46252769368210089
0.08696041976028666
0.47217141095135517
0.08328098741234589
0.46232327790374744
0.08905486265672247
0.50979763201347383
0.10177368961442311
0.47242230872657281
0.09462984736999497
0.47314132236151502
0.08267437332388969
0.46663252306304132
0.08336093417213256
0.43975017563153440
0.09211223836778071
0.49208631505247086
0.08876028304821196
0.43576455892978055
0.09350026064005008
0.45099848452392965
0.09112761326493342
0.46566759668143254
0.08847488512336420
0.52059714444771821
0.09618621215471225
0.47912772162429035
0.09882502537646734
0.46194112254984526
0.09767348903084565
0.47427382113085276
0.08709206989223178
0.46688824873396834
0.08986005948688339
0.48105778089718942
0.08230065379098937
0.49066618696391756
0.09891982832909947
0.46408343691850013
0.08338477662215679
0.47322938249236302
0.08956685101033271
0.48263517830881741
0.09764739106826287
0.46934391034427392
0.08288834104722619
0.48035366244435479
0.09938338324487184
0.47756187160543950
0.09230575102916290
0.47126597911241608
0.08855099373654862
0.51567669175964870
0.10087867827082009
0.48156495067308441
0.09858286004968189
0.50872994934552340
0.10072664408535710
0.47370205363658524
0.09794707322478816
0.46321188181502587
0.09069745954417861
0.44426949564078810
0.09111242350725493
0.48941121226193385
0.06099602185714961
0.48409837831252800
0.10054232901130372
0.48648156999562059
0.06272925853600510
0.47044413802142732
0.07553797215166519
0.46513539388987324
0.08758329240009596
0.47193301412094091
0.07944682853382316
0.43638364243131522
0.08796899618325996
0.46634660681166923
0.09244918881918968
0.46047854990909881
0.08457323537921335
0.46025644912358771
0.07839695990042755
0.47230214761695294
0.08697312248071815
0.47098160974060188
0.08625418400525733
0.47296481051770356
0.08301595058637350
0.46433086265014950
0.09208909679745791
0.48320925006117427
0.10155300763617084
0.42807856364826258
0.09506243665594663
0.47765170371247245
0.09790568558705394
0.48184272587122456
0.10137229641273590
0.47641842808406876
0.09826819090562275
0.47142226622482508
0.09035152458496420
0.48285218105038885
0.07947331866924140
0.47576432121775936
0.09429923165202618
0.47737534419196481
0.06505515128283632
0.47189359465106873
0.08595668259860506
0.49646202668584194
0.07640804314987457
0.47710824753211983
0.09511136431690115
0.46976454845647675
0.07416399935568223
0.47480138523886700
0.08317445576098859
0.47371874042638296
0.09443081835832799
0.47130992385833731
0.09491001240078077
0.48850331187367696
0.06387601959266387
0.48415159029369403
0.10407581842775629
0.49718872829969513
0.11029771083419605
0.48027335563176182
0.07251956306422123
0.46915249240798418
0.08916975100516505
0.45828349462423046
0.07286627773168322
0.47513701186322777
0.08574091298802027
0.46381156036036830
0.06515187768888475
0.46620964902566298
0.07432721642598433
0.46858804283456357
0.08619495355761873
0.50411138670651945
0.10615509654847069
0.46976562606969174
0.08475970980366306
0.45591004365185517
0.10502252365059772
0.47238028245944313
0.09736553483810249
0.47210549822503223
0.08496776123910432
0.47706225918665690
0.09533687301729604
0.47673480227704707
0.10337681923452428
0.48196523007006786
0.10393674772917089
0.48198741222315911
0.09728670899877120
0.49106824376951497
0.09762092059445870
0.46251396959541363
0.09026678076275096
0.48282425631787007
0.09860898340476416
0.47170945814300957
0.06340497634634759
0.47289125386577319
0.08475350867689180
0.45477816784119229
0.07902769436384341
0.46054421106985632
0.08719965452075115
0.44324673996430464
0.09420936448248766
0.48415655105520872
0.09402908946226231
0.50657885092692523
0.10778531822447046
0.45738753013527716
0.09340682596226438
0.47688232917791074
0.08044585507422285
0.47317404348808878
0.08725587792506428
0.47485020036835618
0.08715523646951567
0.46547512824570031
0.05351590007472451
0.47738188802865239
0.06642461512022979
0.43225712094499213
0.09128704812093140
0.44488998887129527
0.09260938115725979
0.46717153908915887
0.08915671783624554
0.47318441110053683
0.09731899844630013
0.47398886061530709
0.09273612077677659
0.45267062589094370
0.08539377888846898
0.47020603579514975
0.09427080323999315
0.45856365276625571
0.07030292117997851
0.46737057514873892
0.08839098652542579
0.45562647282752677
0.08679714827561050
0.46946008506170078
0.08907479149477789
0.46633649446283199
0.08336135766785463
0.47443084813283687
0.09331840826050362
0.47026936022798549
0.08486406104989323
0.51131003505827999
0.10519436492106365
0.46655664668957442
0.09025855676215921
0.47529401966768325
0.09632970694459564
0.46294156006961518
0.08843273287129640
0.47260938784869910
0.08794204122764424
0.46804778075204873
0.08899607244412319
0.46688048238286128
0.08577268745857519
0.49829279076682531
0.08339801742980407
0.49132180311241647
0.12037946641786412
0.47785630673583313
0.09745031866803203
0.46344176865456149
0.06034534210332596
0.47752777515147493
0.09893405598780883
0.45875380994243903
0.06451859369969257
0.46812989399291838
0.08921696652548360
0.46229796477724355
0.07989742114941314
0.48701974657234492
0.09508282952252525
0.46605854432524546
0.09169062079060848
0.45715085949335255
0.08631102284555461
0.47179900120783164
0.08929288896110413
0.47433050306441193
0.06411830441590752
0.49823458619089156
0.08954715660677391
0.46890656653629170
0.09468541743218410
0.46114314441951121
0.08774616904598212
0.47401731030571609
0.06868360707394254
0.49480561025588032
0.09702868728228740
0.48322812335600268
0.10067540243753217
0.46184486603678332
0.06248293932255282
0.46744146134954334
0.09023701485157883
0.45689513061306197
0.06949877291681861
0.47133037735278316
0.09398729607273923
0.47381070921096291
0.08799685213555039
0.47838400949207099
0.07554298365593778
0.45119382255763868
0.08893004876935820
0.47901668627881572
0.07854691610005579
0.48688487234359495
0.09187990254661074
0.48879879818224903
0.09468568655313951
0.46282932548798233
0.08738143989605332
0.46697731714558882
0.09063144164475884
0.47083883717949382
0.08712041823567533
0.47194860634529284
0.09069247598821109
0.46862231334906113
0.08426757150715017
0.46985230420108243
0.09526747801603425
0.46760842833793725
0.06859700984649685
0.47220560821044472
0.08639298780371554
0.47371288670206224
0.08394734471288617
0.47925323577720969
0.09723713096897699
0.47277832450166807
0.09028405327604531
0.47240702182592492
0.08324529063977884
0.47393454218242054
0.09153301126475985
0.47453666362864289
0.09238592362387606
0.47414078291617523
0.10610064585350674
0.45567337344170267
0.06236830404383031
0.47731177626881105
0.06792994209848512
0.46930054284722011
0.07251086764150524
0.46707860163014753
0.08098752847068988
0.51483808690447497
0.10058719329943716
0.48996015253570363
0.08633293498555687
0.45593858996114645
0.08594226026024546
0.47421928811800940
0.08381998520943915
0.45247886089473432
0.10191120213602879
0.43420091115312776
0.08510239857046843
0.47353841782666373
0.07863518413772257
0.47176369740351093
0.07842371600288373
0.52221771498504410
0.09567998215459729
0.46331555724848228
0.07919449141578500
0.46771045483581219
0.09155764937807062
0.51087763330409597
0.10612985136876868
0.47181876550970325
0.08430761530912811
0.46929589201566163
0.08853504354762338
0.45500956747374710
0.07161375468775671
0.49292478710989662
0.07423756078994262
0.46064120235191447
0.09143168061593812
0.48712308359644052
0.09416681601434554
0.48149622442204226
0.06548028644079826
0.46329384579613730
0.06684953346313253
0.47040777263690015
0.08703050264948761
0.48172355556488505
0.09448294753716861
0.46999709463428874
0.09324592894517564
0.43930034674877316
0.09537293089066827
0.47227026209037504
0.08750750466095165
0.46505387321109681
0.08928980225095937
0.47060878720694960
0.08829922383042546
0.46631716451139560
0.06660154570636770
0.50639239428684213
0.10910040963824516
0.46376302547236375
0.07639898716883045
0.46956344798172472
0.09163754513263431
0.45233955817764682
0.09673797049069549
0.46625289167568262
0.08970211802244134
0.46239108696360520
0.06327222435644417
0.46429197387376664
0.08925932610433231
0.46622126784906898
0.06009004554390621
0.46390769777480134
0.08766926655262654
0.47205636051042521
0.09077935691059105
0.46102390358466461
0.08105489536691662
0.48263205681029281
0.10163419320150041
0.46636848593277314
0.08550293876848618
0.47026006128239894
0.08871584450981837
0.49765026454048283
0.08508023860478298
0.47208326457422672
0.06984658456439953
0.46845491458752192
0.09243306197405224
0.46658400098298691
0.08001611944264665
0.46934896262448889
0.08830350853379118
0.40410482260847325
0.09050115699365520
0.45676016346707177
0.10879301992311544
0.47621917190825519
0.08706198701315966
0.47412156929916294
0.07073651275356696
0.46360863542211767
0.06548879212541206
0.44133043710570508
0.09122497293160958
0.46191811870713861
0.06442784347492096
0.47405960653714974
0.09209404893461756
0.46337273512742561
0.08750045629070771
0.48043886726380913
0.07159409110603693
0.47196047930155699
0.09303510830038958
0.48212699161795203
0.09985085111554508
0.47563665375959496
0.06943181930952670
0.48148331347476614
0.06973683596064406
0.47612909984976837
0.08362098727104281
0.50614676897805821
0.11269910806174253
0.47210709691618058
0.08791227628418984
0.48307298583959590
0.09850484757147533
0.48149870614161072
0.09570085532082420
0.47451098027761418
0.09135299903683143
0.45252551798531992
0.09016239146577285
0.48444701401892964
0.09730278385379960
0.46786857202409687
0.08965057883275249
0.48196858940908893
0.10386964630412915
0.44990776662316367
0.09193603474684234
0.46859213930042265
0.08899628280038305
0.48636895009756387
0.09511433681687194
0.45975584463127572
0.08779026949564157
0.47996347543653917
0.09697792380323410
0.46382024519322346
0.09273333497082664
0.46171230981184208
0.08507458180533803
0.47308091987781137
0.09340679929437583
0.47814511840072715
0.07700246955536329
0.46067485217760323
0.06269936113511941
0.48564809185902358
0.09930749026980819
0.47914733240771157
0.06802278159825242
0.48924056627248219
0.09745321779206340
0.44819022090097271
0.08940576735632204
0.47349395950057893
0.09639748338094424
0.46772236519822213
0.08676498383271376
0.48051710861453589
0.05891434562581738
0.47675428507304290
0.09881130475470137
0.47173194606139057
0.08630673595563193
0.47188829962953494
0.08915372781209993
0.46677124329804798
0.09115473292685633
0.47290029667652417
0.06360851009270990
0.46855245302366327
0.08960881320025110
0.54570853052939272
0.08006556085072450
0.47445490220684833
0.09313528033600418
0.47574061821572688
0.07778062564647331
0.47985868876451027
0.10309112539813431
0.46374950632143230
0.09419965436595683
0.45820485287367912
0.08892219852473329
0.47170286928201122
0.08790924074008298
0.46408777283661018
0.08919929975439293
0.46931847884498623
0.08844947006647901
0.46873140975073069
0.08888129939697804
0.47106443038342505
0.08959540290934075
0.46921661614887833
0.08615288367480720
0.49526878464714313
0.10758517651812863
0.46541851854310728
0.07216620420945528
0.47314878506394059
0.08254035769125945
0.46275034993315561
0.08183482864906967
0.45071314396442425
0.09017167735799941
0.48095526837331237
0.09297866772321660
0.42806176155609615
0.09058957368443109
0.48223724251391953
0.08957750420721056
0.46459713314899848
0.06330225937769000
0.51708553218459663
0.10276206560283603
0.44931657664304753
0.09155866333862768
0.48134352775507511
0.09734622471537595
0.44445151086223927
0.09573075276285892
0.47227455052419975
0.09257632168744792
0.48629101931698815
0.10411931653399875
0.47109692145900961
0.08781691194061345
0.46898825594761961
0.08900482018663494
0.50507513895882883
0.10868550920445591
0.47135729678270066
0.09664409768453026
0.48933737733037880
0.09983603496477740
0.46729805261368862
0.08943288797875235
0.45611030467326574
0.08983429581304447
0.46603828802740954
0.08946661297238333
0.47089880250922822
0.08732926315799444
0.47090532768074411
0.05976085678440675
0.46198806286914607
0.09051797178071641
0.46970024181362591
0.08801830679455008
0.45785391645717310
0.10666750950229030
0.48487983583942112
0.10899420801475923
0.47241222070920369
0.09445111692961555
0.47922239247787385
0.06857948308074076
0.47170511413136140
0.09065089878215013
0.48443189403025444
0.10520554421496331
0.47793827568870817
0.10392159444734547
0.48074225080950855
0.10198867856838925
0.46227701882413780
0.09441535268348714
0.47712210258377463
0.09870744156036915
0.46288211292649861
0.09020103317452889
0.45564410424217294
0.06966762223212486
0.45760820840036143
0.09007574970610363
0.47236070449450157
0.08939352577818632
0.46186729518456698
0.08998976737347227
0.48104175462494420
0.10258351116616361
0.48807079825180100
0.10601173388930665
0.48852519440203546
0.09750691795260527
0.46498083696754444
0.09188155900011084
0.45881704321244704
0.09013141918642374
0.47370472426557420
0.08613524542898447
0.49435648830857520
0.09883255917492788
0.48149679929130001
0.10576296022094850
0.47201559350388800
0.09376320027075150
0.46764649887510518
0.09192396319990559
0.50715121722529000
0.10922015335910740
0.45246742809233564
0.09475274116661229
0.47804400593247492
0.09964813838446654
0.54057043919714232
0.09855052054625900
0.47126678386897919
0.11938066215373774
0.44698136404642597
0.09410640119512118
0.43537919272024495
0.09441833432958581
0.43578599286757963
0.10016750454446495
0.47356619516246490
0.09478101733589553
0.47600956085513280
0.09709504224138252
0.47270273627646425
0.09509810404280408
0.44177378826860392
0.09373871542352637
0.46694866225348974
0.08886248745865465
0.46987605503041596
0.09338728182471986
0.47210694383413798
0.08566012466011182
0.46728423196823204
0.09273425149177136
0.47233995555275993
0.09361353221770528
0.46607521747676461
0.09404068339714862
0.45620691904577776
0.10111296899167921
0.41024499907937700
0.10778380695559542
0.45910676420603080
0.08948575327836653
0.47207232348919831
0.10474701240473488
0.43138239070701828
0.09073242694282878
0.46920192036812169
0.08970786470487563
0.46369808137686808
0.09128080588513220
0.45657441569656793
0.08709125435033188
0.49822093461112610
0.11756899695596543
0.47864473197925256
0.10611713346847448
0.46079211256781250
0.08756721577393828
0.46969647989489061
0.08930405499438804
0.46281204018126543
0.09637504666621734
0.45365309530820802
0.06854419476850507
0.44499388938089568
0.09734440321510669
0.47340539738991139
0.09976148955440918
0.46210574690867190
0.09229194976689582
0.51890037803683764
0.10354964886276313
0.47372513075901412
0.07996073241463975
0.51348642925998644
0.10208909758415169
0.44119691724348181
0.09482704161224427
0.43776425235342070
0.09272372139108881
0.49404380133320758
0.11118365352010429
0.47633690695250830
0.10107263621341275
0.45226661637330351
0.09036532333050394
0.44190826738638755
0.09638856173282201
0.46973123174082521
0.10028130021783850
0.45528747899166450
0.10069620586716189
0.45288272407542585
0.09680576075763858
0.46384165602685296
0.10081729233820343
0.44774917051210594
0.09577910836295207
0.45273065486594921
0.10092663091898783
0.47468677390564873
0.09337694732928838
0.45597277101220440
0.09269981415114838
0.51129455624729880
0.11467265307325603
0.47137861955654625
0.09347164414912032
0.47712551599854580
0.10752067288953687
0.47056321815985885
0.08777706692425222
0.46991625402535614
0.09941154788223959
0.47350823289078375
0.08958480857196814
0.50100711845489021
0.09129289232947359
0.43407594669200239
0.09410008998487451
0.47829543071666841
0.10608915479492068
0.49240945968455224
0.09954901547078301
0.46853166872295321
0.08755252882410682
0.47144741862490186
0.09503169629502381
0.48639486599638976
0.11059367885721061
0.52103870993890411
0.09459697737091212
0.47430933950336290
0.12323555091682258
0.47347147429913111
0.11775647633524038
0.49186491888405742
0.10397338424645901
0.46149960928140499
0.09269136419578894
0.52394090758010448
0.10471248367534618
0.45376737652558702
0.08911276761800056
0.46349624832264280
0.09429812840877794
0.46829816595287477
0.09674442758129510
0.48606186976161986
0.10319755752906275
0.45200798264462422
0.08895710876428137
0.45774398036019426
0.09847468488597368
0.50596039001136250
0.11201233945908173
0.51789129633837705
0.10683584619884684
0.45243584907109929
0.09504972457254393
0.47673296302055024
0.10829182143633269
0.49051190082015184
0.06210438063166757
0.48225994156247631
0.07805373836228763
0.45052172879864505
0.09592314652161540
0.46729779514287889
0.09315209543938516
0.49078136081120444
0.10302635741435903
0.46007102194004523
0.09788346229731243
0.50078486801914623
0.11461175646725809
0.48111385504333759
0.09675798991923004
0.50139793905166008
0.11226020785812521
0.45920027005994124
0.07684614544022683
0.45493811011495661
0.08977674265487513
0.46984567205747557
0.10137516136148494
0.45305443023341319
0.09331989189925907
0.48100789746260975
0.09567157730140760
0.47641617875852293
0.10481725443586185
0.45856175194100662
0.10303633077928533
0.52054659863154573
0.10523821149033868
0.45705230286869492
0.09476589798931263
0.45464560654376585
0.09438203317125846
0.46306314143738059
0.10718630089532941
0.47634362665934310
0.10132091487776058
0.49652966927436415
0.08397004174567597
0.47505638225119962
0.08803899064552008
0.45773803700364668
0.07785980984023853
0.47223193660710971
0.09899464138602559
0.45338862644798938
0.09433323974389736
0.45764779246938786
0.09783425714642324
0.51023121329704990
0.08860834524496355
0.49816407874304175
0.10018570815618079
0.46900677759955200
0.09723748877354269
0.49071627169898036
0.10390965157305915
0.45499322638586243
0.10863998187282983
0.47504825080388891
0.10441649910830855
0.44423397674403642
0.09843396455130901
0.47455748734834280
0.08465055318916956
0.44775904006980460
0.08384883073214267
0.47292549835159930
0.11677370235706966
0.50007008756871296
0.11179230277292346
0.47230980260902444
0.09349497028028428
0.49706959351243890
0.10210894003582273
0.43124447808818345
0.09759026272924545
0.46256891844347148
0.11264955881970679
0.50702273516421470
0.10143464529919002
0.47273001588171615
0.08574776648254770
0.49087613670080771
0.11661196993365813
0.48331122310759983
0.17012599276568174
0.48858529527945360
0.09202276237400067
0.46133096684957969
0.11301841751482727
0.48331600119443380
0.10916934159247138
0.48325324108704404
0.10695182833917083
0.44880007683334855
0.08341303962575836
0.45464869881960723
0.10931560482099228
0.45591840699643454
0.06844772522869680
0.48601395518983731
0.10274308767562830
0.50148968336994992
0.11046424904257385
0.47216436829459973
0.09911389742650414
0.47593946565635525
0.10729097870337424
0.50273698485311602
0.08414460192673578
0.48688242567174211
0.08245214934555653
0.43430124559931232
0.09708336553729906
0.48552404799028664
0.08056819442034852
0.51870027001679420
0.10039566526754758
0.47145091187327265
0.09527071609310622
0.45222135330465330
0.10295403477233710
0.49656920916001318
0.11381153601597491
0.46639818596758870
0.09886879434954961
0.46648162664321896
0.09668653973961502
0.49909736937968779
0.09983203282752981
0.46587022603763173
0.12105470654738097
0.48900103444302268
0.08234482182899974
0.48007214357636008
0.11003852024979521
0.50391048011196882
0.11335519680213435
0.45364931329461283
0.10466739274407820
0.47497088080835548
0.09681850360601614
0.45372338395693185
0.10487760218011352
0.46984935781954218
0.10188649978703918
0.47191829145745612
0.09531546692293126
0.46478328495836480
0.09612800836660802
0.46466363087166973
0.09487390732551232
0.45741823662456804
0.06912680115620294
0.44975657534908420
0.07834262633327707
0.48687690458421212
0.12692476716249312
0.51334143821795630
0.08236520022709250
0.45770729963524887
0.07922197036011411
0.49770930061168606
0.11763492399878817
0.46084753832475595
0.11407401797954056
0.47071072331288127
0.09841696968545249
0.46520288911773466
0.10122141795314392
0.49520700286886765
0.08360421000046658
0.46139506004555575
0.12076075916010109
0.50411240737750007
0.09776758849530974
0.43915201055897241
0.10027895986827261
0.45045452866681124
0.07153816058023132
0.51633724537135572
0.09480241047507725
0.45932409259012624
0.10233997703176920
0.46328599620623756
0.10790910793914579
0.43114187575225482
0.11440542769359605
0.46061006351254419
0.09556091594862207
0.49508383686859980
0.16192776195881736
0.44749801389527682
0.09969168379683493
0.46984535817147199
0.11859565239513831
0.46209463826209085
0.10890026564228819
0.46935537743930000
0.10307932026815889
0.45614127726154702
0.07631611983961299
0.49069192183960375
0.12171024134253380
0.50405234140364719
0.08453915306237966
0.46428881139907002
0.10752885003627670
0.44718417757914197
0.09794727706372360
0.50039452580858357
0.08795789517822650
0.46850956008503003
0.10176745819968386
0.46187467674375793
0.12152456610081158
0.46261265919103756
0.10490311206359956
0.46006696430797372
0.07650884950810179
0.47129478242002515
0.12323022447812265
0.47781055764060582
0.10366874437448630
0.45894063644982502
0.10688531892844819
0.47501035901562128
0.11133805759197118
0.42254515458004843
0.13348077330376706
0.45677566492375843
0.10287005059785606
0.48267206545675367
0.12201863052278115
0.46968070607917684
0.09581745591742456
0.46377359061188766
0.11213641690205881
0.49003846035379595
0.10282506105301331
0.48516593329841107
0.11261511810400707
0.47108920678278787
0.10234769839674641
0.45058204810275915
0.09911939866308070
0.46206275961569393
0.10415422158690726
0.46711719289969450
0.12212055827797476
0.45741527481543398
0.11621396889600991
0.47287779785504247
0.10337887386888499
0.47136683423167064
0.11808137308874052
0.49606500983583451
0.06470867844712067
0.47138859421603407
0.09849084736703811
0.47996756475102309
0.12364091525437607
0.44938819611732050
0.10460947562994342
0.46835688463971026
0.09989834424131261
0.51870746588661354
0.09793811594409753
0.45473324878926030
0.10761311640850060
0.48071632043472895
0.12234922618886875
0.47804444229283993
0.10838281391672822
0.49900706249590193
0.11575916125478214
0.48906501843426337
0.11328000307171754
0.46197547526472021
0.09582177364221266
0.46068956433066710
0.10869301468150490
0.47122412768647359
0.11826881436304927
0.49163138122473343
0.11665017674523542
0.48819904095126154
0.12113459482400035
0.47690427208214259
0.08485496416911689
0.46218434388887658
0.10005853368469073
0.50368215278651296
0.11595216744064403
0.45207168675066489
0.10944505810849360
0.49203667350490726
0.07865646735401051
0.48774759004833196
0.06317518600574369
0.46511180121561163
0.10540577489101116
0.47172941386313200
0.09972039443448392
0.46119517450348585
0.10819400781461076
0.48730723541027310
0.12864201120208199
0.46242050709583449
0.11722894968576647
0.47256440734403116
0.12756099428420015
0.49839305811005180
0.11308449520718913
0.44855748061016365
0.08727846569241537
0.49222692566508564
0.12170437704948023
0.46066134422291577
0.10973599643697994
0.50200496902480229
0.07368964621498991
0.46090438968140202
0.11122142715967345
0.48992367580067425
0.10014286987051403
0.51412346592776537
0.13934855311098940
0.47226714729503749
0.12671982188626391
0.48797758629666155
0.05930993165708520
0.46966748875568998
0.10248956603870027
0.48747661616123655
0.12223051987011750
0.49070882116881337
0.06529882512878517
0.46942619832514698
0.09886119535454001
0.49150897426264828
0.08192399165531489
0.45211639560274186
0.10744728741109724
0.46630681842697458
0.12428432423829060
0.46265879596017406
0.10860210314951486
0.47283301963275931
0.10783816943348504
0.50060280994164175
0.11055433953003013
0.46677109859460586
0.11626289946880386
0.46981963468730981
0.05881363379126654
0.46847322137313058
0.10410803294631951
0.48952201419779390
0.11492634596585979
0.45973500410805462
0.11487900143912445
0.45829987424057045
0.10953229999933137
0.46355942965464575
0.10486986773830287
0.47347553575401191
0.11846004697461436
0.49236817056448340
0.07819970469626052
0.44001602588134986
0.10993882335270530
0.46028573232803388
0.09926383779228964
0.49129402913944520
0.11800174086345250
0.47968510056190050
0.12092512655928950
0.46767395517083554
0.10138719438066916
0.46137757182082589
0.10119800837839499
0.47808041303760185
0.10513761754890488
0.48983509736117192
0.08092008859376749
0.47246880929462731
0.12482141513849973
0.47070301958139588
0.11286291759052923
0.45919592580058755
0.11301246834367459
0.48128861761447739
0.10624016370847060
0.49349842785736420
0.11334260054789878
0.45030656411819642
0.08355052856803336
0.48930169140008889
0.12116628818186434
0.47197181233738761
0.09770117124735651
0.45828260876275884
0.11086378869400944
0.46231127834619756
0.10326857006470481
0.50866649534186970
0.10603340793985629
0.46360276035337883
0.09983428055250773
0.48029165906707572
0.07660369480772708
0.46487083972085669
0.11014205277746716
0.47943117229814369
0.13041324943555982
0.46841370149352257
0.11283218319078690
0.47068479230966137
0.10080075761217963
0.47449517896687005
0.10754874019223548
0.45978259821425604
0.09735239403560819
0.45781185763965854
0.12107478147262435
0.48082512315813680
0.12560256079839285
0.48525223992490285
0.11646905458429117
0.48058487491117546
0.11501491651864845
0.47294243828680776
0.12122195986033631
0.51234781322362366
0.10257452993019874
0.45897236222392979
0.11473644155004910
0.49441962477118800
0.11665158916857454
0.48076070225653056
0.12605233321945694
0.49031531621749813
0.07294846940992274
0.47090927042380321
0.09954679845595175
0.46042341250667962
0.11441758227362418
0.47762802980592939
0.11158767461772562
0.46914540215208250
0.11782317734335665
0.45202466231380778
0.07563464989095599
0.47826210694338228
0.08626636440978382
0.47443923578624303
0.12609609464465929
0.48143576250671150
0.11337490258364860
0.48281145124906188
0.12759732485494280
0.47591599442085891
0.11117587840060836
0.46117038910964281
0.11666918211754138
0.46675344557694487
0.10866121858103843
0.46146732966678211
0.10907724926750978
0.48876532627231128
0.12654596740006335
0.48295557913690668
0.10241452256156719
0.46047081661640671
0.10367651646472992
0.44010963048769092
0.11186454545117809
0.47236218080429893
0.12351894959533402
0.45798293245854516
0.11088856807645515
0.49806816500682299
0.06957101696635590
0.49728590292286640
0.11006871506456917
0.46484895384346547
0.10799842364117884
0.47746662037923793
0.10103955458732382
0.51654454263934213
0.09484453790674945
0.46757118457775082
0.12481461865190770
0.45871418084377658
0.11504006375928930
0.46863773413467291
0.10983349535735841
0.48586311801423432
0.12798417201512713
0.46704167196728086
0.10789194635305401
0.45900613455700723
0.11116083398457914
0.46881279467014586
0.12455856435726927
0.49726668653872386
0.11986207780105476
0.46676098346394868
0.12517687345391626
0.45490712303422898
0.09882512509467739
0.46256375577480452
0.11482258819990837
0.46758748403578571
0.10454853269581932
0.47991122465266123
0.11873476934383990
0.47495239136296941
0.06625770310612517
0.50534622695484732
0.08288935985342166
0.50942682731782585
0.09513554727289558
0.47594987137785144
0.12131922850631904
0.47669953830786732
0.11749161392530885
0.49498191735199776
0.07579389325584721
0.46840720780521988
0.09823530491962193
0.49687299372262728
0.11072416450991732
0.48197592400749273
0.12883939889563895
0.46447671983806244
0.11377306253561206
0.45948425698538548
0.11272395818713148
0.50726687123064373
0.10421015330828926
0.46717921422822939
0.10110635001909643
0.47597475571023323
0.11076211457290680
0.50020242316450747
0.10923083126905767
0.45636395044870692
0.11568881203940493
0.47259385600320658
0.09049432672519733
0.46863346841015957
0.11842058028804418
0.45078458448307057
0.09198315009983099
0.47681889418659590
0.10298171296893102
0.46572934714547504
0.11378316831937155
0.43632432306700908
0.10836393617903407
0.47371949817543013
0.09451683234170510
0.50245028289494020
0.10279983739309465
0.47115921238468411
0.12605108563927819
0.46367807626296209
0.12108162710211469
0.47407097648187224
0.12411100974558756
0.47170572927265364
0.09483903627935655
0.47787408129734305
0.11310407152217350
0.45706751841586346
0.09242016330075897
0.46625401724724297
0.10764602220975027
0.46541463067332500
0.11814897758682992
0.46072720785908933
0.10566252438341493
0.47554043625948555
0.12339830064287917
0.50681312036724280
0.09396746764774913
0.47340020407199590
0.11472612498338720
0.47072160804027907
0.10721110195243301
0.48861030593613491
0.08695044349371585
0.46550857102131293
0.12586730802811991
0.46131113480906538
0.10085390835108259
0.47218521027395338
0.09498260739591322
0.47289299038592209
0.10910018614972107
0.47348499460436061
0.11909909125753354
0.47846791264934374
0.11342877499578954
0.46727692521851238
0.12523928615251703
0.48729457425537526
0.11280074677297584
0.47377427309211056
0.09794834482196425
0.49243954189041539
0.07697954683231759
0.48021038711791003
0.10563196512196943
0.47431528875740253
0.07396955729128307
0.46469078076076664
0.12476880555066146
0.47254403352626106
0.10656165322466990
0.49261141118798762
0.11898796246205851
0.47662568542877631
0.09128653378549126
0.45687523717342277
0.10569988777059054
0.50248692022713848
0.11364890154350217
0.48851479571933182
0.11325840080311020
0.46899065693005154
0.11102402839841359
0.49414645979914978
0.12403747233170231
0.46958872301554927
0.10354683169011339
0.46534308843096028
0.12328105958783260
0.50866919235649599
0.10240358070641217
0.51179277285434810
0.09798390567616634
0.43862693627292260
0.10448539513394975
0.46288303538675951
0.10901381650811676
0.47405425080293195
0.09758614315734632
0.49366522096757748
0.11398889795141404
0.44213286419616549
0.10563478876370053
0.52054411013416979
0.09894715681909041
0.46053449087128090
0.10558147917426852
0.50226961469948406
0.07643806804289852
0.51693714578629013
0.10252984040265542
0.45990666904751037
0.10649685668705222
0.50405042968461800
0.11121170005225753
0.46547927218083973
0.11834097143822672
0.49252413046395976
0.12618905596656829
0.50099386500192211
0.08883363239142950
0.46841055732210102
0.10169502820060680
0.46164677767600359
0.10478770465004326
0.46064029635157699
0.10601081709647292
0.49463281976426854
0.12152459993250495
0.46584020512929702
0.12257069153785667
0.48068685772297076
0.12464240427418692
0.49281642450760382
0.11888143258567632
0.46677979982849421
0.09568018976949734
0.50601244969971659
0.10623870139185690
0.45073601643830746
0.09825533094893596
0.46922798758384049
0.12499393399713399
0.50782944372239658
0.11010550017533877
0.47046185471005808
0.10565776607036870
0.47833950541048176
0.10947111890731787
0.50601380406948726
0.09610317211892415
0.44195091519550433
0.10673456709715132
0.47833573005599117
0.12471507544120992
0.47666862880766070
0.12427273356282262
0.48306937977747300
0.12449155376167099
0.46505077892987245
0.09967607064523226
0.44672961721650029
0.09745546535531728
0.44836507280770760
0.08602760441111119
0.50261913369855238
0.07923235982337445
0.46219884018878837
0.10396613817848635
0.45983108044444232
0.11051926004959375
0.49668042254585082
0.11911235209050514
0.47018551608309822
0.12156637934638911
0.49151672449449968
0.07265134334582408
0.46222571131965734
0.11111201585065225
0.49600269919177437
0.12405670806418155
0.46516663116126433
0.10056597810756984
0.44023871286366495
0.10957017571108726
0.49386342209268597
0.06802312222141202
0.47462221112402087
0.10442421138953883
0.43727864153131146
0.10108205487634615
0.46766392008911373
0.09736525089996076
0.46956195625854741
0.12211432504857127
0.48597222342301355
0.16401741334644618
0.46084582215674053
0.10951901475994189
0.46474148319360242
0.10171570375233630
0.45323991841117017
0.09410520501652853
0.46012579582283786
0.09598995681970260
0.50110280671267060
0.10648810707250078
0.45732759190698735
0.11223124067981752
0.48685012476660000
0.12613924279896671
0.45611138918037347
0.06437798522704279
0.50477658863015962
0.10262548175699721
0.46398860230442213
0.10942980549515492
0.45766941448565113
0.10769641800153056
0.47255110854003279
0.12334603105629548
0.45638905790340967
0.11431773558308482
0.45400248036996899
0.09521251841832762
0.48353225998838550
0.11171370735719327
0.47885986502566913
0.10115061419691108
0.46902912921487377
0.06290583297933634
0.47309964158413598
0.12369605864341075
0.47681038507644613
0.10464839454669739
0.49176207225331992
0.07580188294686663
0.50669981317513246
0.07710175448680648
0.46594712412938633
0.11691897975215364
0.46035853431608881
0.11299340816967958
0.46256127776418760
0.10476527559728675
0.46854174559834677
0.09146460681021944
0.46717472820388772
0.09528433242014005
0.47412010376842606
0.09921924990990344
0.49160207099056424
0.11234013619547523
0.48875160891952707
0.08295542257061196
0.47775668009941719
0.10636696212763867
0.48027470148364915
0.06108968663605174
0.52345710421791269
0.10348789307397090
0.48205937200011389
0.10488326082919396
0.48627446800997870
0.10573480755459988
0.47259485903425463
0.08317005421419559
0.49249499223886389
0.12008532491871256
0.46184925213002603
0.11228413392702778
0.50331809967766328
0.10891003104441628
0.48625786468758586
0.12379794415663961
0.46781665813446721
0.09879917644393503
0.47164229451973910
0.10053344991735907
0.47429084338430427
0.10544411833938896
0.46810146810303638
0.10047208652572995
0.46121185644378182
0.10438517105813108
0.50655933452995083
0.11117097964474962
0.46935410125575522
0.12052796058279920
0.48639865057739090
0.10972024275231657
0.48247202846347897
0.10781639049091320
0.47362502050321864
0.09144773142339603
0.45599753528242754
0.16897502939868975
0.45963300145513381
0.09015190296180733
0.46369102791087324
0.09952319487309906
0.44160821056040012
0.09639562490137504
