1.09106814939742280
1.13773969070179870
0.87725713219303914
0.94697599896473605
0.63052112352073597
0.69308645993134199
0.18975339388622323
0.66234775234810928
-0.21633452221695987
0.52778025304679010
-0.38838434095209429
-0.89093825798632753
1.86258417493231754
-0.80821419089147761
1.58566552304060804
-0.79207760662885818
1.38584591403585500
-0.76058855411147019
1.03405337313384282
-1.33343539931687993
-1.45219758616988992
0.64012757166468592
0.54959948945503534
-0.68383067741298220
-0.36108491677335219
-0.13102347583585916
-0.12163519611004073
-0.05277428422567177
0.11298193867095120
0.04159851352696154
0.06639426485227272
0.40982352170543401
0.09429003707248719
0.61265432731932412
-0.51376689790403485
1.97364779384582234
-0.97808231640277854
-1.25765642340230666
-1.16450251660101367
0.54834111190554546
-1.05793861633738473
0.53632586605078181
-0.79559500730059129
0.46395366717111408
-0.11923905517754292
-0.92096030320995315
1.97122191509782141
0.27799199061698021
1.79548809084486427
0.32488237376695983
0.57984958792683217
-0.54246388654841882
1.33816513149572014
1.66743934250104009
0.73720823299641869
-0.29891980945559443
-0.13462486403169482
1.41829402943312322
1.26329858989170041
0.44086716727488839
1.31195458822782696
0.50477403597797466
1.16270970932158146
0.60113258911847012
-0.18283763698018562
-0.85999436621193981
0.53697098675776700
-0.70361447689524781
0.58657238993141625
-0.57543506983831483
-0.91686820251966217
-0.02066988134469107
0.85364090681775717
-0.94520093689166162
0.34483726905195755
-0.26407200991005508
1.06878462650515171
1.38405382087910644
-0.31206581475889633
1.68926189873194565
-0.30592050889443861
1.59070051819430613
0.09933468802847503
-0.06082979714146793
1.94248398965157643
1.50299166298456188
1.79008305555523828
1.39663018094194746
1.80369504495737942
0.45170566619795710
1.70066477165524277
0.43371390887266653
4.22990672122872358
1.23411109961166865
4.38428276278691698
1.27406567829643702
4.15960836005270007
1.41001658872558355
4.05758620279223514
1.35077535598162313
4.11626983295110183
1.19077408423881503
0.84316641360125300
1.02472073980738365
-0.88338429050591627
-1.02797917052099042
-0.75495606431363227
-1.00834506477720232
1.00281791977688695
-1.18060621143328315
1.89341782445432405
-0.99566873111258725
1.78581627368853235
-0.93151527540870360
0.95064507384514485
-0.89200611033522748
1.00395026017137323
-0.74138893796505778
0.71195262681588145
-0.76759636059259539
0.34001371388259849
-0.69485253631258270
-0.65614475865158195
-1.48124394194200693
-0.52511155920195873
-1.24358574020546020
-0.48504774708789400
-1.13152865955700999
1.00452921637162329
0.17095823246307945
1.07368442928706620
0.26468212068210240
-0.14193086786618281
0.83345279570143693
-0.04730043286140452
0.79905084536259463
0.10244073353057717
1.42762999490475773
-0.40397436355561989
1.59434012857799345
-0.52864483285201525
0.42851995966730178
-0.52500520783395355
0.03166541150640634
-0.27836164258089063
-0.28121117039975618
0.06655486537112743
-0.60057774784725537
-0.16733504181966233
-0.79640456790404346
4.27557813563822275
1.46136738241021935
-0.78254279943047322
0.00570695180831429
-0.40281638910718703
1.66732568846407014
1.15242655878036304
-1.50843866161221896
-0.62516901125096913
-1.03639263022922945
-0.71323061399058429
-1.07689635042852361
0.85396906624226965
-0.08660662508257894
1.47903775610421095
0.46484896333182985
1.10428500984061584
0.56350869711834783
-0.44361698645330294
2.05636646108383125
-0.42270928217190179
1.92603941182395544
0.76164933712521354
0.66993836626286574
-0.01794686752555867
1.84535446198212227
-0.03387288833616540
1.57600716832370091
-0.06243874066763934
1.39662932726508560
0.83317643893349125
-0.80543209842763075
1.55641528786489758
1.37236532637005815
1.47038923378492425
1.27921655408101587
1.20582835822852186
1.25894772021977319
0.06095043173086753
1.30649139822615235
-0.00426980261032831
1.05362005351513277
0.02228535965688417
0.77067628982308345
1.23580008424653132
1.77789849255615451
1.24090774370932411
1.57754013065348686
1.10874685046477528
1.42467985654095974
