0.75464961841274281
1.87996929369026300
0.49773091033688688
1.70978790246679724
0.30954683355472362
1.52519311340720121
0.07792479132949183
1.22589612751157961
-0.03962086372153182
0.99981580309024964
-0.22458311772772022
0.71048573502093082
-0.30650512954091191
0.55867213741787169
-0.47331463410596281
0.29972006672051610
-0.52734695556300015
0.21965856596849756
-0.62275572063721740
-0.00039362535621609
-0.64591412182266295
-0.08942421525310985
-0.62870296235692080
-0.37554674429460266
-0.55239018767871317
-0.53029585751014308
-0.64061027514890412
-0.78099426075369172
0.83800164364781016
1.76933859822158301
0.65135199529027488
1.62993892409546115
0.36997448891396645
1.36020574907375691
0.24586374251302801
1.14664215395164604
0.09780317271899898
0.87540164538855181
-0.04274297830932104
0.63464036928618828
-0.21985736083010518
0.39164292865798561
-0.28835107807814514
0.23080527268367812
-0.42234428228199300
0.03975076475616569
-0.45068465710700994
-0.08051884758312508
-0.50386988539042432
-0.29349273424756239
-0.45285264201513531
-0.44467101798528202
-0.50841883945728206
-0.67458287280836116
-0.40210751436386849
-0.84462440976580788
1.09293703712902857
1.67162113257267531
0.85964659253215470
1.54158952940107907
0.75446626792365468
1.34877014068616630
0.47328500645724408
1.06981868144545134
0.39362992059185903
0.81645694467683239
0.21212480129303557
0.54825138440781429
0.10947095888050885
0.33910647801773186
-0.08069242830109705
0.11793814712179226
-0.19770392504318077
-0.06102077739186892
-0.26827713534701464
-0.24276303779717143
-0.25122282658886674
-0.37652025387984400
-0.33429994990328782
-0.57789473951468695
-0.25519347481775867
-0.74643316715406727
-0.27222593344636453
-0.85551144312718186
1.29123671813371077
1.57104993020317463
1.17718750242946646
1.44727734047925560
0.96712385243388754
1.24548348525988861
0.82817686253948875
1.01362504339990389
0.68875915348459993
0.73844043130364412
0.57455520488068834
0.48591584494623419
0.36165793315594547
0.24500819217735192
0.20186625864212981
0.06446597850008146
0.05061307461057711
-0.10845616200298820
0.06361328306544869
-0.24739042410267320
-0.08557734396180376
-0.42502891439242341
-0.04144437859543189
-0.59943609310855095
-0.09376547193764843
-0.73527491971497172
0.05937760592571972
-0.84493308510977649
1.56602312214966566
1.43617194380606783
1.39698859994618263
1.33584423361951399
1.30123845274365113
1.16520143897513861
1.10075242205184143
0.92146867989266679
1.01373763984391019
0.67462960830291352
0.82021559221338591
0.40638254696167719
0.66483018566453866
0.22857139736214213
0.48234972141860422
0.05308251388979335
0.31036999401287357
-0.06370218641100175
0.19602665472287983
-0.16608703465055269
0.13173477688623550
-0.33109865114703774
0.12340660377110826
-0.45309835206991755
0.20823777751581035
-0.68193344706672387
0.25486509980752492
-0.77067590304183919
1.61390775724430569
1.27997554110698686
1.65266149466452328
1.19406385597937881
1.44305501263321512
1.06281592405183556
1.39941682532743283
0.87502094871133085
1.22618622427055168
0.62252199381381190
1.12393129208285858
0.45527095443418886
0.89379777986580966
0.29911135458943117
0.72946936069328439
0.20303962427351857
0.46875651107594662
0.10802377043012225
0.31601907879038582
0.05061295298841083
0.29228149818112703
-0.04263249416250585
0.29807458128959236
-0.31218387607799469
0.36986116970296140
-0.49373309219162387
0.56120179811184856
-0.62362960624542463
1.70380825159243199
1.05375740081588032
1.65052086347990867
1.07580808262553229
1.49488657105594713
0.93592001067963537
1.47832755196119425
0.85565887755713987
1.29539643715268538
0.73963572401763444
1.17032060167210172
0.61511894181530191
0.93970123218054713
0.50954730043950935
0.73823418817901110
0.42352804736342775
0.52669344390261552
0.34265504735682284
0.36438407771321984
0.37667752149743106
0.35358146661038881
0.13535317954939818
0.41496295610719641
-0.06170414254419194
0.52928975116464494
-0.36512161563709333
0.64676896485197211
-0.45731002854726777
1.50324539574816618
0.76310909573133179
1.43655088546129250
0.88520885980214281
1.35062672974810138
0.90641204515382290
1.24031584041637899
0.92509018766339990
1.16574162470913789
0.88084143389203096
1.00172588287647568
0.82002834530829738
0.90117329424940606
0.73862030247153621
0.66452148382072507
0.67868019691231818
0.51668330969696097
0.65609913061119707
0.36659456759578968
0.52643569895371245
0.40609776992679930
0.39794867767994796
0.47294742935218648
0.02969224758691862
0.59862794777849304
-0.08556168745091770
0.73918359176817716
-0.34045958634509987
1.31018836211463841
0.62177753240152511
1.23839492561970310
0.74190118695362262
1.07619603419596577
0.80201722769851536
1.04765624478077002
0.90998299369127467
0.86016138192778302
0.96544801002221348
0.76968790435310797
0.97892902930195735
0.66148703000122633
0.97537369122198325
0.52619655875519467
0.93105692414259955
0.40797736486403546
0.83477639538303339
0.39486856821585475
0.69947619121320359
0.44642268936336982
0.48525489512235670
0.54294808727486477
0.28830164328647789
0.67284214581352753
0.00095102294389277
0.81944029384119721
-0.10988696321846943
0.97682449805798244
0.44665918507859753
0.89819634232956658
0.59535697528550002
0.77137621644561427
0.72811633808921783
0.61587829110948711
0.87369029717792379
0.52931342809251358
0.99157815183847942
0.44315290021270826
1.08690942486591458
0.41310267817589080
1.15084214009023755
0.29312350730103853
1.18364456579186861
0.34025543535181374
1.07725865242079188
0.41101980977822417
0.91313452690720287
0.50376777361953440
0.71418014240842087
0.59161179675630537
0.49594998007843716
0.77136760730822795
0.23254169261656726
0.88906853611546599
0.08479384664115937
0.67634365536032037
0.34338314620627264
0.60057263310185571
0.48408668457643372
0.45298944020255744
0.63887063696390090
0.32744258949075788
0.80112757750544894
0.16427535442872415
0.95951227218491064
0.18925176394817614
1.10872768439073988
0.11495847114988274
1.27195914231892604
0.22044547089764255
1.32444068118445801
0.32749178281629898
1.28320753065224369
0.48833848969939697
1.12367820653466643
0.58604176763707094
0.92397980248941047
0.77485315137911071
0.64195705120566626
0.91041326355635654
0.49194890277884240
1.03517342539287549
0.20666767271476855
0.31013244955902258
0.22051896365297863
0.22790518087971706
0.36204595936355988
0.20617636886330781
0.55125081098098150
0.01281844282364283
0.73014008170025735
-0.08950588358265882
0.91645398906086872
-0.15828172613889285
1.11926530821725789
-0.03467727735528245
1.31757540063683676
0.06576111959476683
1.45126919181726377
0.37225482009790789
1.41736385313942859
0.56729707138230101
1.28402153123866558
0.76572168192269707
1.06481836086152071
0.89406958072986087
0.86429173627421796
1.07807585614889034
0.59298913625597804
1.19405121087115829
0.45349298064083154
0.06802726235898242
0.14629753953327440
-0.01903305056469963
0.27017610028591121
-0.20230832117502484
0.44179084111792688
-0.24382839332945017
0.64793596978110402
-0.39766347318056428
0.86837766916144621
-0.28998117145703400
1.13649952043348135
-0.15621277267411426
1.34200159492116411
0.14944483461524000
1.52047750642696045
0.43405414606148029
1.51512613752050096
0.71254982203976114
1.37858201750230025
0.90760898747036411
1.17615956298155644
1.10550823553725386
0.88105563582521751
1.21974402529099946
0.68383204915985452
1.36161581403796772
0.46438886951055891
-0.20920785709525558
0.04735242726035159
-0.29135851098325471
0.21746724368184378
-0.35881987129327919
0.37903155881719414
-0.51497449515327409
0.63234989170615785
-0.42521771038939921
0.90808765510246858
-0.30736550070392304
1.17439604018215049
-0.02251140132567806
1.47401143881676977
0.25319750662231877
1.60922498192395835
0.61319764659095288
1.57126333754650283
0.77220345446051541
1.43844883163421344
1.10020474478911123
1.13265074550939726
1.22508743538148202
0.90433944771617769
1.44652850168878566
0.60603526702271182
1.47169128143216477
0.49651576266901204
