0.93175805039471227
0.49691009740600561
0.29814509301728798
0.26866120208482597
0.60309410542559694
0.46345852460780312
0.59669469615149850
0.67141143129201020
1.11921308696895272
0.40130867810846454
0.70677380226032605
0.56994888506607833
0.88019168325509289
0.58435665547832727
0.52040067746254970
0.63930618377521253
0.23285295669703587
0.57968847889285036
0.14986916735450423
0.10304058105648398
0.20911743372865393
0.30870412006706410
0.18491174553702561
0.10479523898237056
0.02017947622461888
0.58632755968949080
-0.04044988133098232
0.30502609376964818
-0.08888065260292015
0.37078977089740267
0.15977875036536876
0.39603864580685766
-0.01958585863416276
0.58520097135623861
0.27688417979230223
0.76995454770012384
0.56172885820300122
0.79450643280816913
0.22599648983504428
0.47190479854075790
0.00065031916243186
0.87893998737597723
0.36414273468525243
0.98176095791883766
0.47280754416548493
1.20452589534309196
0.41669608201894198
1.03861211084580196
0.56324596838399243
1.13519323695632823
0.94933088247721487
1.04973269734912900
0.62923172948066475
1.19863613145251269
0.74071329042782486
1.12769464484043724
0.56698013174060147
1.07744690100735796
0.62414635838121435
0.99251475651517496
0.61126231830291478
0.81291348047013590
0.33497818247297911
0.77954776444367957
0.65028650405310029
0.65161015218045548
0.11292681241438235
0.16290730869496353
0.55173354866133884
0.39395394785062826
0.16207301675245694
0.45167464696703091
0.41413152316206658
0.69050910284764211
0.44160047517090611
0.74508477587119559
0.50934849553879180
0.78969816292250106
0.76090027528254933
0.72570468052623671
0.26118033557775366
0.91084437831751330
1.01595978910376572
0.54358665431907705
0.92587637306084647
1.20907240877805533
0.75316219803079387
0.90485935644609117
0.78960310785628096
1.02410341358055956
0.94331227305188980
0.88405971386136795
0.73785878591872878
1.16332635077720692
0.83354174720846808
1.07408576589277693
0.59270600255052841
0.92178863524838683
0.92368884859234490
0.91770341811057843
1.13349284646658210
0.57721194364635253
0.66656123397496914
0.93657414705588027
0.52176659433004691
0.87938559222255108
1.02524171731587344
0.70574285606838594
0.72148568479969832
0.69032219974980968
0.51093150526181352
0.22518030560640193
1.03429431890426993
0.14823305855115002
0.62362240694224769
0.01939845144674898
0.69984433178775862
0.13685669219742269
0.61064936478894749
0.16382024261616979
0.56802301323667403
0.25006562576557934
0.53997584796319364
-0.06982999534748911
0.29393540660918982
-0.03993966656976516
0.37424043916568817
-0.05430250009248277
0.42082561832398374
-0.12075033900349774
0.50025059670355343
0.07995157894009056
-0.26348038900405701
0.45279325829556816
-0.06312362744009647
0.20372973657778604
-0.15496011060815865
0.46111702266294219
0.02543088583557106
0.48065884369135248
0.06195246181254115
0.61827538543272642
0.26669610094585922
0.69940801143225040
0.53825842203489294
0.42426952875881385
0.73007323884869202
0.34807883424516950
0.66764763686730011
0.42947458975065672
0.80907934490232292
0.62525791292564514
0.10272186030454215
1.01426227467191343
0.67437097235135779
0.83287046120647734
0.25725074350091648
0.43857090134110932
0.46459175023809662
0.59478576896616864
0.75731263508472824
0.57654458066980463
0.88664388240047787
0.55025721268468319
0.93098605148647495
0.40477706634171196
0.97346867669674930
0.23501888288189487
0.86703902653662257
0.33167527544679004
0.87958482184063924
0.44540289350996648
0.79037265974136617
0.72658829974044503
0.31929216123028314
0.43694651749795577
0.50767205720112618
0.68078917048209431
0.45588613920074006
0.32769786397518469
0.61904427295615894
0.43964358411371607
0.24998302715528528
0.30038022882217780
0.11011238963693017
0.57021904278631030
0.54330891004010917
0.28862764660629808
0.68822719675711608
0.18387541934772886
0.79471397457363613
0.36210578748929156
0.81220797977817971
0.42792088612928891
0.90735840923395383
0.10954596367202192
0.67390253014116996
0.04467472322641607
0.82771014194096704
0.18194018526913769
