0.43034429760758314
0.62795416193429010
0.42983977906280629
0.61348929064136160
0.40844597025274176
0.61732008509662328
0.43867461690694931
0.61276240884243782
0.43620567348483541
0.62224140784692994
0.44274249957693346
0.62987188189645982
0.38976871209231295
0.57299351752112082
0.42729188587671030
0.60089379113885866
0.41614054209648621
0.62055383520995711
0.42396785292623740
0.67146889806408894
0.42678407920193351
0.59106424973678662
0.39773042142878223
0.56472196451939649
0.43200430816240026
0.59209159430924063
0.43348916520076364
0.60217882768053310
0.41014979403961471
0.59865576472164717
0.44372675506056836
0.61731051681858595
0.46305585251554143
0.60947019674960101
0.42883482248050953
0.61048909790370931
0.43677017845251592
0.62303382679157204
0.43538201796515302
0.59900067922124012
0.43142447966744019
0.66212666758275129
0.42116797542106293
0.59708992148344242
0.41837330196004435
0.59404513477086685
0.45004715386282235
0.61230535329343805
0.44310790954201301
0.61331959679353154
0.44268735224411360
0.61072728876737492
0.42523260132988905
0.62316132105040534
0.45036729931823660
0.64690674870974763
0.44393110708416084
0.59143523424075561
0.47236223538819389
0.64577148766249870
0.44308204599001255
0.62256236271923671
0.43838897035741464
0.60275629171833967
0.42086550152772173
0.61355163179643402
0.44664027141009399
0.61636484337071828
0.43660945191859257
0.62038797711430216
0.43897890405896822
0.59504328677168183
0.43682241125384752
0.60736220381220041
0.44086608209282707
0.60950557485606460
0.45311356935743141
0.60744825915311795
0.44842340542368359
0.61239686755338396
0.42083767118743554
0.59523905795680421
0.44425646891579396
0.61414590344327014
0.42449291844416659
0.62743755050396288
0.45402699695955351
0.61508582253556465
0.49917683268632868
0.60317431690676948
0.51370020459488608
0.62048004110207700
0.43259329659117612
0.59855552329084305
0.44809200339601762
0.60362513358785330
0.44368319790376082
0.61590153014262916
0.44372589947635549
0.61045617195720836
0.45135737142258869
0.58236674262963573
0.44170634584743629
0.62025224517039801
0.41650594746565767
0.60648118227682957
0.45281934524919865
0.61601667219175416
0.42190537931597910
0.58544327731793333
0.45330257125991608
0.61766769810585154
0.42448153455437743
0.59454375741425936
0.43988662981948279
0.62557553980046032
0.45774418885156348
0.62440815793435045
0.43096322673277776
0.59005299913790976
0.45173035433570496
0.61195690727106411
0.49710306690384287
0.60986243274411023
0.45384290476707434
0.60750704368231134
0.44847137699705641
0.60553132136902610
0.45608866902081358
0.63672958356537757
0.43329079327509962
0.61973027496344046
0.45615386607495079
0.61631150780874500
0.44371961381348141
0.61002115694367309
0.45379085406113306
0.63081313654510629
0.44975828209707064
0.61473043042592879
0.45384665516576306
0.62041215690240425
0.43710275982069374
0.60890766360711412
0.45311479761648576
0.61026088168280435
0.44569255903068183
0.60646407022881266
0.41705463131782627
0.58753876728534604
0.44716294949362512
0.62236028448074499
0.45272969032935645
0.63881477012028764
0.45712820439495738
0.60968439362320348
0.44548285680840294
0.62335738989203393
0.43867874266371976
0.60870027288490658
0.45383934435393353
0.59577994739184370
0.44583983755150597
0.63768062212059162
0.43938777170080068
0.60375780170511895
0.45584666927734430
0.60950858957792875
0.40591584600581537
0.60577158438847678
0.45158279969936638
0.60552304531743140
0.43734479204728965
0.60631523823275346
0.45177582803029664
0.60444174852140586
0.43671308012906790
0.59825158163329595
0.42043381784772427
0.61479255593688698
0.43956000671417528
0.61111709837238037
0.44128153332750303
0.61466929562842543
0.45115435535921888
0.60894494140335909
0.48065370379973588
0.59962021487459083
0.44787720642638862
0.61670680867320404
0.43149198359525176
0.63162803284118352
0.45376057629496824
0.60763446819198308
0.44729720863059852
0.60846452704844411
0.43610938160767915
0.62196117012475438
0.44512311328208520
0.62159806945236751
0.44163627234340430
0.61248342607257511
0.43378066247248853
0.62387183160939130
0.43583739394161969
0.61053810244910467
0.39368615264005030
0.56688910574091156
0.41327093229144213
0.61553555516565461
0.41805441250907893
0.59936815399293697
0.38892811464891525
0.57765450728068801
0.43205021929845022
0.61959593921037848
0.44788787542796937
0.62825353595423361
0.44438639197625013
0.62366256035255041
0.42169436053537851
0.62545745272095010
0.45453841831195091
0.61475163429657631
0.40641775817191905
0.59979460556569120
0.44727874877276114
0.60554964379946197
0.43091253538012225
0.61814631781204399
0.42997219589055413
0.61544719987122110
0.43509486102914435
0.61086373324982413
0.46394844706692923
0.64186730182188467
0.43155151339686781
0.61376011550100051
0.41678794049456352
0.57150880828816386
0.42296985212439381
0.60010567471016107
0.43148765957133506
0.62722973756859801
0.43642533785171977
0.61316276791553903
0.42222629571508075
0.60673067167130135
0.44254512060999757
0.62246044763463626
0.41099742835204828
0.60428224200383240
0.42578658485959797
0.62427402832267831
0.43683231317922805
0.62173587658103269
0.43034229249092426
0.62771951854696373
0.42119681936541992
0.60677806858752192
0.40349527205986890
0.61521255433657651
0.42422220392403215
0.62744500455366203
0.40778447807072432
0.62291003135676626
0.41828371148932891
0.61336437013515033
0.42839061073112766
0.61865942572827892
0.36806670843516576
0.57945876556677722
0.40217829131153554
0.62475427884613710
0.42903185260152499
0.64534722560135704
0.41366182580715027
0.62161720786511099
0.41618361042773722
0.62379245943510231
0.40925084426310626
0.63605020740898299
0.41247774525745046
0.63164092184573006
0.35763673374792881
0.64150808393279823
0.41197181226066720
0.61462634720420528
0.42151783070128818
0.63190687272124879
0.40650186310570613
0.65026794821532707
0.40513191198535969
0.62283340908744034
0.39843030145948610
0.62520344259928595
0.40974342797154473
0.62948808066046291
0.39765592619411083
0.64410828281681642
0.41876609325762532
0.63904534456926454
0.41478993225889560
0.62580934227338036
0.41158559289321606
0.62864510025771825
0.43122400513659759
0.63515724598299284
0.40766967883284666
0.63290069739568633
0.43406795255079550
0.63452861269194960
0.40684546668264521
0.63794159515462168
0.43290713194607200
0.64153602324232428
0.42357836432923623
0.66614355950630511
0.41123797116576599
0.63828525129079716
0.45172261304095607
0.64596126581826541
0.40782273535420116
0.64991112866902023
0.42206782615307137
0.65142780930544675
0.42679375882094234
0.64245364196063059
0.42014245628963132
0.65403440559005699
0.39531162475190773
0.64083100052097253
0.41917555091287750
0.64898237250088220
0.43089949510065295
0.66478364564480374
0.42371648355755603
0.65908166141236713
0.43534033317242860
0.64301316637948203
0.41641991577911358
0.64482062776265592
0.42231316203252928
0.66195157646489877
0.37790157782870987
0.64171071446991068
0.42651817173103385
0.67077533812031054
0.40871517070616215
0.62771756953319047
0.41331047720134501
0.66362941094278083
0.43571301835154869
0.65652641268218803
0.39995777328371795
0.67403523043766755
0.44018974916851644
0.66388493226822953
0.43274025262838167
0.66594391697300914
0.39964691791790752
0.65932214330919336
0.41917877640363360
0.67265559451695101
0.41293757303621942
0.67114557761783755
0.42755884963301860
0.67514846484745294
0.45021957595498735
0.65853308593339388
0.43929591668574430
0.66018386713464594
0.44542392737333986
0.67140229163676035
0.43502941871872464
0.67227275921885099
0.42638131575388677
0.65986486919143617
0.42726300006029455
0.68028256721442570
0.42294906796455711
0.67181037657761100
0.44496541791580763
0.65181438544279802
0.42869248018174139
0.67124190821009577
0.40551527575029855
0.66115234139332624
0.44583401272950512
0.69060288427057315
0.43249634142829552
0.67792834002822022
0.44157933006346617
0.70152026054665984
0.44864140420880705
0.65828267485390768
0.44852287525800488
0.64367031342237091
0.44991083413567895
0.63917979133810321
0.39865979131289270
0.70101461537603116
0.45051968463787034
0.65856908934344016
0.42854153366121278
0.69189194528974962
0.43806597643069056
0.66585426040149942
0.45066652457407308
0.67953246407267598
0.45643316722279548
0.68759330237409610
0.44657945623555240
0.68577510967042643
0.45694017573116275
0.68092052429218997
0.46974390695368429
0.66847770467192069
0.46092697106198088
0.67223034094895417
0.44597026313899901
0.66975377008539483
0.45749394691888284
0.71028914882330552
0.47865478803450945
0.73186837560203410
0.45487148070365535
0.68123310643459856
0.44083592090962548
0.67593524635827373
0.45605184203473753
0.66795642607777461
0.44549313485006642
0.67983221598684096
0.45416521789732062
0.66192862934089858
0.46610294522806062
0.65382427640763185
0.45115021164938873
0.68287705551890343
0.45406308105587506
0.68735579733382135
0.47954018870670689
0.67786794245919202
0.44684832390415480
0.65295704307717317
0.46575893380744532
0.65212216247527588
0.45291524553950430
0.69415244710223400
0.48199211174350881
0.68841010307681239
0.47556243653397190
0.66834343848407363
0.46252161114966250
0.69753351115214690
0.48425813164296627
0.67097195195985504
0.48949689222708109
0.66694766314266574
0.47075189117464372
0.69574287640251509
0.46556181522656043
0.65801229739725320
0.47248773596039695
0.66943014990374883
0.44576689329897062
0.69894074196303957
0.46310036911862312
0.67376770455797619
0.46093197433133226
0.67903840683069361
0.48023175544218444
0.66800851915388315
0.45844862673322206
0.64997057115894996
0.47069912889841431
0.69033135022226211
0.46178766028925966
0.64933292874418913
0.48730867137018030
0.67518314663959256
0.47644793859123941
0.67061013065686759
0.48600202940175041
0.66823641750436735
0.50888851393837242
0.70063227161184027
0.46634783922289530
0.70104012578617092
0.48792094018078236
0.66496692130459578
0.48723898882395678
0.66519957536572705
0.48475723318311809
0.68568405562861290
0.46315706698087161
0.69889661310068552
0.49963244679281271
0.67083694397678617
0.46446253125872822
0.66737437479227402
0.50196259640548668
0.69726303048376093
0.49898642345940447
0.67745154443930233
0.51127935598171070
0.71102773107148087
0.49225934788426107
0.66548420753350102
0.47499669764095853
0.67245344213943525
0.48618080097878191
0.66215756245103496
0.50171967067578971
0.73531415161559865
0.49656851124109525
0.67564551040358523
0.48557618368709937
0.66582982634850074
0.49502160234883980
0.65867914178670572
0.46815046433599639
0.64549238969757439
0.48092098556492902
0.71570918113834237
0.51879772760914922
0.70857093546676486
0.50000713024422305
0.67169967547819409
0.49130800608575192
0.68758821230430756
0.47528653075925886
0.69887573061124153
0.49453922829383568
0.68094447245270939
0.49599162204295044
0.68787556143137685
0.48913578766642329
0.68037511656112803
0.50027849075199915
0.67002354316023705
0.51348794766307915
0.66018795004469899
0.48071468818059226
0.65390366522093291
0.49726790259815978
0.66472309082557468
0.49470700720412814
0.68482437201682655
0.48755729661026076
0.67903079479686268
0.49599407897027598
0.69473966207747917
0.47676295871556507
0.65314154410822589
0.51726750551203982
0.69571050866726980
0.52453504856969690
0.69198348632207729
0.48001013998148317
0.69559201344479027
0.48869117877952339
0.68073032153338608
0.47326924628749684
0.67681658677389067
0.50181177643122254
0.64965531173175095
0.49912540321978288
0.67047312856015218
0.48151880569231742
0.67692591542820502
0.50435592944361973
0.68060389595374704
0.50776635870724329
0.65581864365839082
0.54960056889702458
0.72055041611612369
0.50947853826643219
0.65846987935284940
0.51805097384110488
0.67280094813810154
0.49035006733737235
0.70331733543166985
0.52039259770516166
0.67797347534737284
0.47945680158391357
0.67314564412759303
0.49426908294222566
0.66465379669670988
0.48960069812120699
0.64961129877459844
0.50371055299554535
0.66692165136263482
0.48580212604971340
0.66614349140903450
0.48755665712207835
0.66106500773804999
0.50836799877936645
0.67529393537578608
0.49803200248237844
0.67512587933740897
0.48493281600808236
0.66279405250064372
0.49904557950664380
0.65910663019334781
0.52134734532863614
0.69771245764670509
0.51806135844920775
0.68399856039661622
0.50658431510086654
0.66734566764168879
0.49352288144547951
0.67839170134448623
0.49151873546868252
0.65234314394883508
0.50664597993482086
0.68690396990804714
0.50238102832577225
0.65750750488143517
0.48834704249328081
0.68459677210703740
0.50983196891371441
0.70769718612499199
0.52239360889166586
0.66925628029012318
0.50567742889298728
0.66284036353786147
0.48076441423314553
0.64835470727449684
0.48614075883725094
0.66920464832057092
0.48802682103424289
0.66713787741862385
0.50339521647445262
0.66016885927118762
0.50843887598929771
0.67360545597182997
0.49083405155806659
0.65490116344202587
0.49674841040754419
0.67010813893281906
0.47571697368747429
0.68688130366513533
0.48282204483265745
0.66194291440067909
0.49418513946872022
0.66549539960091764
0.49009250001685906
0.66950604748050402
0.50094663304138742
0.66641820344016600
0.49587371473402764
0.66088623389053847
0.50447965795304872
0.65348893613069914
0.49081564863430033
0.69475377790098147
0.48873168308465043
0.69861314096058391
0.49166898046246771
0.68741333543951877
0.49252563022282148
0.66459798475810350
0.48285948090903008
0.68270839323397403
0.47440290058958468
0.67485009058826029
0.51724564930258210
0.69353098969677551
0.53488059762628992
0.70491938455948644
0.52129707728942276
0.72036976249376183
0.50066294397818967
0.68044671786534783
0.50433285854332888
0.67766420944819050
0.47674845390058040
0.65693971640030402
0.48336837026732843
0.65677167977425810
0.48070166330906483
0.70197218006644324
0.48222298319463142
0.67780207468542353
0.48469162165621144
0.69602329897485449
0.49259043810533842
0.72682464326147755
0.49439912800886698
0.68592098884241415
0.49172565864651097
0.69273719083402541
0.49981432424122091
0.69642553512561078
0.48926028817299405
0.65974328110691571
0.48330590756710329
0.68965901196083534
0.48036739617957541
0.65874201515279729
0.48925839433895629
0.69817035317182219
0.50626016447907429
0.68079361966163698
0.48464536468115071
0.68159502271148897
0.48866769858049330
0.71545566591115317
0.49245279192327440
0.67919612456720135
0.47412594234309080
0.68834435972858066
0.49095484326650474
0.72048636214345441
0.49314042836938754
0.69555768870849444
0.49734104769097393
0.71070265581335423
0.48122647706431426
0.70362755445539171
0.50375919160809934
0.68430614188940475
0.49188439407887585
0.72087325854152651
0.45477852167444804
0.70311151593690535
0.48082808355940443
0.69014915843110347
0.47519551604700239
0.69172841967162935
0.49189317513069658
0.69134613212364349
0.46918996431313048
0.68655415974482248
0.46628737280867705
0.69917435404539929
0.47857873857249933
0.67527156266542032
0.46704381596000571
0.68184755862888147
0.46459128689808321
0.68481368159485323
0.47003802327819061
0.68998722096493070
0.45737256073015842
0.70010875246466653
0.48108253158820863
0.69973446411111728
0.48481278162126162
0.68355381246458191
0.46333291956471001
0.67900348738097860
0.46408015970825123
0.66162195025831683
0.47027520615836360
0.70568678190116285
0.48369747062008639
0.69976802515861358
0.46105621553479725
0.67379206987105866
0.46245175958703705
0.70686101669664270
0.45840030419929623
0.67544945378478249
0.45869406993976580
0.70408359625530914
0.46799400577048039
0.70053358275505717
0.46194770932985108
0.66846840800669827
0.44217743766654466
0.70256680143039640
0.46479104383165964
0.68142762489568520
0.47956964334561775
0.69219144159536361
0.46577734765479906
0.70253761021342709
0.47234114864613924
0.68421718617073535
0.44380085857969948
0.70699138436479947
0.45228741888282359
0.68922266636280127
0.45609137667683808
0.69317150630752866
0.44638337487529167
0.68267434756239609
0.42702496822414315
0.73113552818558847
0.45429737847616775
0.69105887188671100
0.46419373639804262
0.68985366483729738
0.46275033872541421
0.71264467586920555
0.44023996284435851
0.72699116531571784
0.44666644540351652
0.69617638425685147
0.47089720702531118
0.67474660434812861
0.42706287011425204
0.71585946629750452
0.44020399701708035
0.67777131454892670
0.45564077789298335
0.69256457193227827
0.45351830024788342
0.69702328575347727
0.48119240816805275
0.64559456644430258
0.44131690057542416
0.69702638681456364
0.43841047577366909
0.69923094445368106
0.44788343772643463
0.66814994019234197
0.45989609372807028
0.69455342385466046
0.42034140953573357
0.70143715595922063
0.43937495207605631
0.69008154521865994
0.40946951879853000
0.69914609052156984
0.44064404180484767
0.68448236392782991
0.43844789780588656
0.74014805663983929
0.44027548638188330
0.68612368752639252
0.43423611483257513
0.72916358221573718
0.43175253679730552
0.68274463975542687
0.43583494727352889
0.69699020053759198
0.43607263994946321
0.68827702154902326
0.44737794719083634
0.69186196217918761
0.41730736927657647
0.68153792688997483
0.43056179830602098
0.68933885205937484
0.42578590927181814
0.70235472199198701
0.43484431713087401
0.68699377141165252
0.42832642663548587
0.69273002169979292
0.42667069811161046
0.68848578507397906
0.42837692071887146
0.70045169394871043
0.41530943166614720
0.68227452212166373
0.42620202065402196
0.68999642943743833
0.42393699947640884
0.68904998424631636
0.40418185775338789
0.67381878358180813
0.42984704527374185
0.66436587864791607
0.42708666715972987
0.68563781471568075
0.42081572047561244
0.67050562368666422
0.40093553494348971
0.67875190939402164
0.43276979889482187
0.66868790572767312
0.43415956995479998
0.66816032212144816
0.40170263352653601
0.68595519010399120
0.40153123660443302
0.64980315154388035
0.41454071252909935
0.68335619432257788
0.39993704684807985
0.66295067167857524
0.41113361786108693
0.69615402795490078
0.38302048891074936
0.68719050634942747
0.40489440049884917
0.67322629202443407
0.40519983663003101
0.72783308372858224
0.41419486133172839
0.68860333837387011
0.40888171146819169
0.69485458889755991
0.39016331308287383
0.65020306305828901
0.40852535076231317
0.66208711671625142
0.42363150455506193
0.66213642192879152
0.39777241211886116
0.65030914479254920
0.43115341982443084
0.70275688549207116
0.41072230848810087
0.67362652083915353
0.41005564497030955
0.65271514488882987
0.40214825791374376
0.68473883415075187
0.42423172100328621
0.67398332126914018
0.43634169359027075
0.63561951031578334
0.40450392833627880
0.67393928177908591
0.39861675645776806
0.66928677471389508
0.40519303496638903
0.67281139719663940
0.41108194601095344
0.64991931595185770
0.40054472618011666
0.67723987020861343
0.40156419764066476
0.68216996298812482
0.39842826224097144
0.64945401130901892
0.41129415767360056
0.66633870390545757
0.41399551812783025
0.67184646027002493
0.41433650736561262
0.68574009245268719
0.41347572047293646
0.67622576994424399
0.39720328907702018
0.65823577092588825
0.39317793408011070
0.68670900335399854
0.38923442316883405
0.65421269468587118
0.41827903524940468
0.64420270374034150
0.40705623715803435
0.64374107288721139
0.40354203581517101
0.68072495940365940
0.43132702057595373
0.66090074037144564
0.40076428188389801
0.65543397111994750
0.41024057555890581
0.65694003940924961
0.42827848725615553
0.65475139669489479
0.38962634333470403
0.64346992893672184
0.38727190306231785
0.65187070112740353
0.41487388216909110
0.67103917113937539
0.41388388492437278
0.63915661617128672
0.44627357365184495
0.66149617170699815
0.38812179530969415
0.68460416628047205
0.40977010120035323
0.65784582289435012
0.41517757661064070
0.67405481103150333
0.40389617938948164
0.67097195796103282
0.43978311143190968
0.66692304935917013
0.39334410492833799
0.66368322191156648
0.39883140821526636
0.66253614288467777
0.42138718806740211
0.65772639345281203
0.40793678005746481
0.65292781432053770
0.38507468606968437
0.68635966254726699
0.38424838965810459
0.71401699084078951
0.38421144739885749
0.67511617398172352
0.39468984374436089
0.63633334252630380
0.41644487157502524
0.65218358073263860
0.38875453445785763
0.66660755541685079
0.39199787767384781
0.68824497188309275
0.42142719799422723
0.64912233680798082
0.42912531285772143
0.68321829187260585
0.43844945577190947
0.67251576651939149
0.43406772646458969
0.66389226429794557
0.43555848607265291
0.66597638789065883
0.44824535964828915
0.66571620140008603
0.41356205825993908
0.66680739883768370
0.41145703805237888
0.69385140439458781
0.42677192235570527
0.66461349954037818
0.41578418168377940
0.66575759057281492
0.43777988166039317
0.66844662791968801
0.42054727241957540
0.64559593480237631
0.44738282708585192
0.64429109513719540
0.44054480395677759
0.66965438676298572
0.42179924066085950
0.66287714155416277
0.41808835393703137
0.64198955871550656
0.39416452335298396
0.66436956887124721
0.42057310349349664
0.67074355897343818
0.45690845881943110
0.66173029688177254
0.43410526805664751
0.68659078099666582
0.45145162966335600
0.66879580928199989
0.42527207793353283
0.68184361354054790
0.43491867477843693
0.67431370757377462
0.41387504224033067
0.71314130548060939
0.40656383324557138
0.65648742976418351
0.41518006848301015
0.69347466235697874
0.45055488076794459
0.66074069852994866
0.43658869939209399
0.72285398320857985
0.45475271444754245
0.65500188592057529
0.46361862013127864
0.67670427302159575
0.45068425773748716
0.66138500803434974
0.42924355137951586
0.67498713498633756
0.44632901197869462
0.66490210394491123
0.43284645031111724
0.66524781463584215
0.42565734530571542
0.64541433858685204
0.43823980512414334
0.68795069893121807
0.46765700466071303
0.63246978320530767
0.45844867498395631
0.67606777755736402
0.45554640518180789
0.64751840782106307
0.46362285112015500
0.65930290232250632
0.48384385937685770
0.66930183443330571
0.46893056174218084
0.68526140212428555
0.43522339550667816
0.68286709769594600
0.46347749130875515
0.66238647681417540
0.46200264874626318
0.64967783599058082
0.48444202420350219
0.64991216554947129
0.45589173840665587
0.65371100254552428
0.45311702853072811
0.64056771899789888
0.45645435590361205
0.69656632757076731
0.46465177475476199
0.66270006539196280
0.46151583459056594
0.65736089547722087
0.47087603165259523
0.67763739814921109
0.43512438510622664
0.68179282713487288
0.48202247944903209
0.65650728675522452
0.47003769117870925
0.64426005531136821
0.47547057382823743
0.67658316783593453
0.46081627684206283
0.64989757828303663
0.48334819027969933
0.67285472511671751
0.46215422191568251
0.64868979974470942
0.46100945840782942
0.63197340304088989
0.48144136840209667
0.69252889305766929
0.50065432005268307
0.65118273961783557
0.46559713923682605
0.66481948116920486
0.45703981895833928
0.65269796207225417
0.49432612039426377
0.66101491032748039
0.51644198208353842
0.66402303658391748
0.51230466698049237
0.67383753804573054
0.45953449594899981
0.63959538550691086
0.47991212975725250
0.65873642911595631
0.49541268650417236
0.66126105760690923
0.50622265367258668
0.64610816778221958
0.49374892857799146
0.65073454903224537
0.48485989191035073
0.67255821839938068
0.47033696453941576
0.63589332330441384
0.46827063789420464
0.65233048257283444
0.51284299750743767
0.66310618709304625
0.50685500592060895
0.64637816619582777
0.52461019469610937
0.64070210302825215
0.49677699040275403
0.64725983756514582
0.54948060368001361
0.66485651813601687
0.45744643710516086
0.65927087244985594
0.49917590847914578
0.66146844913403324
0.50834472421441523
0.65031058825969423
0.48168154514470535
0.65146649880698260
0.50198042975523938
0.65491742091649041
0.50769696300192724
0.65294162184914850
0.54857535738503904
0.66139636873867025
0.48514119948357365
0.64088554475341097
0.46941012553376660
0.65975650472276104
0.50064008780197311
0.64716009317269962
0.48844348703070123
0.65343205320220432
0.49230030220155158
0.61579528369682146
0.49127236754630810
0.65548486578385756
0.50019052499755934
0.64835786397861139
0.49577610313032872
0.64324042563217276
0.52528786140938322
0.64561576326317804
0.52525984920700586
0.62642779290173511
0.49030120917888376
0.64981898204551691
0.48280039578345635
0.63847330231821342
0.49911535501738225
0.65504038900292372
0.50688976731909230
0.64556619668570292
0.46522483912545398
0.64775454673371491
0.54821536252303682
0.63606713340475640
0.47572022456843049
0.63840466302343479
0.49032749834659584
0.63747632799609033
0.47526340132085571
0.64432003247267278
0.47532046017953822
0.62029532541897769
0.51570232089265555
0.63485179397468072
0.49040075962431012
0.65377887727303885
0.54374622249749027
0.64720338324875704
0.51449604848757102
0.64728998651353009
0.50061393415101585
0.63298325350907281
0.50067292130067331
0.63655651130767454
0.49567711436678108
0.62894852824287228
0.48730933540529725
0.62813307579401434
0.48962769635635800
0.62999220697199165
0.50759964498408683
0.63882050447650063
0.48685895093972154
0.63095667152614521
0.49739233687697565
0.64835561310624235
0.47412899607471637
0.64979435761971105
0.50619758838552131
0.62697978079979833
0.45816235133988470
0.63476857419938770
0.51811416643499175
0.63510401614181611
0.48369491223720529
0.64075927161730695
0.51897468077428865
0.63300824836742198
0.50975637006515451
0.62631083599494564
0.51842834015067418
0.62532547400436622
0.50206297411981948
0.63571573650182744
0.51073943338209116
0.62310611899606616
0.50897798281114903
0.63373551193654076
0.56082997039309412
0.61684075933835536
0.51206779318909490
0.63267064195959877
0.49341879446610620
0.61216532443221405
0.53065363748114169
0.62140790507052623
0.52424228468776524
0.63575597090617297
0.51561966309639307
0.62830673495919143
0.50668098320025412
0.64741875638926438
0.49191724096254896
0.64083516909374150
0.49952237464451249
0.62124301263836923
0.50916703117005624
0.65167971906760502
0.49020416584139626
0.63632627524321816
0.51512490877887729
0.60436290401984216
0.53552680659531171
0.62228162455271940
0.54445033910909202
0.59706385258869532
0.48050008433809455
0.64058864343544442
0.48723848792186919
0.62182199041813346
0.52504628369589013
0.61660771952016791
0.50543546695455799
0.61974035991682908
0.50807951763040216
0.63914678723576446
0.50676643107998620
0.63584379611199504
0.51896870400965656
0.62801178915097011
0.53737556304562584
0.60649013824439058
0.49935725562046246
0.63665234057710396
0.51807994439857297
0.61287094040196521
0.52031055281964922
0.63760911864639302
0.51490439705280422
0.62601375434276330
0.48614428782546315
0.62689223896029267
0.52577009650684881
0.61422898388054392
0.49935622431341664
0.63361579276968449
0.51207156741149462
0.63583929582261323
0.52762084551936472
0.63993644317043297
0.55993182012638643
0.62050818964932697
0.52877226588720272
0.63146287522512923
0.49659278682673363
0.62741004065700234
0.47404043243215815
0.63081636364912985
0.48931987848993808
0.60387900317293453
0.52592046239666090
0.61786743484721174
0.53311788347551858
0.60583313806931860
0.54168759409250145
0.61920467988018801
0.51878686018123399
0.61889609277133617
0.50159006825391272
0.61199613173857692
0.51810037509114204
0.60697775953494493
0.51529970468298003
0.63367568379980477
0.48614622241053412
0.62793627546688457
0.50915034192709319
0.64070200107352038
0.52701340466289281
0.60784437621434151
0.50544358217187513
0.60199315911695062
0.51384880558928236
0.61954056489267195
0.51842401518968306
0.60170617774675417
0.50575119852898243
0.61665220961732836
0.49480475013022124
0.62093965967956777
0.52419885930613419
0.59920080351306626
0.51085866428502702
0.61979278846417818
0.51518631313254271
0.60280807071121811
0.51418511728822747
0.61071341976597437
0.51128095783850469
0.60531508984954907
0.51621020527841754
0.61182703536879890
0.51349145221609083
0.62541391989726280
0.49614874809752618
0.61499705511312475
0.53116528831762821
0.62917540073693923
0.47939008791251481
0.62988583199503845
0.48566119897924748
0.62416904687175279
0.54362483137567241
0.56757791138207869
0.45829735557308710
0.63771446222572681
0.51617054525171158
0.62411143434546246
0.52809469480978977
0.59618526854249132
0.50579282462014763
0.62752198502684275
0.54113940082996748
0.60123420242448244
0.51609182619610827
0.61114806897462814
0.55231892979482766
0.59916489244090421
0.51525830314074450
0.61251958420373365
0.49678178065032425
0.62506648461660963
0.49592675211102932
0.62593116642098401
0.49013691913186175
0.61086358913760286
0.48898214486080999
0.61948371041296513
0.54447745370710465
0.58817448221246471
0.50100179674624679
0.61017236142136810
0.49058563247908998
0.63591171653589063
0.49429780782461125
0.62031876108450057
0.50242405015536151
0.61174435224275303
0.49104718146542320
0.61016575496173386
0.49518573615645911
0.60832283292745892
0.50046774873842492
0.61167616011293025
0.47394697608159575
0.62244803792213865
0.49701265728248689
0.60570349695064218
0.55972289409791276
0.60910940657578427
0.49901516990321637
0.62268833046040839
0.54712156792928124
0.57894229341773540
0.47241915012818675
0.60330718778198866
0.50970588095874714
0.61227680192342282
0.49399736908732361
0.61811385588709689
0.54037687758636888
0.59756690073065777
0.52640921688458264
0.56923016471079380
0.50424392920150585
0.55979627321382475
0.47403959770363813
0.62556923674111298
0.50508069442362413
0.61819226047083919
0.48298732355578744
0.61619284354846837
0.49306900893091049
0.58146948203531956
0.49693295811723737
0.61078452448857068
0.47813979219061808
0.59024790517611136
0.46659389806217466
0.61962862297779930
0.51423589162254768
0.60624083954802388
0.50858184792511296
0.55994373178320500
0.49773420242489325
0.59933137035481543
0.50881893560122060
0.59515719698634850
0.48687126165404065
0.61106461136662760
0.50364329225133508
0.60383127751277677
0.52995072751118177
0.57275075795317087
0.50864709350681925
0.59298278713331876
0.49907649592332731
0.60194636821904124
0.50183480475671560
0.59505730915101740
0.48474920821440887
0.62613321798121335
0.49395601076551449
0.59130787967927012
0.50211642650927113
0.56310090904167520
0.47434062295068025
0.60496162210974125
0.49139302729226109
0.60210652141792498
0.48922295205018429
0.61828699853888180
0.47285854753525536
0.61149185792227090
0.49852029849308055
0.61101927199459949
0.51050548835471099
0.55484507350298529
0.50164074611329090
0.55965202964499006
0.46619395866687513
0.60082806796202348
0.49223443798978483
0.58958920582486396
0.47134169737418319
0.60149850187958664
0.48533650892091845
0.56355185740204239
0.43630300056603816
0.60207258769921079
0.48460189312403906
0.58983998028630757
0.49243743395409501
0.54987451558253553
0.46716411402890112
0.56838473461431727
0.48148093272003589
0.60139185999772671
0.44419806117862504
0.59254314022723220
0.47293327154289944
0.57204653504631364
0.47885089931502478
0.59287705216301356
0.46437268957043321
0.57186755451142912
0.49291658003263100
0.58811874602430847
0.51003930625362304
0.56318308608945467
0.46650809368200458
0.56752019210931715
0.47752768606283269
0.56829363486157103
0.49525804729436390
0.59767381857108881
0.46494652464761216
0.57176407627645731
0.51356665971720539
0.54934390143065237
0.49049651039254005
0.56113866622989927
0.49667074845319564
0.56302705478931225
0.47657389078511792
0.56268945435312323
0.48932764260202521
0.58827786057447651
0.52563781522341835
0.55075907655966272
0.48800772501171097
0.56879470534004428
0.48600059659606704
0.60561868833959043
0.48784312419721948
0.59180306123972659
0.49574362236148295
0.56413050480230553
0.49009474316716273
0.58393247874225529
0.44540534945957788
0.63983023474759693
0.46899235737314893
0.61968820225094678
0.46593489036451896
0.59248067880495459
0.51074001203524488
0.57790883854704944
0.49497875949760750
0.57853310089072152
0.48274848133924364
0.54699367164003765
0.48629197872839136
0.59456354356310848
0.48815636727375733
0.62919907350304638
0.44504264354402145
0.55922590950489082
0.47857218693065873
0.54858172113712900
0.49092710764674108
0.60951567480758240
0.46907770247413655
0.55598342212636631
0.45612113985606439
0.56366772294647416
0.48909256378102439
0.59782624769313353
0.46688303033657252
0.57334757689934668
0.49538348537994226
0.59022178137588033
0.48843618762861901
0.60756125796265459
0.43287159601740338
0.58321357808218977
0.48959033677496999
0.59172898583607414
0.46858311882136983
0.59632167670184855
0.47225533362281857
0.59021270608168286
0.45850073199116748
0.59997093919360567
0.41377307799402097
0.62684342847309305
0.46506787770890567
0.55691323415561012
0.45679393326762574
0.55940653200359902
0.44400200524280931
0.58738071490990884
0.42051630868827139
0.58043459264658603
0.46497116549642797
0.56981573499581517
0.47265308802764844
0.56161382028990214
0.47252098543224746
0.54160938388904556
0.49073780995449201
0.56732368901325247
0.47513530452446540
0.52702844705182283
0.53215629008720022
0.57097095318573554
0.47630210634702541
0.60070193567225116
0.44688360783536335
0.58575516496418933
0.48676636632744247
0.60069211435211223
0.48593011567705779
0.54976103932355458
0.49095534649298711
0.58808303386243788
0.48052491525362262
0.59075931576892171
0.48591389053786876
0.58135219852177888
0.49666854844941583
0.58920325857104816
0.44769570160555583
0.62602042083078868
0.47470890631122664
0.60979389427827935
0.43052043052934263
0.59469575620902526
0.48877816119984957
0.56416535790052280
0.47914596110884744
0.58208697382513885
0.48043972580417249
0.55532763166806243
0.45488933910184182
0.60396956382287459
0.47751442092875201
0.59125288945918353
0.44140618575584140
0.58273917592524804
0.46860033151434743
0.59145526772881551
0.47077387909410467
0.58539290653253395
0.47148426214282019
0.57843712924663082
0.44266545631966392
0.57543866528340737
0.43003202535655327
0.57902704161342888
0.46925557633182208
0.56568327233371829
0.45466804700371177
0.58412818100189057
0.42031772999641509
0.61066899215026738
0.45730584864995738
0.59399875176674422
0.44998035877484294
0.59744049509161556
0.47944581807917491
0.58144138767946330
0.44746805509474530
0.56904646698781192
0.49809277019500131
0.56170415320602585
0.46089129632830539
0.59941619660230616
0.46868476153864397
0.57786155128387939
0.49002512560692479
0.54072546745382077
0.45482391379819881
0.59755233044645628
0.44770178620229822
0.58824122596357586
0.45696260763520763
0.60425408468125941
0.48030470473034653
0.54224045928209885
0.45585529282843001
0.56473230381615092
0.46792211549439672
0.59487391503199372
0.42201968738668599
0.59376072668957036
0.48772638709398247
0.54598987606417804
0.47525095302325499
0.57665050374350102
0.44665006366905385
0.59419063616595069
0.47647711187020064
0.59452657971423717
0.48228313041915377
0.57861224019196911
0.47928818844501431
0.56905040772528648
0.45744884091360205
0.57651070633380930
0.49494728220192941
0.58282410012773334
0.45446600329436848
0.59534925336810562
0.47721658590221544
0.58939606952580736
0.45442670762652049
0.57780274287583111
0.48982438618035407
0.60598523743545230
0.48954791070771997
0.58584527654996010
0.50369665776807870
0.58801758269950011
0.39182575599971847
0.56509548979831792
0.47598764348340572
0.58241716737728111
0.47163037132462882
0.61036859694776258
0.47644669556567987
0.55231682842021901
0.45870342106526663
0.57919073917908159
0.46152478025700244
0.56727540052950187
0.48049296575719569
0.58653438253065615
0.46667345636096547
0.59064146662906025
0.44303193610287062
0.57799589762061276
0.47774088505212087
0.59393320997687327
0.45440330906914467
0.60050443207877413
0.45567446633179048
0.59446820252344390
0.46073359621303261
0.56864036414278474
0.48967038543744712
0.61106841673268320
0.44249614733318032
0.60725236259539506
0.45318669000946776
0.59706050032812819
0.46932045868800082
0.60722942633737220
0.44637151539229936
0.62876414248963441
0.49243188409987770
0.59558380581899051
0.46171546790586798
0.59500746542399297
0.47195058355333164
0.56811664962391439
0.42636267814866685
0.58690189432741691
0.46563928804944071
0.60428994175614414
0.46212820220859274
0.60276450823866523
0.45735178772325957
0.60060875486261234
0.48217726907045116
0.59784069836138731
0.45716431070857766
0.54834114306245030
0.47260648696416413
0.59251124860443527
0.45731131746426862
0.59509088003670341
0.44046569636637611
0.59379312408532692
0.46067796961920726
0.56171480333207446
0.44620266453578439
0.55313346763455418
0.48405284473746973
0.58269152006460256
0.48832388358231393
0.55012421245282184
0.48066690822750607
0.54194153067195305
0.44700530930187471
0.59405822680297415
0.45569265431361372
0.63180560221166415
0.47064533022963900
0.58000561672162887
0.47246259704675819
0.56692537698011147
0.43084611566830949
0.59395379207296495
0.45860279551154221
0.58985933730860551
0.45507046140522467
0.62104112629068065
0.48608924784538071
0.57551235790642674
0.46022427362360496
0.59719591265711869
0.47049938392019047
0.60797664465240109
0.45247386200446182
0.61061511179598360
0.48932323384558879
0.59335872965703529
0.45591840515018556
0.60822610754591100
0.43966351331767572
0.60011577580510178
0.45664807830625764
0.59524694989327775
0.45681275773102359
0.59513521555365123
0.45973582646171007
0.59633323409252759
0.44993324012945846
0.61011069527056405
0.45610881687413818
0.61457769760766290
0.42434827784470464
0.58807188038914582
0.47021932136376748
0.64206746083655752
0.45701811711525642
0.60708035139574112
0.45862528017790222
0.59200171248725730
0.44043988502616260
0.60088230971498779
0.46169802383675235
0.55782283551852518
0.44007003875130141
0.60626434517274574
0.45342400728625071
0.59170277839096397
0.45438904349609438
0.57797935982998938
0.42899896495377982
0.58555652109286183
0.42700593174740192
0.59744812437543349
0.44482223650755920
0.61842492635455382
0.44182943546972936
0.61653046383534282
0.46034649555785850
0.60859267808094863
0.44499770747238565
0.60103588350568549
0.45213296727284596
0.60826251490651306
0.44907660129983040
0.60830064477848367
0.44149807443091704
0.61549162569527338
0.43667919984321990
0.61505445350684562
0.42974867411879292
0.59519417057679658
0.45010541836473333
0.61898798269868816
0.44044649964294219
0.60991425229318708
0.43663275892995401
0.62823168057642709
0.44549902507928241
0.60557091666048757
0.45490487528306417
0.60609728854285683
0.44094250671881974
0.60794266184307022
0.44162778590309448
0.62236959998034602
0.43042154476647554
0.59227064417876130
0.42935544088576799
0.62034885902220827
0.44539457751403183
0.61550554467529983
0.44394277259147719
0.61294989536947675
0.45382009923925454
0.60754062561791411
0.42065544573620711
0.60456255948585458
0.41347725230013266
0.58605774901949470
0.42289536957127782
0.60067819751419360
0.42863996436085799
0.60359903912666257
0.46711649417177753
0.63319171843366406
0.42693962650182254
0.59261270985544001
0.42444035994108131
0.62219937420814675
0.43247095744813430
0.59488154783379021
0.43096991330409951
0.58843769919107358
0.42990056695819129
0.62278016888624610
0.43959817056272704
0.62032550598719238
0.43796269811444544
0.59864115280888741
0.42940179004432899
0.58923928193059083
0.42294984323631601
0.58643148601599315
0.44490367681709075
0.59254239155360844
0.40419912782973111
0.62612710858871745
0.46417765386791182
0.62548067338124225
0.41208613928135662
0.62775172329746320
0.41167970472267901
0.60779448458660357
0.43516325976249887
0.60988391459990587
0.42299414877693942
0.61608245015087670
0.44014863783941660
0.61875491946942240
0.40930554325217572
0.62020647693854714
0.43179847603293231
0.63055582110577713
0.45185825632611226
0.61884523480462028
0.43940616617899453
0.62835830359738776
0.44585267686873925
0.61420846430182241
0.41929292247800387
0.60948220051603752
0.43272431429472769
0.61877633723723968
0.43353117703217803
0.61933789818697393
0.43696811941257335
0.62039121174760492
0.43755928322919491
0.61669233832306303
0.41401008086083468
0.61762660506205525
0.43555194212103998
0.60568001373164515
0.40095462880746979
0.62481731182101563
0.41310081207079308
0.59181381678611034
0.44712693682655791
0.63982162564330336
0.43042608097233298
0.61961288619824539
0.47224811920487114
0.64469239668245815
0.42783802434829360
0.58887232064259043
0.41717806153651121
0.62925043554084537
0.40686919095634710
0.59906961164729766
0.43812578210094055
0.62248520598451662
0.43647348122858326
0.60994844275046556
0.42587057921044319
0.63345743146620292
