0.53338874270898218
0.37754519361403394
0.53502298589323227
0.33599366169573097
0.52892178830692560
0.37292501487875512
0.54422169988373970
0.34217970467548775
0.53846292732735457
0.37212820998824858
0.56575443326470742
0.38818093784317448
0.51064583264656671
0.46483983935412743
0.52175575125146434
0.40473155871541361
0.53465504007708009
0.41095876199375908
0.53089678502105908
0.41042386787852286
0.51139085825408304
0.39772583419063573
0.53521623456877110
0.43839740125820603
0.56728286902957981
0.40306939006485615
0.53033659772921071
0.37341008072964288
0.58612627763853520
0.42231852021749994
0.54714803873700257
0.41523341909960088
0.55417896347077522
0.43870089342696683
0.56773193777716613
0.38473343100789759
0.54324597271743458
0.46672997449363629
0.53753240502128896
0.37909209142544553
0.53977535708355273
0.39948303416842823
0.54882773011026464
0.41550768303805230
0.56717657069144001
0.40841327394088522
0.57056861960013994
0.40753106130742212
0.56918653181698842
0.40686527524717697
0.52890469680543872
0.39950891516163578
0.56250115406244283
0.38467365996116798
0.54370667522438287
0.44401749029076965
0.54864140943174633
0.42548059750353895
0.58703519224255518
0.46340543979419357
0.56453422030414779
0.42436904694381383
0.56051980310225602
0.38118596536973265
0.53269285941692091
0.38353489945250019
0.55342213471783941
0.37723926536800623
0.52708920316008123
0.41719212074439566
0.52627957305641460
0.42515556704916935
0.57273898228960352
0.45286814156552258
0.56553632119819452
0.43097127370708244
0.56761735669092539
0.38798604428593675
0.58895487570194593
0.41728328602503750
0.59437966234996398
0.40923601143246202
0.56306262379943151
0.40073966300797531
0.55976755564451053
0.36435652300689403
0.55785718731478628
0.42605037809489582
0.52777274672799757
0.38554265428489198
0.58663496402724102
0.44510467243389079
0.56952860021791518
0.37080604459042005
0.58702291501152737
0.40333950423901466
0.53727818143445061
0.39929124900427160
0.53673537820728690
0.37540760421402797
0.56201401287438812
0.39076542815541643
0.55355554657929251
0.33725360799876258
0.55776955726771849
0.39030438817355612
0.55155699416267412
0.41792828741775739
0.53898873998749053
0.38700765203649218
0.55800589559978808
0.41259527092492787
0.54683822658788406
0.38745147087087595
0.55216048500876769
0.35858074147901176
0.53871878367653137
0.36883455518444080
0.57473077767062553
0.41123472789073495
0.52255824961774155
0.38672027476901372
0.57911542443048969
0.36109638997638938
0.58826361153178275
0.38218596133365373
0.57072874840366739
0.38783488531154453
0.54985066537171901
0.33083127167538068
0.57921794846657848
0.25462036414265354
0.57217782244154414
0.37828167158539083
0.59135147369814578
0.35348557355551746
0.52302395874028285
0.32557645239701472
0.52239903440944258
0.34216942120697763
0.53353237534799969
0.36658048365236884
0.58020759824567392
0.34294414043585836
0.51578859628127760
0.39790128874819480
0.55902229413889104
0.35904761225283516
0.54333218321063703
0.35299957775966084
0.51869819668838701
0.34847314632820514
0.51663023799995511
0.34073928485710764
0.53991959973471138
0.31759048855832683
0.52480090338776930
0.29579305293849900
0.55786600762042138
0.29099128902712357
0.56320631093460760
0.30233777900973646
0.57074112922709741
0.34223806526974893
0.53985143181115758
0.31853128166281169
0.55448026878950540
0.33802812091616186
0.56174873518313861
0.33129452941935383
0.52814271818808001
0.27695972112365264
0.54289704388786297
0.31368961303848886
0.58286018935933837
0.35335173003366416
0.53162046101472160
0.28280164543774156
0.56540799529847618
0.28533192122807621
0.56010164306967003
0.31790784931929383
0.54058148863951416
0.27517410980057311
0.55497516888738363
0.27487536361372339
0.53526696373701443
0.30429937344924046
0.53442409796550427
0.28559791512291505
0.51052193292731052
0.30227011677146670
0.52518280018875940
0.33071090027639582
0.53749694157210537
0.26061216041712199
0.54521493927502773
0.32958702412102320
0.53118786378179472
0.27591069302168392
0.51338285818387996
0.23298867021767405
0.53823919949858823
0.28622575477531342
0.55808459665182020
0.26838206034042955
0.55738941183912949
0.23094688325398074
0.55488130433355110
0.28766814138896807
0.52179630057923654
0.28736142658012187
0.53847129759206158
0.33212147021997174
0.53479965261061513
0.31338003698686545
0.56828756722401197
0.25339570453176985
0.55068178739308382
0.25694297364909874
0.53018691388132777
0.27740638138398432
0.53728813893601746
0.25619343384513160
0.56610712492970006
0.30100579017945039
0.54974569164168985
0.27839252527924857
0.56218648950162053
0.32921389746410445
0.53190715438114466
0.25343820479976065
0.54737325536005221
0.32381984512999101
0.55103493239687928
0.26856013240866816
0.53973049430601383
0.24771264651365332
0.52771702433527590
0.19554732185945473
0.53647485948418761
0.30579827324790765
0.54418951296541473
0.30717462439595794
0.56240263808362589
0.28984318221857464
0.50060682041371229
0.27702666169273127
0.53832882894916423
0.22518648885252524
0.53646481028186266
0.30851166002355379
0.55534601364838276
0.28233820841791157
0.56734036726776138
0.27558338117357806
0.55823838640770251
0.23223298412606674
0.55464363138344175
0.27888785795905796
0.55453053727140411
0.25262287220939339
0.50995639662566283
0.26989556785806584
0.58597235550714677
0.27912879139369773
0.57089415599737514
0.26001111854077441
0.58086858611398806
0.29188405528954270
0.55722059003622948
0.30019458924558440
0.56943450135272311
0.27797520669112158
0.53823624152634209
0.23102016065431105
0.58051852574359530
0.26328547885092213
0.58691720556742544
0.25217796413150567
0.54635405066717746
0.20257979740001231
0.54928450859611366
0.25097704649294750
0.59731713193973512
0.26308365570851616
0.54613754912852785
0.22652989738695634
0.56805973008559485
0.29524336406507878
0.55684492665894758
0.28456405549047675
0.58913812434638446
0.27685431917672959
0.51918688694258242
0.28852668266460391
0.55579601511718379
0.33932801601774698
0.53936785425047518
0.28109090612896959
0.57627037345720133
0.27458551305999618
0.55479619057482055
0.28402379047899340
0.60375120101761892
0.22453204687441930
0.59675145744219926
0.22676286882437854
0.58484546544334592
0.28718694729128802
0.61219651288293475
0.28915698961367448
0.58123146666561010
0.27917305009935761
0.61397275085362102
0.25662511947719019
0.59889889492412729
0.22471596804128480
0.56953708274844395
0.30680763404560174
0.58811780271283687
0.31184278154917511
0.58782964882540356
0.30102856127533989
0.58412002407284924
0.31232585902088056
0.59493142864649051
0.27896706552095296
0.56895164826838196
0.29036907213386520
0.53890314070781298
0.34180919534117055
0.56879043507992022
0.27548094117764160
0.58486132527817569
0.28268168551117506
0.63171965366927296
0.27676908419400886
0.54386714999505614
0.25249515208605500
0.59094516314585566
0.28617749882925569
0.59859624596364358
0.27645801246628643
0.64723251755440814
0.25708999819881534
0.58734235289264447
0.30194225380963013
0.62616030897884400
0.27885595298734911
0.59699801125629981
0.32326306693450002
0.61871813722083879
0.28311166341514560
0.64504416801689124
0.25467490051848490
0.62933419334128815
0.27508899281403509
0.59989026399703060
0.30079023740365146
0.62535540187849459
0.31938184987516666
0.62576124896109697
0.29051717534999993
0.61772360567757356
0.26229602320726819
0.59454594205198497
0.27922861991560050
0.64134578825711752
0.32483452477306335
0.60598822475370440
0.27576341505071417
0.61478646598302100
0.29002046325482406
0.63144763699437156
0.32245556217968591
0.62349727840240254
0.31176463724335574
0.62349194011998066
0.31034686394850924
0.62483886693511259
0.32818007376053637
0.68395021613907825
0.31440956002444820
0.60380148063127348
0.31372681007514591
0.62083868254756613
0.27966623409945923
0.64501184684113588
0.30118484553187219
0.58882623012532620
0.31804608481494623
0.64153670865839107
0.31789643791014227
0.64602964558723808
0.28396756496115955
0.63733430149290149
0.30130685118852701
0.63322254481275686
0.31172853277774731
0.64276275394070437
0.33375787147217351
0.65777822642791983
0.30245036880449599
0.60396997480502179
0.28899559524220919
0.66661312014277263
0.28625601399016670
0.62732863105700165
0.29435387308579775
0.59526805707100261
0.31393245291492489
0.58866802282816477
0.32595583633872238
0.58173255432258153
0.36728185630228344
0.58712949923955604
0.32479387944201404
0.66231036879899607
0.32210647572844425
0.62575934748130635
0.26661128339379336
0.60799099573141235
0.32362056361190944
0.67811417620620773
0.25281186616252904
0.63550370087238295
0.31297901965039221
0.63008961588232404
0.36255646359580229
0.62635790372608391
0.30442866761457948
0.65357138039128226
0.32942965997672746
0.62765918582284497
0.30857588273707481
0.63305370130917882
0.34335750623338002
0.64897679736498193
0.30484692702264538
0.63226080308069399
0.26164813149880406
0.63601800686074750
0.30330266145592527
0.61213609362378885
0.29617487989085645
0.63610112336535130
0.29739837873373798
0.57721771242421960
0.32179409424316180
0.64804020928205097
0.32339105013957908
0.64083325941481628
0.33574918807863785
0.58862260666001198
0.30960107457172398
0.63937827449687201
0.32917528604135732
0.61565203714444605
0.29087301262776666
0.65480318316425856
0.29593718158650506
0.65233033882367109
0.31074935426840067
0.61978064136723832
0.29342172450902310
0.60405658008336360
0.33234752715321564
0.63820479738712288
0.32739020198167285
0.63662829349254912
0.31203695153432298
0.61948849332171951
0.29883040056030796
0.64295809803140713
0.27796701884746672
0.60408758357713987
0.32323269902940427
0.65835637694880889
0.28901129686798893
0.61001343120048845
0.33317608771250706
0.64729766907889286
0.30231130827586361
0.59033919344053509
0.28089823685249521
0.63065764584942718
0.21770251666719193
0.65042385568679995
0.29965598241262670
0.63356104018374193
0.27036317281329103
0.64395669989213355
0.28844049052559756
0.60895190091317875
0.27289126262845309
0.64979122480418217
0.27810106160635994
0.58042129126858988
0.30721834281138272
0.58666556704781192
0.31320104221033013
0.63965699842861179
0.30713258748886152
0.59180457665213104
0.30004448659322258
0.65261635996687051
0.23795993906661492
0.58774385142250340
0.31030471032879758
0.56543450131184270
0.32032516159668689
0.63172107506797537
0.31569113828625656
0.63767814888700958
0.33681282574069055
0.61538405927128303
0.30148944127188099
0.59549984956467661
0.31253324169373475
0.59478010768077128
0.27629707726679414
0.59903383873707028
0.26641320049868095
0.60551220982271092
0.25565344262857614
0.65208703219014519
0.24130742752691567
0.62010647800256602
0.30769549520526329
0.59082057365772633
0.26806852982002760
0.62069452452445495
0.30802163910875696
0.61183613580421126
0.30638262756579993
0.62711479841724005
0.25957759464464591
0.59830336694579089
0.31709752232038524
0.61471398143680100
0.25252410177124346
0.59252139843720664
0.30848681568544167
0.63452416055281047
0.32065670623567932
0.59144070261052106
0.25612694852861639
0.64232885893013736
0.28889852330367050
0.57895309272768325
0.26749720077971301
0.64603738452269421
0.23911466119122751
0.64226757202395257
0.28664033622834090
0.60992497457912165
0.29117865820032091
0.60084210097548474
0.28467008501622704
0.62213483765086353
0.26524710970746518
0.61301122185479495
0.24401092237768560
0.61327941932272667
0.25174692929961062
0.57094206051712848
0.29499241228719048
0.59566699149332070
0.28358685836237274
0.55240816694588368
0.27235104591645182
0.58890475195688852
0.26326941922121738
0.59844411737940129
0.28221464226831749
0.57284118369928960
0.32555452809787078
0.61835245429568320
0.27126808758425858
0.60068109490299282
0.29047370962483376
0.61397891129244520
0.29222176488149099
0.59305804436268039
0.31063660944156424
0.64282647948979421
0.30363099068158461
0.60024302190545442
0.28834651359975333
0.64746849407467111
0.30677795346271441
0.61407094767835169
0.30351008207042041
0.58992901049603985
0.28516063721159995
0.61663715979592315
0.28641965883984383
0.62108884781079332
0.30367942931902747
0.61329200696848341
0.27953785750101434
0.61579283783235894
0.31649740631121093
0.64629182802821494
0.29443616616730517
0.63536287832142524
0.28228637603059026
0.56959544910093451
0.31152478209632029
0.58732784013324824
0.34258659587733942
0.60171011748269965
0.27647130701210282
0.61729839831080924
0.31228465943194844
0.64373570813836478
0.27463720807888820
0.58357201941505521
0.29078136238856134
0.62054937890794382
0.30845019170939092
0.60824562060340626
0.29281755942285703
0.60835074933510158
0.29322492415794565
0.62093526406621558
0.30189611408241412
0.58493221273500151
0.34021515953904258
0.63027031904702535
0.33705997274061095
0.62356626775614010
0.37447361457217365
0.60982617041495824
0.32753461431378411
0.63433002021082252
0.33980993465886622
0.59769431726994782
0.34447463138536966
0.62648938341034466
0.32320927552103235
0.60282948829690630
0.32962619376488528
0.65913834178115538
0.31629861694276240
0.62992975539603402
0.32196163498533348
0.62573337190347966
0.34604103324201624
0.60893357659083491
0.32558547672969890
0.59915663554997489
0.33337597012265691
0.62605574892120175
0.34033916177292040
0.65736451289207920
0.31557676424875786
0.61435262357295806
0.32872308556499358
0.64304689863637765
0.33640030976338287
0.70563163128496409
0.29870117131183171
0.60938959968429596
0.35086763144588545
0.63341276076910402
0.33952342316637130
0.61168815011438571
0.35893949815929305
0.61234052957878515
0.34165907584268718
0.56141677233077270
0.31150138211391332
0.68519979891325900
0.33892773706523655
0.61193180387013069
0.35151606992900902
0.64735604837470362
0.39845158682228810
0.63544656957851287
0.35233175957496843
0.65339060075064537
0.34819190772489972
0.64786567196535572
0.34405190436273519
0.61822081552092811
0.34151225612498126
0.62362400594575629
0.34982227393406151
0.60986439591645680
0.32720679843394318
0.62641884462074182
0.32089170411027734
0.61147543608105204
0.35082612856849260
0.64826165403012737
0.32517157149626530
0.60146865293297846
0.31900074192028038
0.63789259998569459
0.32701435644236926
0.62236928797661661
0.30424948314889405
0.59223975342624458
0.33390405326163797
0.65049248258157133
0.37225160825865183
0.68018293202781088
0.30411270309103550
0.61333744604555507
0.33024738589052061
0.59989075233146893
0.38288625617357541
0.55668344823914540
0.34251635926352092
0.57491320880450980
0.34811868350016656
0.63298520065876418
0.24718000736537080
0.60846027885285425
0.33101380189995766
0.58743690028002049
0.32840836627047337
0.60813384071226917
0.36990124867560542
0.57748733553630194
0.33651204046889455
0.60882318578606065
0.33978584248825916
0.63505470282086418
0.33226054675099082
0.58215986553506105
0.34226788622554744
0.60235146254901062
0.33728479923263793
0.60453900031765873
0.38070524806285200
0.61722029413326363
0.35997756672766934
0.58449146823199960
0.33046747438716861
0.59096262190760696
0.37392160242227979
0.58994686672410035
0.36866889370531891
0.56298697498222128
0.34048436276780308
0.54728021489988399
0.29447824967977360
0.57210471300712940
0.36209617995694021
0.55066509749516701
0.33954862063654845
0.58677090589664949
0.35361258545078272
0.53840507519439695
0.29320825539578893
0.58483495144163922
0.33406942103568915
0.56246291042799967
0.36259162435738518
0.58240143353019747
0.38457057874663109
0.54797069614887073
0.36778875880429551
0.56520489077015978
0.35668224440292101
0.58693315053051776
0.38763853263236536
0.56479386882557081
0.33152801388762460
0.55338558888121192
0.38325901123177164
0.57563795894141068
0.38685711403993422
0.51535524455147508
0.36082312458549437
0.54283571593948643
0.40054106961830771
0.54802591949389434
0.33903193683839161
0.58272304981169332
0.40581011848604220
0.56612379237819810
0.36046720630831897
0.56138037542549568
0.33133490036257851
0.55969063704663646
0.40573843479541272
0.54092120882005035
0.37403363405292772
0.55235107293569263
0.36525708663587503
0.55366190892298150
0.33638329118402555
0.64252966628084873
0.38440278699981945
0.52794238843284591
0.38962555946720945
0.54742137383871026
0.42236673647894535
0.50778178568327026
0.34701316519107411
0.53245471376925535
0.43594763495269262
0.51317763085413415
0.44549171683176259
0.55346218977325845
0.41628782200210418
0.52602552917991252
0.37155689908820255
0.54839309137950487
0.37823051856971956
0.56449452545250833
0.36890101397394570
0.55799836790812507
0.36310671473417977
0.52234136554386246
0.36121109841568877
0.52223321589408156
0.36004923499872865
0.55384449408308190
0.35926388179781349
0.48738971143127774
0.28066984019225111
0.49346424742401140
0.35120634412024337
0.50587817933152424
0.37737168915173347
0.43683820494334047
0.34623507849210322
0.52938120629297647
0.37479687358208158
0.54700027885033475
0.37348369685164712
0.53703226735502196
0.33385587652171222
0.55038655286883986
0.38450627097493500
0.54763870196113473
0.32018086970048976
0.53368741506586670
0.34537105122945244
0.54681970845514138
0.33862329967041566
0.51491500160890780
0.35325200783829419
0.53095876163498146
0.34660490572567387
0.51454497219073558
0.35043713017396722
0.54301633571460273
0.32812456535405643
0.52664446761689954
0.33155424485357649
0.56008292261792281
0.35014875506161669
0.52953466925337833
0.33488303309762191
0.55355229102135428
0.32142353594404099
0.51187886869889354
0.33249818991486974
0.51199048693075944
0.31345416795294367
0.52837093953837500
0.29862932764596029
0.50102483023876410
0.32336740186369139
0.51805436195862886
0.31148394999389151
0.51535221126589115
0.30317098947380200
0.47827263682990151
0.28659495279612646
0.50251525329244684
0.29753100846462288
0.49522407858700096
0.26750093845045581
0.52129664489185590
0.29634229263756978
0.52567473938546017
0.32062261912924173
0.50042227373750858
0.26848477608451476
0.49304628228581193
0.32349799553042574
0.44258150982199923
0.29419684485298631
0.52484336900024409
0.27227659056006454
0.48809311212580264
0.26157660623927781
0.48724598470486985
0.28541675696617991
0.55489442169188663
0.31652438400367749
0.52445945887124112
0.27276886697122060
0.50874514939923088
0.29486425747299616
0.52651782354890464
0.29650966427010539
0.55030764972802482
0.32794422975403698
0.54028682828389907
0.30927617431528032
0.52175192352295297
0.27009741375474394
0.50852304291256434
0.28538803619869429
0.51586114675745531
0.29382072501653600
0.49673916066266410
0.28546444956859329
0.49679778905612226
0.29394533473511775
0.51979920518706446
0.31987854114563630
0.52255814370106668
0.29377083625591349
0.49196551490287882
0.28161596821973967
0.51433505890884446
0.28227129730713280
0.47977425555316755
0.31814208607181838
0.50225066346910774
0.27888375321553016
0.49756313888441683
0.31264553266537759
0.49953445173791150
0.31177712823233156
0.53778175288058683
0.31771627634916411
0.47870771983495569
0.31198088369784210
0.50736134705132030
0.28188681312195946
0.49079505816085245
0.26590443420031779
0.51949659367350742
0.25516614276956384
0.50277210910033932
0.29969660501744411
0.51763980580026903
0.32362328544807695
0.50888669071993875
0.29926971656464496
0.50273769430410398
0.24966221998015398
0.53697594851682495
0.29719946683654819
0.48245553814542608
0.28078872841264985
0.54271667305272475
0.31104054882151549
0.52124701071234136
0.34221683154561844
0.47545907054206382
0.28397601105436848
0.47392079506992180
0.26751786722471443
0.46952463937539629
0.28667729434837630
0.50248547451130166
0.28917298753587334
0.52459711588614011
0.26695424048188443
0.47395043703410283
0.28750215049347860
0.49322136164459723
0.29304696124317509
0.51868316040174789
0.30580447116123283
0.49179372812340727
0.28599299655115928
0.45644266671348516
0.25115433136486726
0.51165261766006620
0.29045465281399951
0.52367097650504746
0.28386956134435987
0.49604425022035509
0.27167130962884384
0.53713448672434050
0.27811199842813583
0.48005844752202398
0.27218515691431416
0.51195303945137849
0.27551875168901896
0.47981156136470587
0.23948851501752663
0.50650381166841896
0.28380661600507101
0.46475235259446568
0.26743048883912257
0.49661146322517713
0.27070486389064957
0.44850266088610163
0.26082433510981640
0.53412371273099857
0.29046745645488659
0.49346554585284796
0.24390270510636125
0.55247426276454425
0.27685586892304048
0.51369447336303964
0.29867441491868185
0.53363573893732064
0.26503296478624361
0.51411961186415056
0.29143008450730051
0.50264880026822500
0.29729117733752197
0.51222488274156386
0.26762372053480588
0.51709647826150784
0.26130444496174121
0.49102983336893286
0.28725535196141277
0.49346800870679297
0.29360220499868617
0.53461009200504239
0.26647543720266581
0.51325841569707809
0.25831641712618919
0.51297410879859295
0.26743731417200228
0.53906927947464778
0.25527237246585466
0.54898646075008051
0.30545833116649868
0.51368927148179000
0.27490117190413133
0.51883587090349337
0.30634044512946301
0.55915562675238406
0.29636153551882133
0.50859027446606997
0.26325153487461650
0.51865698384752346
0.30764926840805890
0.52695234582047168
0.23044313569257410
0.52742936083145486
0.26485805758821723
0.54393742013554736
0.22021395831407259
0.53803091711546991
0.24878232047594495
0.51397012387725272
0.21686120116790025
0.52225688247974977
0.22124016596367962
0.48059087259698863
0.27619854696153390
0.55779100842098162
0.27563791759518180
0.55867472677138408
0.26324151098965182
0.56595780992053790
0.27769376705902149
0.51725894587614218
0.26897082412021051
0.56926734249961763
0.25013025568241309
0.53513335828404918
0.27394798869462755
0.52609395474528109
0.26339284204260860
0.56314352648253463
0.27566796618804984
0.53214102152385423
0.24134030762715775
0.52793653249754191
0.24780987439511826
0.51356641495111288
0.21521788428988553
0.56173272653301021
0.28082730160270070
0.56915551303704881
0.20595877719036476
0.55576595037420362
0.26015335403730727
0.53050852031120821
0.27218376868734223
0.55765844597121128
0.21711288862887881
0.59886117271083517
0.29302190162177671
0.55253994117000682
0.23102478196504911
0.53867433802654185
0.28587278634100244
0.59086008897282449
0.20218647124692701
0.58089898471809653
0.28990847986489693
0.59725996436393325
0.27095694738155252
0.59638316327189078
0.26345572626109970
0.56128446479081451
0.24887459116524813
0.56528772741375100
0.25797694407547833
0.56485226529604327
0.24688499628235261
0.54452752649735214
0.28707886490457613
0.53602021204653272
0.30580261373981205
0.58958468047399848
0.25885255245145278
0.56400850216750298
0.25266888269980747
0.56280727037965139
0.31494460535084345
0.56691956110100472
0.23607943565778744
0.56061952188648456
0.30638227538367163
0.55723623433940450
0.31567535820218795
0.61231013528451228
0.27060052102470544
0.57364176241780174
0.29543834561026894
0.58082885561727471
0.27946126204911609
0.55166424665362901
0.21211432782590689
0.64527439933159514
0.26950166705820588
0.60977309113904532
0.22859871307960608
0.55687096830095706
0.25227646308932983
0.57009060179553206
0.26281287407823450
0.56418985186356962
0.26023078260620580
0.59456452630858903
0.30446500581328217
0.55521099901178250
0.27908704926027705
0.56142506779356571
0.31223206394729697
0.57609462533473477
0.29046468025571165
0.63207513500915313
0.21953178696992393
0.58371954323181685
0.28297838395622249
0.58702694142320433
0.22026195047014538
0.59448288829660345
0.29547048662945885
0.62210965586342903
0.27636160230841295
0.58886477556767836
0.30416570724250935
0.55849779247853060
0.31180026550421286
0.58551516346669374
0.25935926000785758
0.56413801910946959
0.34135368347443973
0.56800365805485076
0.31545094379508282
0.57121837510566242
0.29051476271667975
0.61756209374470794
0.26717143328600113
0.58954060427859001
0.34142074580283227
0.54939163025840043
0.30133126867244520
0.56518079760467554
0.33093556677384772
0.57816530145312983
0.29699093009896982
0.57705594735824195
0.32516328750777690
0.59622260288800144
0.26696972795961005
0.56966080420767995
0.29925401843502264
0.57485859476856593
0.31345247580267233
0.58151995614301188
0.30616036288723697
0.55862240214675096
0.28913158220552099
0.53596415254714336
0.36989884671068818
0.56384533143471671
0.32350972195404615
0.56746069068398508
0.30371803719298179
0.57925510310188333
0.34711207780826936
0.57255742528142428
0.30443545785657611
0.57721494379030669
0.26343522040321654
0.58845846107170752
0.35805402513722268
0.57774596032293679
0.25329389066796443
0.60454535907581242
0.36283519100251993
0.58817086608331526
0.34035691925073308
0.52515428593559987
0.36428422845956876
0.56909559091213202
0.34230009239097781
0.63455341119281061
0.31825672071486655
0.60639365237508780
0.35123007972464526
0.64803173659946367
0.41442134055464291
0.61918163779201307
0.35037048064227561
0.57997978968540032
0.35517144277509571
0.60639863333807809
0.37031890691150937
0.57115619045059995
0.35175572407477002
0.59766589988285668
0.30488529404601883
0.56510923584559325
0.34017611694925087
0.58875201667316279
0.34779989407405021
0.65133465593001660
0.39547532245902783
0.60043302524144260
0.33878643971606659
0.58503751792924497
0.42037290531418098
0.58178541849739984
0.35599338149822912
0.61001355862862350
0.40458824442225050
0.58652548066099452
0.33593153207913229
0.60940088427978245
0.33941556125774125
0.60444597259263388
0.39320567611508772
0.56773686914857002
0.31878400878179719
0.58736950196123150
0.36428600077172452
0.62266543994275780
0.37294349422036666
0.58350611189000057
0.39374195236486287
0.59388254205952828
0.34257451829337859
0.62631725901684987
0.36702873109833711
0.60705368627003509
0.39409216979370820
0.63005885124784644
0.39095200748527892
0.59779854252944353
0.40964209209705399
0.59939481972650832
0.35392482542107595
0.60460471213537126
0.35696395629256061
0.63299299623239835
0.37510922126233648
0.61488935780056631
0.36541350818601787
0.66686603665532795
0.37440620006081332
0.58880512268298313
0.35675901382577468
0.59251585370693183
0.37323273622897868
0.63182493074102497
0.39368128118728818
0.58395848986542820
0.38067800883578723
0.59584785092838899
0.34597140129150733
0.62818978639767253
0.33833444957943254
0.58548857159056755
0.33183514918599921
0.61230498059752358
0.35863612962129343
0.59108925594236728
0.37502707871011165
0.60246780893447260
0.37318734782565305
0.63699491445611822
0.35985594169529261
0.61855770940963195
0.37531107699777472
0.62279240851641471
0.35992969297647559
0.62397622780509421
0.35319476498186780
0.57403385426471454
0.38154233872678756
0.62252235356027863
0.34206776412054629
0.63005139501373242
0.34051158940067389
0.58862712085536795
0.38501421179619999
0.63577530912811764
0.35088417902478880
0.61872394164845712
0.34951609409804801
0.57495367846845324
0.34532497910541171
0.59396842216293833
0.33318386711766307
0.60182534050134029
0.35776339682119362
0.64575459530043344
0.35540714276808427
0.59561508104098981
0.36626562812706431
0.59368486072428472
0.36753833761357430
0.63153258576176707
0.35989365390242967
0.60089908925640312
0.41482993382648509
0.62775165666720689
0.37653018915170311
0.63845430606617937
0.36312863548808139
0.63060160546937449
0.34181103963490661
0.61496536611027930
0.37742462271999000
0.61766343020161008
0.38168942650513399
0.63043455628039569
0.35810622022404748
0.67572623764381878
0.38847573956548903
0.61478000258237109
0.38257140399385670
0.62965650864706391
0.37572237219051946
0.58715923461437858
0.37433919561042078
0.63734947112242601
0.37560077593814856
0.62578684086441161
0.34752157482000035
0.63117146323359419
0.37117512226736199
0.59604334770780487
0.36038314259585791
0.60646058059213037
0.36887939651208185
0.63019948589943442
0.39031944763693088
0.61739475415409839
0.39558997944371405
0.61989211424901092
0.38187387180316235
0.62123662801054458
0.34348782999436805
0.59378798806637345
0.37946064582789829
0.58734932389860439
0.40587232213549945
0.56120124920009951
0.39166506180211313
0.63913499658609574
0.35581307402204942
0.61661414535754944
0.32887683079583385
0.59590857150615928
0.37211024083920941
0.57174540170074473
0.34569508668234511
0.61523148761710245
0.40324878168852485
0.60476346969029426
0.38500773417419631
0.61441117524045785
0.36942522503369835
0.60843728397592733
0.37736998351270995
0.62586420151412547
0.37618342923760412
0.60189790958326628
0.34647071879802971
0.57193643555471374
0.35372461005976308
0.61185313511596173
0.36343540983429201
0.64307203464624629
0.36495912762089094
0.61713660345028798
0.40581826454487896
0.59481867999849558
0.43104736645444708
0.62778824610620521
0.40815461330110175
0.60200077407309982
0.40367293519278014
0.64394820289791610
0.40544418838619101
0.62442445518431633
0.35242489617215983
0.64471332088513478
0.40811699572430121
0.60069274106169324
0.36414944922600156
0.60919842600957985
0.42809489523443151
0.58439883786738511
0.40092493664172152
0.57528755886012894
0.41691045634307528
0.60848828962495949
0.38443377098569248
0.58744267285985841
0.40893984765026348
0.55214900477162510
0.29940307698274765
0.62587705759098999
0.37747738766524624
0.59937065921512922
0.43046781603006284
0.62840943359791912
0.37769639839553681
0.62606460653774121
0.40816621645625195
0.60418897716367281
0.39250187113224971
0.65549007430048734
0.41715985699945207
0.58639447812381296
0.41916011541397513
0.58061796250474018
0.40417862567981200
0.57379597661797133
0.37694490937038821
0.61300794783445967
0.38628120380807152
0.62692098738390323
0.42459772005531471
0.55771317752966676
0.39388470366496731
0.60046284869284583
0.39837777523279061
0.61282873344486588
0.41606674409727407
0.60037430348139753
0.44652172366109111
0.59060552263658161
0.40858468984767909
0.62959494352919720
0.40014085954841033
0.58838537818712955
0.36757190888000957
0.61125726721809071
0.42059344524944142
0.61555292090474134
0.44134866311514653
0.57944078809312349
0.39072838962849032
0.61414377607594473
0.36190918358791890
0.56836148801160602
0.40479586771862902
0.58421189817309582
0.38812926553711941
0.57623964656392601
0.37838666150884775
0.58855601347793596
0.39428661356901368
0.57710335710514338
0.38821319355823192
0.59553347977284588
0.40042154544838682
0.60562700933515090
0.43912187712225903
0.59509053299312920
0.40615772674344613
0.57071862748944824
0.45072314955542325
0.51062036861064308
0.37074420444840822
0.59450050248408803
0.42531375771674657
0.56271518513976870
0.42280486599957445
0.58946546992647841
0.40895945391836375
0.58438725082995724
0.42111354211979185
0.53651636451064277
0.39033096121724875
0.57194782008695311
0.40138517001525875
0.59522947802271819
0.40569254949193079
0.49737009378279035
0.42372337650250080
0.53777983632862336
0.46092696112795994
0.58030589300305468
0.39358793010704307
0.53032779237890226
0.39702204555644038
0.56266367462616940
0.36492121487501156
0.56410641914908422
0.37408205688205476
0.53305077753062147
0.36312759655773436
0.54885414284080913
0.39134910807777012
0.51528864110648243
0.40477349769725723
0.51498564090276522
0.37053891007205131
0.48894148353449296
0.40666991391941371
0.51303177310875925
0.37227207621276681
0.55420923060028815
0.43567283760525166
0.57500452489078624
0.40378773871951218
0.52910378264254854
0.39633162840520497
0.49655549625176004
0.41832114419779465
0.54718336405375589
0.39435802741410236
0.52843014747206785
0.40777364207159872
0.54415867058170098
0.39865804841722430
0.52309296272986650
0.41322890586915628
0.54246434357382967
0.39278779455401036
0.52596635073197839
0.42419297393558192
0.54542152657364518
0.40748384502307444
0.53877937364719242
0.35538599861821224
0.52310648094735512
0.38754247847227308
0.51415486072520122
0.35712363930782143
0.51759890162566080
0.37688385307726263
0.47973418152299452
0.36319397925862712
0.49429298216244921
0.38412762013271123
0.51271342791968122
0.41545209159969942
0.53102163900117050
0.38561017953711230
0.46385593900557670
0.38956332279065486
0.47052979780438642
0.35614492092135897
0.45119054769475808
0.40492950672756034
0.50439080050720742
0.38189191695149916
0.49659856605618796
0.40229134713309134
0.49960022964618195
0.39691191814634630
0.50178651653455431
0.39238795740998006
0.48475483007119358
0.38034138564269215
0.49308262192780716
0.35795448915431871
0.49153897893771997
0.39576687655456733
0.50138678191019226
0.36028510473735598
0.44849610802672923
0.35841544739828501
0.51220698039838575
0.39988600928282525
0.49458441269429526
0.35863524813225445
0.52800491270936578
0.39499586750088850
0.46331430129576118
0.40032465594799638
0.52830704803587192
0.34134568465863308
0.47376186465469505
0.33362889411095792
0.47655006610468126
0.39622291660986919
0.48801210017300173
0.40627270595757320
0.49070563805323814
0.41175946213560571
0.46894610458331265
0.39672027028135520
0.48467164846675337
0.36178029067717538
0.48779058987387908
0.36424815462652227
0.47436686250766119
0.36930269483326644
0.47694411081333454
0.34285743408079561
0.48074120249637176
0.38403931182226636
0.51641446166376137
0.35921967503257385
0.50366383239803281
0.34421012789190064
0.48051992881762456
0.42903004624396979
0.52010572951956735
0.36065599347128863
0.48693444347177417
0.39023163948546180
0.48453130223359608
0.38568017269956023
0.50578452947552421
0.38747368814724292
0.49251610017804942
0.34776292540303777
0.50448766055632466
0.38182647349709598
0.47776675906619009
0.37289065141973377
0.48075718089779507
0.38053705593814846
0.48607154698459426
0.38123627758812195
0.51826149245645148
0.36757673973973615
0.52310118105426950
0.41672812787309327
0.50465967470609363
0.40187875381622373
0.53777325589904112
0.39352902235551868
0.48962836800007759
0.37913990193367114
0.50908511942964352
0.39439726623212357
0.47957764333666847
0.38144048195073987
0.49800486777725483
0.39082573179456676
0.51193987269427399
0.37156721788427249
0.54914732377500564
0.38202494466835757
0.47909964654174031
0.38266742245023094
0.48544050853377030
0.35810006984868614
0.54452001028782182
0.38750607283055549
0.52088451141203240
0.39922339138678770
0.54530520432563989
0.36104559980538298
0.50833212051810805
0.36779731331683962
0.49325241055730495
0.37796729788709238
0.51391393077206238
0.41213327865197719
0.49008625001408657
0.41507625128804432
0.51389701175587710
0.41511401770531509
0.53223988231798969
0.38350964141022570
0.52011239363102302
0.38305049533804664
0.52202868668610558
0.39678958896653532
0.50113171227319475
0.42406825027819900
0.51635751854195711
0.38447288681862535
0.47343261783147306
0.43522144118775280
0.48248368370792527
0.41257491075592695
0.53438054095764698
0.36608825735914285
0.55411429448731109
0.37813415831250741
0.53697799665549184
0.36703606319879112
0.52166750530731743
0.41952843123571470
0.49379546315649780
0.38909556757732533
0.47159205651400132
0.38565498045952201
0.51298303207964302
0.41816363182609206
0.53772762176930589
0.36792873821886513
0.48490830776136495
0.39827658884910910
0.53104846789198956
0.41473476767001033
0.51106322906444357
0.39449986627381844
0.54725748549948638
0.39061677116538718
0.49141408412686477
0.40505497798933338
0.51523134902688739
0.39360327669243772
0.49037249454751930
0.38627447560579187
0.53921258180194853
0.42013859923798802
0.45737459461290947
0.38490005827246115
0.51912054830073251
0.35330151359837358
0.52206614789383599
0.40546203850157403
0.46065596232792755
0.36983951462493492
0.51761984382606052
0.34086488900080841
0.54470095854231559
0.37456588041208588
0.49173989319587191
0.36748012100353789
0.49110587816991030
0.38845880966094676
0.49371441421435774
0.37097774963676389
0.50968503786098873
0.41237275559077391
0.50945896910027066
0.37609962514647710
0.50712314928989510
0.36481950099176680
0.50507140993237565
0.37118062232652332
0.53086184122780788
0.35574250378427802
0.51336479551352077
0.34861409432171808
0.53613530845065382
0.33973718034622530
0.51046156918290386
0.34963626167818285
0.50804993798463349
0.37418958249515943
0.53885983097724099
0.35253254699297926
0.49223594551931360
0.32504448381569734
0.48700595646073341
0.34329728526846476
0.51791712912349486
0.33870091400467089
0.48863584249562930
0.34710694254808516
0.49639113701538362
0.34778511856888644
0.47493325751471749
0.35305830091273788
0.47568118801289894
0.33767795916358084
0.49521219480948481
0.31184425397755405
0.53105708989252898
0.33730686200747606
0.47879333428042803
0.39306913738677429
0.52110647995458370
0.34001255206734249
0.53554368037864641
0.30678670359171473
0.44747116361026718
0.32786459619671515
0.48536474460454193
0.33740346611631483
0.47281793509249798
0.34813935482448649
0.43817105971805614
0.36044334947742290
0.46776471143287640
0.27106368107119799
0.51887298678738414
0.31293449556992209
0.49822654165033453
0.32573981996211598
0.53252579451797444
0.32824416317700189
0.52158232748086886
0.38487046403145830
0.52290565947495127
0.31638436361682054
0.51186556333528266
0.34932216133284222
0.52517598268481847
0.30649484975909347
0.51011578732238938
0.32839075481268060
0.51140209636856315
0.32322806131382970
0.50986573797331047
0.33030464427445677
0.49452706068730434
0.34047069369851951
0.46824984966538985
0.34167894347083339
0.53791400503234776
0.31787481485046171
0.48564183464162480
0.30789197312850630
0.48623013565221984
0.32779945028831975
0.50753081628632979
0.33074678266224888
0.47559855183019861
0.31168240198831448
0.44658381254309693
0.30927281481668178
0.49104579975967821
0.32074101405662087
0.51357219450316194
0.29191376858981760
0.50489392618123030
0.31773477659693539
0.49762622498697029
0.30295740886553429
0.52853933731056135
0.30514537009731457
0.48252308643999620
0.30996767059961600
0.52315338170156733
0.26686664263184445
0.50389965046389362
0.30256599141476870
0.50095516471614898
0.31580678392897432
0.48988033891013411
0.35206802628031170
0.49711957761536008
0.31576304326285892
0.49046343710343776
0.35556718660699577
0.47575387434024352
0.31366121617901055
0.47577116458964896
0.33962762083498993
0.48286991469262064
0.28655452494785666
0.49841380153781983
0.32525304349067929
0.50154429774398879
0.33161973650442589
0.51114615404106800
0.30786715059793213
0.49882314335554245
0.31753015688284408
0.48948946875089722
0.31296021378791999
0.50556285451042426
0.29923762366887396
0.52718721265983903
0.29974316690002334
0.48488636907068383
0.31646847744256940
0.50201534153734684
0.31706040452370965
0.49436179981820288
0.29830392234276487
0.48863510374900609
0.29344859172709348
0.51623851028976830
0.31833888386247344
0.55200343365760207
0.31668995141010292
0.46990765958265124
0.32696637545664559
0.49903304473776711
0.30849152467026342
0.46917524616692524
0.31160706044668701
0.47968922908725986
0.33003339452550084
0.52760599892260251
0.32104210108695802
0.50014318059016138
0.32761227769544182
0.47289379390439307
0.32742803074720533
0.48994673642119191
0.34643755947537164
0.50797131644153926
0.30914820344352950
0.49116114235788311
0.35302632337175893
0.53174778555931590
0.32631907970453444
0.48337892195122012
0.32722497781846444
0.50961637543909788
0.33047332843801730
0.51652499966676535
0.33158301480360924
0.50252608650885211
0.31583031695583980
0.48511509495187188
0.35801562770898354
0.47164088186000430
0.35483807313558735
0.49037196430919439
0.35943771843442657
0.48108340548438555
0.33248552953308108
0.48362411257116888
0.33811752016765212
0.50803687862036540
0.33915256307778707
0.51592772609291282
0.35338125065294229
0.47343011348059272
0.36609760420816284
0.50682101285256553
0.34812089572835009
0.47486051412983660
0.36008404736557004
0.46119131296685456
0.34798559105951993
0.48626123679957417
0.33759900125035980
0.47484390324175813
0.36527586431264014
0.47318183301344707
0.39907539745410558
0.45764770111565223
0.36898027543015699
0.48035963819073790
0.38064592299041727
0.50745959310536426
0.38503959254252890
0.52528305885632798
0.37141219318179963
0.51261241319578121
0.34080430648604670
0.47781536627412607
0.39784327347701737
0.53976987642304430
0.36029207089426013
0.51578768839147815
0.36214547945523695
0.49337018710817421
0.34458010471203449
0.52213938680383087
0.38104801790735443
0.49746319525683608
0.39681153748945741
0.53074569850931874
0.41893929289200987
0.44600973657875270
0.37703092927981541
0.49371487804530517
0.37936421539416720
0.52279086166459487
0.38781984604190345
0.51052575950759294
0.37273917560498926
0.52390997634630210
0.32383547832467202
0.47578684511118641
0.43582338074698157
