0.12665650538591489
0.70536364987981126
0.40699247767672603
0.77624246938667318
0.30980525511068346
0.64458959834741081
0.16231355240026313
0.52280302269314982
0.07452107701016464
0.38632050689046304
0.80660743897762166
0.63718247624948909
0.25310944881999448
0.23361656535306580
0.65200421904803985
0.46773448048243293
0.41573443100941598
0.30592858319026861
0.71662641096457658
0.45561765140786514
0.36987960044553525
0.44187850959124941
0.79888126554150340
0.59588006820315209
0.34168970421655975
0.58015771748660305
0.62175383259186168
0.55903248385763749
0.48853300499386593
0.63398933218880271
0.44160424675847215
0.49046798117604345
0.73805683444354231
0.65329868336644803
0.44210369800182170
0.52974409037958459
0.68486992120067658
0.62854325791374088
0.27934694457816323
0.42080045005484162
0.40644757101147128
0.65836749346765266
0.29064479126402348
0.43368364402929671
0.16149084157469756
0.42320440533449549
0.39417548320431095
0.26956148410812503
0.19391759201457759
0.38689181389330896
0.57910952012362371
0.55002125395975277
0.42458556456310448
0.35026090884815142
0.45449427710227797
0.68786856785536099
0.63418090068333499
0.51895496225036786
0.39700175598292931
0.63330188230982110
0.56932893570763554
0.54744068270742896
0.27718929510961099
0.53504733705946805
0.78268838846231281
0.51099987320323925
0.39418298981761968
0.39839561495815301
0.41855510999329409
0.39655869265777210
0.25002204251941917
0.47889654752034277
0.09696302225946929
0.63889347646474093
0.62581889452090667
0.31207855170506554
0.41353717559653208
0.61111578022895641
0.52297123113066835
0.24966139829197742
0.48967587033616156
0.64930171670772452
0.27516839146916944
0.39083073199451263
0.33606250730544562
0.63646445960653431
0.18089576514556660
0.47546773473397064
0.29046681735737973
0.85352158253351162
0.24307171146786244
0.61358688718034171
0.60367728652319541
0.75716928485971136
0.23808265627370673
0.48894432273414201
0.54586135393580659
0.56210950286256589
0.41457899212387128
0.44033339651813858
0.65799265474896140
0.52662438427337444
0.55056052796004540
0.43744994095490103
0.79876502947806216
0.50767346112261447
0.56099718129989506
0.44047941120514833
0.68607503691806593
0.55660300602670576
0.55823915645099986
0.60300440939333200
0.61353274046739670
0.63226694244679371
0.37037225721694872
0.48086592512794007
0.49357952252081383
0.73668364423459265
0.72710564713872750
0.54709225744957435
0.33283525294686289
0.56780416334669792
0.66773252409048767
0.55047729894366049
0.23259005263602839
0.41189908847201762
0.48949449309641957
0.54189490920449035
0.33576519998424292
0.45199417540345888
0.29027432800211395
0.50446508307730586
0.31836408354144641
0.28149307130309092
0.22988502991467408
0.32370948065595528
0.32110766685519565
0.30138267787045847
0.28092546774993843
0.35818322480885578
0.45084518286961184
0.60528404801508973
0.64782241449399836
0.36944836237034812
0.51220171307498719
0.57381226746378267
0.73616330316764367
0.47510640728526737
0.21590111218777897
0.52785793194463049
0.39303798382724298
0.50945755764792189
0.57991324231693542
0.48689082890876922
0.47040107350993321
0.38296464864388824
0.22184544023811448
0.30919616872921057
0.20999730012227336
0.40839216232060666
0.80603068222206165
0.34350772442335920
0.40617495175094465
0.52648735392077695
0.62776235571859551
0.31944088219774125
0.55058936296517280
0.56973069699737178
0.45512301605176714
0.45152401583823698
0.43846770403909602
0.66758497622920887
0.17650579814654516
0.38660300114214935
0.45246348301278416
0.78269137908346553
0.24977004026538252
0.83756948717962720
0.45938665006574592
0.83457670259728234
0.28146392803362680
0.53901376570376525
0.49042359498802168
0.65196919313843182
0.38096359754298348
0.48190056247124208
0.73407821212966073
0.60506651197018457
0.24420398099207186
0.34897664027029773
0.77955364230752122
0.50248471047198529
0.38815843819332840
0.41467623407507209
0.79207226082589210
0.43065425536274510
0.27187938296913416
0.60206191933871001
0.67295768463434258
0.63913472398025162
0.39131409253598259
0.51416531605176496
0.54099681783210096
0.63564359124144731
0.47361112831523733
0.59952357106495413
0.36121606016131025
0.79493935556062367
0.85737552816801754
0.56380356481847393
0.70611599957392146
0.54964318470403573
0.80074418196036434
0.51242122120544142
0.33379018920889192
0.56815007239374948
0.54318343427066873
0.49859657104501315
0.52106254638373894
0.40574074659388409
0.31252499056245353
0.36665189770139806
0.52945993575567285
0.25011104351672198
0.35022459629165281
0.35263029660458700
0.70276407905828531
0.28794831452773506
0.53693257559542673
0.34307605787290424
0.49333482245756471
0.44836867597881319
0.71334152921237903
0.40772455840768851
0.45991323094834424
0.47752015995625952
0.38726845170479396
0.49669302896929934
0.07282906640421438
0.42722864756272833
0.55844162141842191
0.41953651152856786
0.09958560342456946
0.39226627807288250
0.56810041387521004
0.16153120019600858
0.49276831739242533
0.35171513687991823
0.34414246557015327
0.31694311821594767
0.73618998762077881
0.35186364959116845
0.50514774382800320
0.54790830089881692
0.59816525486245153
0.54598866077136954
0.58234814291206205
0.83747065910806195
0.26995583306596210
0.38903573798239038
0.47905673594078457
0.72012700260479112
0.16967368491347073
0.51940683721072345
0.37233434072329924
0.90680460544932195
0.30199777682176338
0.61884202035830560
0.64117358227984544
0.93198636185570582
0.40622656765877924
0.61076257125292632
0.57874590270999082
0.62999567553469882
0.25194270168452459
0.37336464583400675
0.73370024197551142
0.48554973481064934
0.41591726285283837
0.40605207958221484
0.72887552746271178
0.30752745032497097
0.60081440068043368
0.42273174300389560
0.55216045042760697
0.52567691237622149
0.27029388389808562
0.61148716891245458
0.74306854596188288
0.67157333700376776
0.49184638901890387
0.17093856101312288
0.48498332962532975
0.49656231531747519
0.70405623392919447
0.35265203331649897
0.35401306371205010
0.62447896496557809
0.72291626534205045
0.55282514882071909
0.41020439363201688
0.58054887651191400
0.67850602098389090
0.50582660986657479
0.30871210848608255
0.81875395893852465
0.15258576765634624
0.47141721350709015
0.44711231333360113
0.37168765974954016
0.39691843584971009
0.41745793745701876
0.51311064095615944
0.24814303386118031
0.41657966765718191
0.57855775982133162
0.09518900307799871
0.46554795745663319
0.43278697901366014
0.46109231169179393
0.20951505443686191
0.48764549944722690
0.76127780148282786
0.52521650093791794
0.52693895770327659
0.52458361598123582
0.36560407123374516
0.42092214272883466
0.24889480646642992
0.32578387029989231
0.69027175365776183
0.27037390691389274
0.27847722609001752
0.49364952399119100
0.38767479588549514
0.10750445446894630
0.74979274526718998
0.68375157992708735
0.20593680918115520
0.44179730406479101
0.54204272679085097
0.42206847849106655
0.50843905710249548
0.57149557490635183
0.40125479081424242
0.32356549528160972
0.66742566006346404
0.81529532772258806
0.12566542029984268
0.41034383537584718
0.27154695314880112
0.59909246452874643
0.39041027926905691
0.79200134566831515
0.55974878452831356
1.01922071725497054
0.38964502191612987
0.56404609051889210
0.43750184356848099
0.61642077891504798
0.43583265791071274
0.41856523744996404
0.71741603090345341
0.58723765499170688
0.35548741700841646
0.40151063318024643
0.58792716873739082
0.36934556274887687
0.50740831000045650
0.34111807111495468
0.73057755910456146
0.27738583792514587
0.39235935013987083
0.60173830790426397
0.73540571227058571
0.67336312609250626
0.71622987593969301
0.49314809839713564
0.60798980903756972
0.45859711636053768
0.50686571208661801
0.38548716179109910
0.32390782183372563
0.70852024845936512
0.86734041406500206
0.50596175183986059
0.60272925897732199
0.58417290747789130
0.46274282749523610
0.59219739553588868
0.30165433072956360
0.68064813699033122
0.55695413524977866
0.50896442973209588
0.62101190477420321
0.67901935982504180
0.40913351580377949
0.58490260922702708
0.63962562796399780
0.29745539531210519
0.58747229056738570
0.31990963498689406
0.43000496519370396
0.34163283004471900
0.50638268490841931
0.60880872464427804
0.09484083721524472
0.47174022768130947
0.55994549470629718
0.71922059253657578
0.05145477596806153
0.26026589522424654
0.44537679895854210
0.44863387193574422
0.21226725923934731
0.28544751156075998
0.42321844020971722
0.33533559490963560
0.14687916660665601
0.37469103747666355
0.69076142389878181
0.30050790867134269
0.44940748469064756
0.76856994623192354
0.47391072183231986
0.34340766563449876
0.47950235277995690
0.63330775380643822
0.32443554294746868
0.48794419902149544
0.49728846778603875
0.54354363253756188
0.62812774141404715
0.72828918989221725
0.40534336674105775
0.52781127827520347
0.53533491292484614
0.65343715133517666
0.35259855826506820
0.53666839564632973
0.47259005782504421
0.93216901406458130
0.42710339063220748
0.53090021949670485
0.50285850911939511
0.78912084758640322
0.44608125268219723
0.57496431709248697
0.50257272498629635
0.44870916351624551
0.46898961608149919
0.32812667525901690
0.70056521952784345
0.49344177652626470
0.50221080012199937
0.46846170728313546
0.60935513902638105
0.41875456004589268
0.44402036291324454
0.57036679643851607
0.60512481964993803
0.33204207622519166
0.62207012340372503
0.44486924541670747
0.72112751136977016
0.46800467156285319
0.64862475700114042
0.09039442291903721
0.44916752999762338
0.56677097810494437
0.79621706098908207
0.37813991443905709
0.33869161051483532
0.62291016724425197
0.87088237030722759
0.52223870390479044
0.23395026462234381
0.63192981380545477
0.68805678258418723
0.52830954496649185
0.38125594681620423
0.71374366502525588
0.76929712029571140
0.59435483804598499
0.65125529328419096
0.53675123399259539
0.90701696628092354
0.59555580746219516
0.59732504448640311
0.29306012985817592
0.53898556754655380
0.45559271303773785
0.28303091835327521
0.43743837286313836
0.40510382279670537
0.66112933600400980
0.23756886761644030
0.69029282646520995
0.43874119520548849
0.72048545536100539
0.24477836962105076
0.32055173537725307
0.41279597726364831
0.38309160913131252
0.41279611042770536
0.26147875909672325
0.88486012221131227
0.38416061005517899
0.59118389304491314
0.44261923507859857
0.74935001475828666
0.28400997324430610
0.49842519265441221
0.53530220087909408
0.43851787014673677
0.46870503388478435
0.38132551436682027
0.72444230689119582
0.71039772601465245
0.76820035017162214
0.48613266468310873
0.63731287402806158
0.51037476695354167
0.61732963855171752
0.14525257027016020
0.28121352900329949
0.62400676503032537
0.64159493884991625
0.38131579520240316
0.51573749810750746
0.38352330038449856
0.54436866857181043
0.42801585042805151
0.37498614995807700
0.51116615771185736
0.52303502144485847
0.51558717697178646
0.34138833021306658
0.62546641122898461
0.53900803336924152
0.44388666629667489
0.35973497635528839
0.76045494061738583
0.53370242300195714
0.32812841107465235
0.61958791808983771
0.59996388371509535
0.26650871939586540
0.48562828533765190
0.60689785254975948
0.54567618047785860
0.67386267821818502
0.65503516078841484
0.18926763139079128
0.44791212980962525
0.53265638617327726
0.55591779346628400
0.51907826299372828
0.59830950190395482
0.63396764440174513
0.82872739374397997
0.48536354848700808
0.41101175329032091
0.65245329334119806
0.59104965411668986
0.54902168010598396
0.17266303055320653
0.77822368102529249
0.53680262442049076
0.60473007105317866
0.47242293233108801
0.68727335081001317
0.90429446757124343
0.47163187119638755
0.58459097759767908
0.42871522782119420
0.81403115399662618
0.44218475633948096
0.33674547428559365
0.34264004947781168
0.58395158312112583
0.52271018364238753
0.24654387311008247
0.43873446924644111
0.20502055309991307
0.51906476576787586
0.43244285707399455
0.59757735262172673
0.48384298241211476
0.58408388982663673
0.37416833658139248
0.28238906502094097
0.64827702753848526
0.45755522195604509
0.51020210083597384
0.35933127697360767
0.71999147027960286
0.46472129777082416
0.36299702779562121
0.62821921406908943
0.41858633555296648
0.52142847932802339
0.29151980606755873
0.72204777114918617
0.45731188610741569
0.52876191756032376
0.17134440154577479
0.70318647016076485
0.69623014621598445
0.76537824053768866
0.27798032741456075
0.40564497601938276
0.43368563411592193
0.49391719328024664
0.40844941569324417
0.31992123870973543
0.31013101410102017
0.83025950327880171
0.40499950275777719
0.35329479972966904
0.35538759111037610
0.76991303280437040
0.51547663440054614
0.18220075753223008
0.50023951689194468
0.44299589399309991
0.48041658677879306
0.18885986711706926
0.62666920026269635
0.67554503483839401
0.40210900951481204
0.43648233859481028
0.80277781627492917
0.53018521105747629
0.37396160448574733
0.64676851164038640
0.54887818336606453
0.29375409504088812
0.54656802172754648
0.36682175799776973
0.44484709173407544
0.56958526991083436
0.65917329631502453
0.32967407832019469
0.31951191397162237
0.81686533962204244
0.66663922423203692
0.60214212944480994
0.53985622292654201
0.81688395237129097
0.82892325368809205
0.53243002118319938
0.68519622746919184
0.66037557968113259
0.54965803701114757
0.61834300233146622
0.46962269345633023
0.71843546593313057
0.64111926367643945
0.51763661009744244
0.68059069325501065
0.46034563654082500
0.85812205844019196
0.29817824946738175
0.46420813774300629
0.45952402932791581
0.71504572177466730
0.40275118341398347
0.33194667841814107
0.43113794115628890
0.53707120812179943
0.56945409200093644
0.11924920419163260
0.24864016422922042
0.48544776292836928
0.78955738780930262
0.51671712372851797
0.27254674310008697
0.46334641179138814
0.71010141877981436
0.53494559109931172
0.17490309555858508
0.80199516729040987
0.49491244230597153
0.56741059187714926
0.60016642192177516
0.38564351248992251
0.67449544354639701
0.20648780140126172
0.69931467345379428
0.56332904239933002
0.37354024502320182
0.25661798256939689
0.73012757683600316
0.63235686610963859
0.56575796579501225
0.27467742936065309
0.50573910154255786
0.63913352086263719
0.70172216763559558
0.62382810396784749
0.55074059845453815
0.61731375447355252
0.38386766727748844
0.44024852322154850
0.47100436557798731
0.25218214621656815
0.74012829056382923
0.55962148078213136
0.20498827973112199
0.39218937772468099
0.48839515925484556
0.55949587170184079
0.20904318322744520
0.38653915504172764
0.72597608273728587
0.48804774084614622
0.40029530306943306
0.65537747780648381
0.83794543911040076
0.40931631799236740
0.44064982403001596
0.70441340073301217
0.61821000874296916
0.26847245643080819
0.32928503653322200
0.52326141184643293
0.70717974306584452
0.59296931224478999
0.52583704082434068
0.26567696399240337
0.76451751780119226
0.62473017128350283
0.51503218140794504
0.55871938330791748
0.78988354975272679
0.72887404256235377
0.73172777634105457
0.80860452388918869
0.77442604369917689
0.72339654238476969
0.70089661312030638
0.46126408514152051
0.87762553143914468
0.45806469051970361
0.60345005544852059
0.48369921066479432
0.64020413955097810
0.70734718322579937
0.20113718180963647
0.63535961682662556
0.42046982690927931
0.51033053636761461
0.41339344032015918
0.27902995376338824
0.44310459613591963
0.15396224045548756
0.40150219768861528
0.10465509650744032
0.40331741489603312
0.35046250459903849
0.68125052386455931
0.52705901651061238
0.28842428221153482
0.39614277335153436
0.57864100342626346
0.78066419524565678
0.24115106182780421
0.48963443242443827
0.59424204184740126
0.55643525451108211
0.45141802797178182
0.61363541875796201
0.71780846748674465
0.22100218884186396
0.79604854678438264
0.29734244275682137
0.64925026599828395
0.31549301431162957
0.62669994828135434
0.51380158962650879
0.50982632011358642
0.35706232080778538
0.64572882496875683
0.63172306557547464
0.72527147614540066
0.50122720315883595
0.37510558256188054
0.68239765494985893
0.63571931134909188
0.65013937363085927
0.28006775700831810
0.27557205409555380
0.73125000250440597
0.43014336383487373
0.49642207354436652
0.18570423065893499
0.69163536824931149
0.65762323819303670
0.24908954702495745
0.36027825053545681
0.57750748944479258
0.63967661452238378
0.39800732364691593
0.32255088396116710
0.88527036434762685
0.59380748018467533
0.32057177578299112
0.55369949753360470
0.79897405522088982
0.37234766671271868
0.31903522810297985
0.59995821202258481
0.56823750642703452
0.41369292025355708
0.51209112895707487
0.54647871465820774
0.62348333707781844
0.76855776236143380
0.86712005151506433
0.51033587871354202
0.78322457251535615
0.65685567301860026
0.43387120596957074
0.66324260126466750
0.88530476970515892
0.61133493303560982
0.68004869428827253
0.62042562710221139
0.99429818266295522
0.31722460492986781
0.48074180953829204
0.44117185239508361
0.66130571533017668
0.30387906888039218
0.26397710255608764
0.63416982026817315
0.47919158893967850
0.53731911395463117
0.35542588017632637
0.45830933428981913
0.61789090488755105
0.51404799343590879
0.26635173984699628
0.18433511127761593
0.40971087157807035
0.46921258517830455
0.56390420001338226
0.43851536914272576
0.39076096653497860
0.47589512971330217
0.29623236958775662
0.55245244946949412
0.29645318894247513
0.49029366497165272
0.38683214978916303
0.58223042183119855
0.32097905181105885
0.60584816859344082
0.58417049502901253
0.39234275615224734
0.75722616422902189
0.31774644312383932
0.88745401423474790
0.14593294451208916
0.79593512671607636
0.48613002406182176
0.53050470648451642
0.45740439418138834
0.74877170000037552
0.63708242347447608
0.29601313731140588
0.57904872796710549
0.50530054278266334
0.60932921461200851
0.68596958831294064
0.65903492551234699
0.42843123906334135
0.67374802205153783
0.42434841498633602
0.65118212346971038
0.30641113191065511
0.47915006978762281
0.47060093661861213
0.58927251361487376
0.33393207602587188
0.42462747937340639
0.37810763445329482
1.06694932756132088
0.20372475862460090
0.45339704095617350
0.50330898929984857
0.85877122402155104
0.49852454999483697
0.35156376279805018
0.69551223946974616
0.55959797715893456
0.37307999806298831
0.37328049957279569
0.54324775038876583
0.16930345951788001
0.20098513208367891
0.64823185221594226
0.49346977073746201
0.49813765471327748
0.75251824769050502
0.66389674595032888
0.53245707571391987
0.34269143698122895
0.47647954816297422
0.75350849202079195
0.88600647703898816
0.52159605507259232
0.74555401058620030
0.51283811871293317
0.84727234160308873
0.26630450440034437
0.62080852461259772
0.76229157443432338
0.79164691935153197
0.29101846402528464
0.54802647039045671
0.65704042185905109
0.55699687429089262
0.61161700969071298
0.51591507801314218
0.58268496972720429
0.63952531617079089
0.28530426936535980
0.58662389880463928
0.50919259784129445
0.55184521259634223
0.22047210245251991
0.44950454081755287
0.58691497820671690
0.45104651603979451
0.36828057431011019
0.49471962171566775
0.58047734940363716
0.31867683251252699
0.31536028362898272
0.37387585305165233
0.48306517730976262
0.33543690323396269
0.23084825804543363
0.58458127845094010
0.44567160381422954
0.54451701915920170
0.51907905083528361
0.86727844123182241
0.43412425750520833
0.82653760278285959
0.63871248558662852
0.64245096396245516
0.59072105584945178
0.64276255529877213
0.65575968765898296
0.53444765930783067
0.85009034702951658
0.74272869310349265
0.41473884111990778
0.78954234754027131
0.78692502150719634
0.29887812047241702
0.50291854632138033
0.67727141411715486
0.62795981193023831
0.30684150962991935
0.36574087014569318
0.56549310299198630
0.73937494590341757
0.20006210680804731
0.61118266914063935
0.19588607038702643
0.67942921574401882
0.16411682412908121
0.26678253031344912
0.17484155977110524
0.86154857170219978
0.40485234015193400
0.72942540051276050
0.50739330205698752
0.66839757634624930
0.57151738783271688
0.38272620189987083
0.45140975865553767
0.42920445594401846
0.41297750589286553
0.18692278542483176
0.31213842828984761
0.29035654013612483
0.82898752202672432
0.67346590430387321
0.26672129303486392
0.48064818783977403
0.63588254128911204
0.79177077920355665
0.57226119029358680
0.45977025416527428
0.65043300369758617
0.64169906349846406
0.83858483961576358
0.25109719121465612
0.66434314280262452
0.57592358651560527
0.75954118237472912
0.23636764187320891
0.67718396535712666
0.64692128255119974
0.58437486912683101
0.31069944269087291
0.67506507366255497
0.78824489024395050
0.51752316856159131
0.23689708438730239
0.76305819872231706
0.36265693337374511
0.71673469667543466
0.30190620543101510
0.72701115837407482
0.73508349394651828
0.50560336279357510
0.33990868470073099
0.52897131465313363
0.68722218735970264
0.49404922975780685
0.30530279925208192
0.47073920765332344
0.37151374182108665
0.41011961637455224
-0.13436503690156021
0.45844125740847169
0.37560879255235358
0.35296274965089264
0.41466391725069685
0.68670968388273490
0.43097093486400206
0.71521817772838681
0.45054491049717449
0.70381081697170411
0.31838528946528688
0.56672836092846168
0.57841173578351301
0.47178480356316965
0.74107021427683262
0.64843439629072130
0.64537074955670071
0.50248814351492632
0.95804002772176700
0.45423514178654700
0.50565126403916472
0.58544734395441123
0.76794543450891761
0.26376482450146954
0.35013959402136613
0.63920547744181910
0.68031694777999019
0.10525998131872211
0.41879054977220453
0.25929155132309467
0.81177632166158797
0.13502495723957408
0.32979473439599949
0.12297787384742950
0.73362661534210671
0.38490292013378580
0.37418524661749081
0.11673794708346208
0.86512558689835861
0.58375701992462536
0.52913289877286895
0.45072042006662055
0.61669739027356796
0.46874093081223306
0.20766420396263796
0.25892224856151458
0.50226709479559462
0.54635164775000178
0.42578381766100915
0.11882561759500987
0.43607367805623054
0.52730390106545433
0.68158096391352352
0.28926673114400336
0.40660951733600248
0.57758338896491512
0.80035083069028201
0.61296078552518385
0.24123564096304917
0.65875492652231626
0.59329888786802865
0.75929734989171638
0.18707985331630106
0.65574337373579461
0.72543818682023875
0.58366629722230068
0.24950353217107468
0.80480647503799929
0.60742676731591894
0.37090906057156958
0.40337195404613380
0.87262535243715467
0.47658676252946969
0.46783251570824325
0.23108474947053642
0.80508551622358848
0.37091249543142052
0.79359752838937458
0.38870431681563733
0.75674127812749092
0.59498637067350013
0.49575295367278871
0.28796675814502859
0.46758565055615853
0.74492348099145056
0.63408118379405931
-0.06790764128792615
0.46328479424171642
0.05180430464202179
0.41226905639313827
0.04543857095096093
0.54114568177359246
0.39574780773890744
0.29363265406852868
0.53799411885927828
0.75320605494154480
0.39599839119166946
0.45982231520282574
0.62603628977015724
0.71183729037576571
0.72942339604125572
0.62909121711972005
0.40474141200028957
0.44366594867467807
0.98433567005729727
0.45125370464634706
0.34409226108642854
0.67349033887892529
0.74922303058800443
0.30958330040850046
0.51234730383872218
0.39936418500840165
0.75281321677384172
0.17195558891655188
0.20056306780629873
0.29100029470642758
0.61640472043117578
0.19649316291138566
0.42828405893249555
0.08444721846269659
0.67595858327497194
0.34194843009912457
0.34097419740154611
0.02621211823899899
0.50597419481869499
0.54333851071276473
0.46201035925489242
0.17771154836300507
0.63929304807533449
0.63500490237738549
0.26662839941806382
0.09516597343056976
0.56551542273693989
0.55230450105139028
0.35431815489136748
0.15957213595775277
0.48190814390906062
0.47842924746435234
0.55357754655762881
0.09708056426553724
0.38114396175689030
0.49451995448410530
0.61214493942182668
0.28933261225990342
0.11536889225015745
0.63271704486980906
0.51524417022079660
0.59848566230046818
0.22729723174677630
0.64042686676835758
0.58355027429053585
0.78222394194867173
0.37130770104886435
0.66133348377061352
0.58313817364736109
0.33122436488920814
0.52950387676971489
0.74866791262899657
0.46499227074669225
0.46221737044332245
0.42659996688383162
0.78980157977592191
0.39372887970847981
0.40354005141556826
0.25345432286110153
0.97946462394537648
0.48509163021872570
0.67406967997462197
0.53490958753010398
0.46782125379989392
0.66231112040823259
0.49118278329598175
0.43997408347682154
0.46525102758910947
0.61569001711134119
0.44420863308120445
0.18755207465120349
0.44462097547605284
0.50252909501811782
0.26459652304510978
0.37572647567423739
0.73004852368903006
0.40334457135845031
0.21483486537047425
0.59573146625851026
0.65883021742695025
0.49419590052927942
0.37459128293233845
0.52764988405977553
0.85290957303837023
0.82776378733913236
0.21686006522496037
0.61732437302844589
0.59431358579439819
0.77803100044279727
0.32581125266100547
0.48755718947538240
0.44355789009367347
0.58042533235455407
0.24545174363368699
0.37838241163780739
0.34158972977516799
0.46074548284807526
0.40441730960489197
0.29500822713476627
0.12988069306595862
0.49020394817163437
0.21055552693244023
0.44848861063001727
0.16513604165206797
0.44415931454001112
0.36945444794772414
0.34023024939163693
0.39460794921864828
0.45642925429358921
0.67286037604181526
0.43244105151915846
0.18439512361723465
0.54643456348846864
0.69589368651249439
0.38296426787094318
0.30479691625025490
0.47831072199472163
0.40751058668458873
0.46105814852235250
0.29415209985144342
0.38349273151405694
0.56907393059920452
0.39421292611340719
0.39923582009121311
0.46474795170718702
0.32135492652330200
0.68903106486262233
0.19947325066280969
0.39238876842860215
0.45646961329915670
0.53510334425794159
0.74261170467732107
0.47007701189293183
0.73870025038899356
0.57452863118449549
0.82714054690000349
0.70220915743694312
0.59048311396553943
0.37775566194678101
0.46142583122518860
0.69584554746541027
0.83076604353501748
0.37112651991460988
0.44192096701719330
0.43869984442613685
0.85572492615602969
0.37565260404801648
0.51278321293136098
0.38746489286465258
0.77342718739438021
0.65991505797924277
0.16518799680265639
0.54204731302935505
0.29464295715022670
0.64120882819098202
0.72515305805962516
0.42921300833942205
0.60631660309789903
0.64873042924872082
0.20480777361422003
0.39218623808518688
0.71654193876190464
0.42745888041750552
0.32898074595099480
0.51689739647162702
0.48856206055448625
0.55277829590162775
0.48182733993874349
0.73556394653992441
0.79753481642651403
0.63249959425497093
0.38540648247497067
0.73661085402830362
0.37768468265006294
0.71452940743239568
0.43243892417683294
0.54983205252938716
0.56913316514925538
0.69968484250092611
0.22789535569001423
0.38990828694123508
0.32667280570356744
0.55559421735467263
0.17120135405344761
0.30916218352775637
0.30063952078538192
0.42950546449169424
0.40034838708806209
0.39694185534733445
0.18744189774315179
0.57473217780674335
0.43497370701461652
0.34592262346127139
0.16901588726763983
0.42168336771182929
0.51556541802933986
0.34015672137868547
0.41683597861749622
0.55896441902874150
0.80759291793555421
0.35592942074238587
0.43657072821237897
0.42708873283760318
0.41670270529895592
0.46331848715052715
0.30129047732268455
0.54244114843767421
0.56960398284419878
0.46345224859220374
0.19552110638777009
0.19002785383161719
0.70784341907653481
0.73383929765483824
0.02152213019276816
0.37314014704880161
0.34343232556080616
0.60206229421396262
0.45501702158857493
0.32987546953611996
0.57913373191194673
0.60474597255491747
1.40195830440823954
0.92975825173846482
0.61117286718080188
0.57593926491060710
0.62612177126168245
0.76976185174786649
0.65833816318877347
0.43988982483057504
0.57439538833338255
0.59250448623979501
0.65040832033362750
0.30747095857909090
0.30322261143885465
0.42520927194197922
0.62297176872677129
0.36573203986480329
0.37879901144516248
0.56835764682965095
0.51031717731647697
0.42589971705157137
0.40396279808429936
0.71750522152087104
0.46609193429353085
0.59127453189536028
0.49086082939773368
0.55169893467917164
0.62838273530626498
0.48816471782697080
0.35062792070093651
0.53865321505758246
0.63728092696581529
0.49043598072880640
0.37631334996030863
0.65130050854796884
0.64491812128601023
0.51747313561767738
0.51812751386404998
0.71558908402151289
0.56212022167571241
0.66139874005319088
0.29257862198786477
0.60668303161958392
0.59499555574259111
0.66203186023861560
0.35897980517478645
0.34598735665407565
0.39999677524086963
0.53945054240286150
0.20586565778294136
0.22741887591223020
0.33445675025474031
0.28943730694562547
0.54214575295143119
0.34587344569889983
0.36814484228912747
0.65727294849154183
0.65151012309330758
0.43058245270545814
0.24921699494043309
0.47257139881018650
0.25420591479523674
0.40018830805589495
0.27796934865635614
0.50881138570432094
0.45069648500082704
0.36213640961024479
0.38321369734030020
0.50915227969091648
0.52498269993801905
0.31911693042094752
0.30757202366076053
0.62928473682882902
0.65405517222647525
0.53792734190423941
0.28351893535781980
0.40451770038140328
0.36713387232755779
0.44882641642485138
0.19338424836537410
0.07608582389138252
0.58927524400515685
0.49394566178500321
0.37134739522132720
0.21508961499250279
0.51342301857614081
0.52966129697413156
0.76519667947755809
0.69936113482356255
0.36017073358526441
0.49147619685181965
0.75759665180570379
0.84531860197084041
0.57185664238951106
0.33331590862629301
0.59463366124760975
0.57679179633036015
0.64847644586611020
0.35552151178631353
0.48191465800051092
0.66247698450271619
0.60568711517167850
0.31028413594431897
0.30822944197118707
0.48155079006717061
0.46601936370773905
0.37758791566811295
0.34334762973894878
0.45706629260531734
0.42282976613675172
0.37174196567042950
0.46264966287776826
0.65472952815151575
0.84663918387121273
0.49736339510377320
0.27934475593117236
0.52908032447953213
0.58514693492376402
0.47953516993438150
0.31370865772265932
0.73061842491409912
0.73147063208558916
0.45575963037502143
0.51497497263948555
0.59872283211558408
0.59248515250236511
0.49135129971147429
0.47317767230018348
0.81563039537453397
0.43787698999715668
0.70427130251218784
0.30447979762401806
0.45447929744533200
0.34351805825476295
0.35301609219409447
0.22579919462126197
0.17635326633771742
0.33502077965857191
0.47380341614254384
0.19979155985093058
0.17322933940535074
0.54760414201215257
0.42128732790522699
0.66706839128891116
0.22254197339215176
0.26031030128003896
0.66721126413364018
0.47221089647326475
0.38840214989548649
0.27093915538413016
0.71521696501472642
0.40518382758668492
0.46713840708655419
0.32927536173327160
0.79213330034480289
0.38310966203542540
0.30003259055105802
0.41680402774798070
0.53430593158931872
0.42034285731122423
0.39953953475532300
0.17626338507170580
0.41858870945437510
0.41134182540365338
0.42917621919967880
0.20337409864251121
0.20514639963484954
0.42700273037106751
0.35359905863745011
0.48641585483453120
0.10632487034695426
0.57400780841819743
0.28878506690194605
0.66321073334295522
0.38115644117089920
0.54586820140374870
0.39483125482126469
0.73410312059571492
0.54282051144341692
0.59207146465476623
0.25487486451673669
0.69103039541291278
0.72498950258483819
0.65236281178319855
0.35960218939302535
0.60106835524506130
0.72623333710701821
0.59818367014852702
0.32792938196559851
0.39780808604245976
0.51602479555466740
0.33624311866539169
0.37208450505237378
0.29564245963981106
0.69316420651009980
0.54047954963621847
0.48252177557788101
0.49298399095012529
0.58321507784054727
0.62380104981746598
0.44425056291298692
0.39663425000602692
0.53462753992831846
0.75906103997097707
0.48737407800595078
0.46501632158566586
0.57442173551270903
0.57766734789891983
0.49506519435821217
0.40346884317245935
0.63925602335937126
0.58904083518597394
0.34586824347112299
0.54112547999767113
0.60826506390852342
0.43078494777409104
0.46744990893547689
0.48808180637461451
0.46695072002666882
0.32507787826087486
0.51187564130316576
0.23985266004784919
0.21239777894012568
0.31704078235173405
0.33721732812037153
0.27132786956044674
0.17545872016263730
0.32999523080102827
0.25770872394377459
0.67600554886724340
0.28108928800505534
0.58451277101563104
0.39641138815087934
0.50536861274149714
0.24460663052027209
0.35068729084736550
0.59430703903514981
0.41960596448899934
0.30626581899001415
0.43058099331211908
0.55632862557151852
0.34919881386890839
0.62404666651507679
0.39308729118407060
0.50128451421626430
0.48298072275798132
0.32408793548056997
0.53743285364803950
0.30668304257854828
0.55720892804669553
0.49327016665854306
0.21549479672462146
0.29796821809064317
0.37966190237308117
0.46098685084968394
0.39318081752772793
0.44936837236909843
0.50475923214895158
0.79816918787513169
0.69324595492246222
0.45304190621022628
0.55716430745557410
0.41241247731463726
0.79131858800834842
0.36108614127890443
0.61513409152184040
0.19910024152080208
0.70062039434721213
0.45974210472661992
0.67820810829788314
0.37247828450582132
0.66141010501705400
0.49939103965554554
0.68325350211748226
0.20087084655128484
0.56198461153978563
0.74593199469248128
0.43262415188301573
0.54479845768544899
0.33589655025960130
0.82515308790096920
0.29817160908473550
0.28930489621651412
0.42572467350740401
0.49607156704375732
0.45447306273507965
0.36615490077348645
0.29493567120779463
0.49280929220247682
0.74158076835884956
0.49804525291001112
0.57973638478655176
0.50986828490104774
0.73326748681511844
0.45464822446401976
0.20299339707478359
0.62059970178730994
0.46458765906028482
0.45000514662134361
0.43006349124419463
0.54526187253741565
0.52161731121261667
0.26931267877687365
0.64929711683976177
0.48105049861149957
0.18221454092812273
0.73295256166749601
0.26386211061409759
0.53662441811186457
0.22562483740128442
0.30848028846465614
0.34204799937917829
0.11967406870091812
0.42739354623962289
0.41436006186750157
0.17465314980485297
0.18612419783872763
0.40161801291627997
0.43086683046683866
0.66141489679673748
0.20994786525664388
0.36597770819177700
0.64806596277775541
0.50361285213036033
0.15348890753434064
0.49165655852648499
0.54113541076385407
0.39892084613317202
0.46424282833275488
0.41845309976373218
0.72610220809191706
0.37446430714521561
0.45328397567233342
0.62532038440732807
0.57373066237383574
0.50609767871519118
0.48661537664082666
0.37509658781969957
0.34271914339750814
0.51285980491460492
0.52127521415236844
0.33206405693487673
0.26246436619616298
0.42319509159907209
0.52443257545792976
0.59223030647554353
0.42095258364194155
0.24940884284062437
0.53691610396781642
0.66377840297209134
0.67062675411015538
0.17160547572728074
0.21190935035048353
0.57178651618364906
0.22577736581447783
0.60575051921399714
0.18325425450440613
0.63057691618648237
0.41436384617207589
0.67021284868880648
0.33652410284111256
0.67937858161836084
0.64487761483181527
0.73160728118668006
0.31510323978141097
0.66743597021001322
0.75298065648616186
0.34511292847211356
0.59480967278652797
0.42408391928829170
0.52402947696879321
0.42571197125324522
0.35519150368737190
0.52122141791165610
0.42176520629679626
0.61056987402149354
0.58228478610465806
0.30801856423516832
0.44792666686325550
0.68459909847583633
0.49413551751716950
0.21149968202153513
0.51147998727041288
0.29516312414054713
0.49640891769972378
0.19552970403957581
0.72710250958631084
0.52221487743386963
0.35596308910506413
0.46720144368249339
0.49104240811002353
0.27951791477252219
0.62681360230772243
0.38837626268339032
0.78950443952985883
0.30110607118414462
0.66102664772667485
0.37362264343827256
0.17010609042051550
0.54003577686242932
0.38466337502361897
0.32106007178479912
0.20098850772313626
0.33206743713095771
0.43627037176577366
0.69140148294205306
0.28125811771486064
0.41195622409205118
0.56532048804134216
0.67501506919190235
0.22198497487835944
0.38714609241779496
0.64632591086372970
0.43541614032764697
0.15579365538346968
0.54242571914489024
0.78817061232853325
0.24289681281581554
0.40346225441212158
0.59786641100702320
0.79091508666541288
0.32871051165043674
0.41557336761772146
0.72043605238257435
0.42680774890682449
0.64093175232075827
0.51843211169197356
0.46175674039401160
0.43784300159863304
0.52190813665845026
0.46155757980932793
0.71876899597724908
0.41640644434930352
0.51587136509817799
0.33841604227487176
0.89160366736477692
0.60160126753895926
0.41900555393393096
0.24839582554831696
0.63813445404923952
0.57176400901609092
0.50132409525362287
0.06319661554359879
0.53814605451642039
0.32053081645427195
0.61094145570782865
0.07286377734968269
0.44446939003575353
0.58465929922929938
0.85113017737582153
0.44710010220087443
0.65593193847587006
0.58454731982920916
0.57856941108081572
0.59576106477961854
0.55809936307851660
0.72329422666839227
0.32044240112215094
0.48159540960595704
0.65619074622117779
0.57665158371166580
0.38341364915791165
0.74459697666508351
0.56833110812940113
0.20867584895659586
0.63272861405706304
0.64400171781659143
0.29608019963145699
0.38544674218339026
0.63098076122070923
0.50744563278963850
0.08173092717949426
0.60323396096255777
0.54062240026226360
0.42580109933644011
0.24666781830440199
0.69118927258945517
0.45979253984908119
0.45932597763348504
0.52260712288273381
0.39885016445732707
0.11446905434628579
0.71577066674870615
0.29976475354388998
0.53800434795477892
0.37852161197498280
0.49684491503290429
0.43964564299628422
0.21103795295053290
0.59628655454854840
0.24737202837306593
0.40929967549409735
0.29394259262785266
0.30235869783829272
0.46461668445673093
0.74278223918141106
0.33076718724806231
0.45896637624051878
0.42050275640048057
0.47045574891885428
0.25620417982550181
0.36865984245926869
0.51729394601565681
0.43024067274364008
0.23989672057718670
0.50911730175215042
0.68326584408870550
0.37941050316626940
0.50343624865400616
0.51740494062960984
0.78714863050865669
0.47881476700285908
0.49155841108184994
0.33251627766856429
0.59530801945683198
0.70640103147811761
0.50120181448909984
0.31427533857887113
0.60189078769371895
0.50923163761379231
0.45816435723247118
0.69670491625886677
0.69541540756169673
0.44507212780217970
0.46933115938824954
0.65249136101162009
0.67890635184622905
0.59839552537103335
0.38114074189783709
0.55402549652989375
0.52373453900762246
0.65226077272013416
0.06509794295768767
0.39331184367861277
0.45095557681211917
0.92793235912920546
0.75821309143234639
0.57287633557070194
0.68518575466209530
0.56541884782149809
0.68951414951984036
0.61716988748224699
0.70628892920644948
0.35667281288045583
0.61552790363888332
0.62527706245247927
0.61199518397685237
0.26328437615601707
0.67239030813629586
0.80791267536822853
0.38771613511224062
0.48434441691756003
0.70416932763810181
0.42620484652624513
0.55032573841609145
0.36411719599728692
0.62465932505324961
0.26532601226556740
0.45804969116319683
0.55157809691443938
0.55081202456612277
0.24383298970607858
0.55411554273046448
0.57860737859568656
0.37096829171551948
0.17735384413871402
0.37915592449611624
0.18639458587205782
0.50914972891310806
0.27954430881332409
0.35751489744621057
0.29979988604053820
0.63911344664376324
0.40138450423563554
0.41126752302789366
0.54460419320026088
0.39621896428749476
0.48376218937404719
0.19216651153619188
0.63374198706406992
0.34839672232877317
0.78712346789333965
0.34897396853627988
0.33592988133057489
0.39754501754310023
0.52254635048963893
0.23702782116416832
0.25511818322628288
0.54840233162812813
0.40152313965410108
0.43734591718137672
0.38619179814264681
0.52276863015790975
0.42810855908818929
0.29594767914790510
0.47759880302953872
0.78714141054429998
0.42578120952249676
0.49450119930959779
0.43707883107365703
0.74487653883248961
0.56756979119681505
0.52854767273509196
0.42219133749405741
0.79193218245889097
0.64725581428496293
0.46003310331573000
0.62255929164582224
0.78477381933075074
0.39014606588107470
0.43187825240072414
0.72559848083357492
0.80704259099711051
0.56313710676464179
0.70693134663366664
0.63879984391879285
0.74910460792214839
0.64822595691709539
0.27912564956077757
0.34645171102099431
0.47144897584653478
1.08654417613849530
0.68723438065530895
0.57653614147265897
0.62906812422311942
0.60748133548244643
0.81612124085118165
0.49945467449532993
0.61710247756493508
0.28230173827208627
0.68890450726472086
0.73927802425176636
0.63283734045251194
0.20624317760281796
0.62259666649593781
0.70349052998457007
0.49942379575828583
0.42201016318660367
0.61601443925164800
0.66408995150912542
0.23362436162354783
0.38337544887183217
0.63751390364079086
0.30454295880524745
0.31911926255449224
0.47797304426319415
0.64798494042072052
0.17477333425525798
0.54101298768215711
0.55739008191829176
0.57559953923180707
0.35671345721444492
0.43959814361907956
0.69991032798584873
0.70405456990404747
0.52558861286088798
0.46850517204799302
0.42697433870601742
0.62995849115896563
0.53693073773620026
0.28058399887305574
0.64768467702155763
0.51086974587097489
0.44923108268277712
0.26681670385388984
0.77331266934731935
0.35639679304899374
0.28877639825050361
0.43525768173682911
0.40812227401535706
0.33561651245396118
0.66542637060507881
0.37213289516861375
0.21624435493545446
0.51423332869142768
0.70669758524338799
0.33994593919741645
0.22421590844530870
0.75547913515359755
0.51538239350175086
0.21196177030175589
0.34106745138419187
0.64253969807515465
0.39644360454757938
0.67172386207162160
0.37216143295744386
0.80562672529720003
0.43625837185842575
0.48918083652551841
0.34210397484621713
0.61726792965343402
0.43837090476872093
0.46274912943803026
0.45724336335374910
0.64133366555717530
0.52288997514407476
0.44968680716264259
0.65726394477781369
0.78112259375148918
0.34050536069182313
0.53789986535194678
0.68011959564373337
0.87384127575241344
0.69267617302001616
0.50138011997612653
0.33205826105933323
0.48836833140722141
0.76120433352806660
0.55585234998622579
0.47414358536728507
0.45438663440057658
0.68593708810305654
0.73897426195349269
0.47374834629827289
0.49173426070550313
0.28719881473130088
0.72415034591861704
0.61566308301110473
0.65506360142298869
0.23166706603514031
0.62393862714156856
0.66156839351150998
0.57341845889148158
0.35468335790599870
0.59270381129739236
0.69704167667459471
0.41489441749315620
0.46556099171156340
0.55250883194338474
0.45455433407703105
0.48785443593855049
0.35691645376488029
0.50059443121361047
0.37174163009583877
0.33455910187196491
0.50068596700893975
0.77430701073854991
0.09363192460289388
0.51423178358727273
0.59498238321586450
0.62941639182310660
0.48535416949084476
0.42214315151094739
0.60032268257635735
0.77838380294701215
0.62380545790382291
0.55619349819490227
0.70940310646668481
0.44750653816856634
0.63605523775622541
0.31074972923518906
0.65359319509974689
0.34795593753718984
0.43209078815493929
0.30028845047328562
0.77760172726813648
0.39536342096040195
0.37631672171400871
0.47166480940434824
0.29603692027026268
0.28409718822752028
0.75232389050896742
0.42853288856497967
0.18839490704186224
0.52104540215622408
0.53465438601102933
0.41793773774373433
0.18576629341779949
0.61322582740865461
0.49188480839897991
0.26613041047814912
0.21439368228898131
0.75324969146087717
0.36128049565040210
0.25998825142643134
0.27057759046270402
0.79706090157225284
0.53410745688356565
0.40893052523643181
0.32271137581198578
0.84672763642109994
0.45475910310542489
0.53048675124429256
0.56183545059230933
0.73724635732454324
0.27186294215798468
0.62726826689791093
0.78708834259026195
0.64522556165711242
0.34831583885644180
0.67214996941338412
0.41180614417672767
0.57967824295990766
0.71241861998593004
0.52280477638775391
0.45054147991084303
0.30304344756634588
0.89910247139588617
0.50067605026668005
0.49179762189939069
0.25696159271904423
0.29921835226916749
0.68233598806159768
0.68754170329130460
0.72770379312482725
0.51270658895521204
0.68230480817629835
0.65694741651447885
0.65597783599233839
0.25105776450506401
0.56314650358234652
0.81899957427063952
0.50467779890441578
0.30506063816690121
0.60790779064375178
0.80035758999563611
0.27078401763988602
0.28253336713939481
0.80865203729730240
0.36360290392258815
0.36132918675199233
0.47800031803163406
0.62044694783503740
0.32776728791684834
0.43563080923175279
0.55119097706680154
0.58278411788411633
0.51659792758329526
0.43428076595487769
0.71089851338634635
0.76815627656303920
0.46506066774078958
0.22869591507447706
0.71000729423034525
0.51965887736456395
0.58767857083188568
0.24283330232420003
0.73082226681318763
0.33024561550215759
0.52195513207550992
0.21923086934412186
0.69882930375959496
0.21606351127532908
0.53609649892671540
0.60608053082572699
0.10158904683987741
0.22671263610729803
0.42925157803366015
0.42166600542691246
0.28098560203788570
0.39967866660487927
0.69433885878345858
0.43695003355058110
0.17722442889712375
0.53120858425365702
0.48813075379776616
0.38904116165228919
0.14940222644823098
0.67339509118561780
0.33247664662749787
0.62373509737786670
0.26507464845945372
0.56756430441784056
0.31375501389244675
0.29123577991699579
0.28817085047472318
0.72007304421423179
0.37722279140719633
0.51139027517469382
0.47467165308903353
0.74244422049464132
0.30626263550025989
0.68429301192564973
0.66353851949261400
0.48766454761000783
0.32956779045766899
0.80329027187193158
0.59642836449659198
0.54390768933811318
0.73118918659554977
0.66020725638604438
0.36338996210145158
0.49730905572506967
0.62446594450323090
0.39413134250604220
0.68293135338719058
0.36061789803359839
0.57711606701374163
0.47901658750058929
0.48317053854594427
0.62725341192425088
0.34700716207080562
0.71303320303342554
0.53474955969992566
0.79517256685359838
0.28049550327157236
0.49804061615688117
0.80967968502223386
0.69726425239159728
0.19040542516342795
0.46071842006172320
0.79549212220248811
0.42932159610573439
0.29785903546510295
0.50140958789767121
0.61728997943962194
0.42040913128274193
0.43163780801998541
0.76871981834510028
0.28631849783249241
0.43552466416593322
0.52606906852146740
0.68239130318735897
0.34910579244073797
0.42680518784012017
0.65044551692204988
0.78401463602491972
0.39523794391056283
0.50767526920561934
0.55854523912331799
0.72406588170202646
0.33791156477458706
0.34295642689885719
0.62211929969684077
0.56037282097178298
0.18092273114761781
0.34663641937242906
0.65551127794692587
0.23420363568449212
0.56691658793684974
0.16903007673568002
0.61391357611783048
-0.08228213581715438
0.16084333314897181
0.47104208402820635
0.30371655238904860
0.39285612542198300
0.21014415092292671
0.43191019007254383
0.13564111938726586
0.52491971031713602
0.60274586372169081
0.37856869630446643
0.09286934969647920
0.55272394120491675
0.31869789683478750
0.54190985992315044
0.20633994449912485
0.80808920285236907
0.36364272380093665
0.39103410423182106
0.30102504062355973
0.77964509887776778
0.30141998994455371
0.41087689927220916
0.47400122948339107
0.67521139034042232
0.18428171556293949
0.71952010652714704
0.65831373585410069
0.48571417416980095
0.38359159312395713
0.76685696031298867
0.55545083777711279
0.53648361508705911
0.61420451394618392
0.68475463717540386
0.58225655124077713
0.44954975512343615
0.86428601770258817
0.54968912161486094
0.32559611145459011
0.42424713839654210
0.78778793412340187
0.44089289817366695
0.16807524995590584
0.61008303690842625
0.33752831985554099
0.51152543478009838
0.59563351956861288
0.75844423302693897
0.38017502999728109
0.79412234211281008
0.58118109471736057
0.71076399667159385
0.47720318362829611
0.51674265775939277
0.60908435794152038
0.53336675490389074
0.45267606314835462
0.36305680670264845
0.75898995780157452
0.40502889188315661
0.51353533775241123
0.48988320008526581
0.30150157591432614
0.52427049335867071
0.62118536784485834
0.66980262343714858
0.32415922461467334
0.44659941317299456
0.53224680863256402
0.87122594363420403
0.26005753809911891
0.67945631802967688
0.39897366217963154
0.69933436486995326
0.39416252673448599
0.39657071631627999
0.62957418994536407
0.55268207696610050
0.37117089634898737
0.43868019507267553
0.53339034803370811
0.45305691927722064
0.33439651779877289
0.33225689740730524
0.72630972185534926
0.24311508858652642
0.47876433938743068
0.39866892364159662
0.74609747258377501
0.42267334409035756
0.40562014678068337
0.57144332199771619
0.32111741643348651
0.71139656755497893
0.29799931892154613
0.29031383845483272
0.13466517516829113
0.47403937462314283
0.45986621551275741
0.35611654101411089
0.19555575108185602
0.50311322474407516
0.28335665399047977
0.34659576764870570
0.24502264620366251
0.86012455847391789
0.30161299600844083
0.54214403629642360
0.46191147819894257
0.64469322554729980
0.22682337583246648
0.66571275446944922
0.54782031571902279
0.44315924138681917
0.31535623225855525
0.63849719697551399
0.44209413528354896
0.44272171455518960
0.53387204943036748
0.79024986569762656
0.49406686620143270
0.48116442874601006
0.84927467766556530
0.54055498019102166
0.37218560231193754
0.53412303325128985
0.70416975749651312
0.45697250742709561
0.33610117648265747
0.61941292422709848
0.56173342280504690
0.44488985718733076
0.42154876233682681
0.76034037727974169
0.48819608171311546
0.46460640386106089
0.79764766519892216
0.94925011581061292
0.64025578701098396
0.56975730892675869
0.72501828239441712
0.66949986226642710
0.38803909297631517
0.39457645046299727
0.65152498569668815
0.59705326011971160
0.19453247064175982
0.37082874909109698
0.78228957800134391
0.60669349258689254
0.73776090584811538
0.58381556150123615
0.39001826290567321
0.41037082787695950
0.69711252045306871
0.71196463368222762
0.28426313161135547
0.47464610825288123
0.39484052643051620
0.62681430047058995
0.33560042748282809
0.34504519690883939
0.58089806926061893
0.64048301727945445
0.40890256717378748
0.38544976624686489
0.72928675642012131
0.49966413019789357
0.42635412057085798
0.40209761691266332
0.71594629736427240
0.34693737734680941
0.35545331956267745
0.27491290576340488
0.63926557750938751
0.33529480161083403
0.65483979269924775
0.47929105998295918
0.78469399003253681
0.57900617488556483
0.30521896884255717
0.34269553782473405
0.36190281516980072
0.30994073195985417
0.38150947599918694
0.30075171679505019
0.25864836740648844
0.45668098104622196
0.53689384248435690
0.31023343803389603
0.19903066758193239
0.82691198331297378
0.49654061900692315
0.30109734069346245
0.67009467944637691
0.58677633907812288
0.32477710385529357
0.60066308725850603
0.38732351388074737
0.47651485698061208
0.18166789244241388
0.65426672224745930
0.34197745373672361
0.59267596424704538
0.38786112924003180
0.69707522025573476
0.49347416152475632
0.56790765894426887
0.65452193840894979
0.60076340370791526
0.66498115195119811
0.51928559775207617
0.56146917504488569
0.55380631620918142
0.39530019810539307
0.63539153911369783
0.81723733046117519
0.34661198036446206
0.24595341035377727
0.58009279690917570
0.49800461237314686
0.46246207518859805
0.44106912276756083
0.85453797464070391
0.70212928139963360
0.50105668832800354
0.71636200107080372
0.63186060763641971
0.67646289193402598
0.24184824262519872
0.75356776482979826
0.42284933088138793
0.63271106013678480
0.53947546218658815
0.56729335432590056
0.60801726563074887
0.30847384296754055
0.59773372004707814
0.40374013353589333
0.63434322438684410
0.71920549664151390
0.75081451573698654
0.16347266594302506
0.26554163444904599
0.52642907784393778
0.56263663011300968
0.30125845123103479
0.27019969382289410
0.46199846231891123
0.85250601893501254
0.27543596341983068
0.45356469530145427
0.60535214165544349
0.63604903475949315
0.37128020579247767
0.44718262771688921
0.60633332471450607
0.46334575859275196
0.33490401952561533
0.34355836926075201
0.62928230611688574
0.28984602366310597
0.40764127305258169
0.27828548813923326
0.63300636393475784
0.20495292467375997
0.24196154215906268
0.48785852315250033
0.76199903512065115
0.15317736118960612
0.43326184743648538
0.19508387016546935
0.45224797424902885
0.25042446590846090
0.53855922274776868
0.37869366307335806
0.31930865945728726
0.55681679984883570
0.64844036853955667
0.44983799854297946
0.31755421973672160
0.62638711123621971
0.20088911488397732
0.65584768281145223
0.57197239652715193
0.57807663053489400
0.25387500379922950
0.87319711919347642
0.51393635561042750
0.45001783198853584
0.36666250042371579
0.85336661249098300
0.37826271407394108
0.37507747264988095
0.66631042580197120
0.73051267817832133
0.32166376174541722
0.61207867816985240
0.48907001569679220
0.54913293816195630
0.49164638706706798
0.52959666406134709
0.59234074647481472
0.54501290913812039
0.34717734637043307
0.58661794292566749
0.73910236599648038
0.54530288696517215
0.40358083205734108
0.74159066214330238
0.65294144430366186
0.66273842797579141
0.45457608463977273
0.80071636667790846
0.76994761521578892
0.38438849794165197
0.59686196939140435
0.49706664436739911
0.64397875551946493
0.37362394134299115
0.68925384782302390
0.68705116714560244
0.47514583209412464
0.96770777370562455
0.52000934457829950
0.66613331313979096
0.73130529638842812
0.68858649208297384
0.21927895481950166
0.59374957714724097
0.54154095051455031
0.87229187902142868
0.17645968311134969
0.62259861313077580
0.34276681176662177
0.78402392094134776
0.28972480091724745
0.30234953270591580
0.53369904695726889
0.82821913691787574
0.32474973291697207
0.50625277743586539
0.72004294701219895
0.58779830382606846
0.30346792285865332
0.36420933081459750
0.69975063902575196
0.42748176962317319
0.35061886052740232
0.25936745432668817
0.88579042471589975
0.27472775415180650
0.60581830632178713
0.44305055007937133
0.78983279085285429
0.32753549328814363
0.57139693350718312
0.39998572579346303
0.70807967784134229
0.20391099558653913
0.56436444339767389
0.54126620654546698
0.38999050484195547
0.33399650632259936
0.84636191666816485
0.56175263430199673
0.38066772606580579
0.46333361907295156
0.57442847184040124
0.71422417102508295
0.50611561178212128
0.56072342696600153
0.37970891067684398
0.73386205512382008
0.49186454392814449
0.27365315844130678
0.34933679046921928
0.83067198900761730
0.39253343213814196
0.33835992915582602
0.55712019889775577
0.79325674966172710
0.30602127417887254
0.56684703136061731
0.39225814426997718
0.71247934597372420
0.25038181751102045
0.43229257619211708
0.62905500409921400
0.60504166194794151
0.47740133258797568
0.48371053732242730
0.79876097580739458
0.71663464217781603
0.35621928319542284
0.48426708201234764
0.61508399257453905
0.73623990025685337
0.20499680180814361
0.65038289767787139
0.57097154947723339
0.64918271579757614
0.35082452017875998
0.58935856458004676
0.68577323152602010
0.41423132576400490
0.36016382930907931
0.55977664875224142
0.62626179422032968
0.59755107131844265
0.45538412746085244
0.69671168043103204
0.80218164889436971
0.62050023960808676
0.19947409879715927
0.59947166722830036
0.43486392644561839
0.63993725402216473
0.34098178831324621
0.47944865096783174
0.57254045671284504
0.63391866743103420
0.41836694668319246
0.58998512161544225
0.45280550801677288
0.59923900955550713
0.42415346070920312
0.68647297800863571
0.56704737853196607
0.67653532018927187
0.73961035964701827
0.44612584250065179
0.69894876344158308
0.49944411670190214
0.38857293610558152
0.33215679882325044
0.73151106773931251
0.42197098323323734
0.49731482477192623
0.35804696788406615
0.66026863150023729
0.35522871642246301
0.47734071601225703
0.48121674538561832
0.73288964236967824
0.39461198053710467
0.71470576439382094
0.41342379692578402
0.61548837134778733
0.35534743621283271
0.48665182790779116
0.81726402083814742
0.25445281187447327
0.46808983772633944
0.56917910134281557
0.59758863989227229
0.42964886629167920
0.36478845958110251
0.42453567577595486
0.65034671915044173
0.44143487567099426
0.52798001153275376
0.42839536096591102
0.78551550284964033
0.44361362543665239
0.45564927882666750
0.45991953863624963
0.77348218185885620
0.39853047915280382
0.46559624610309769
0.47015435334168088
0.69702476273222025
0.35244883735544286
0.25376679487431630
0.45885654771167922
0.60960448218666463
0.56441130100294967
0.40964843979661475
0.58990360040894185
0.83083199271218122
0.70315873008820706
0.44709007712260240
0.60843226843193943
0.52149727476340024
0.52417683806289916
0.40355019590858854
0.41578583259393165
0.64968320999679663
0.36900119532952530
0.40293207759696525
0.58417099961942909
0.66036429941531982
0.39255677928991389
0.50727307193649696
0.75973634558023917
0.58788819987557395
0.52512399159688827
0.67472269851152555
0.89364876832459772
0.61663276379334542
0.60064657856303671
0.70340606051115839
0.61819015276421541
0.59153980880337542
0.30625303929585013
0.57947934080361407
0.63685266477460811
0.65483630919571145
0.28860204172359272
0.22744994086716874
0.70599164137094306
0.57340334034012519
0.46894740419392267
0.59747192941667338
0.49856403947429451
0.78862130130425290
0.43126569552117167
0.59554497248226368
0.69683535505514982
0.54348154731886233
0.42859174530678590
0.42834617951690529
0.52150709278626206
0.58263820089462803
0.20055759331050216
0.36153484211428827
0.64815582268477279
0.39777021380241040
0.40676316224424347
0.47830262607571428
0.70711084775510968
0.45518981412099491
0.42260974941175011
0.64230459900721493
0.84843987017949163
0.37638759607507882
0.47058767086311865
0.67400402119426028
0.58783073292551613
0.35275145492330984
0.43897512700740016
0.88829733748267803
0.33372542536673833
0.36156601800002042
0.50338386952266467
0.89960773282696560
0.48926621321673569
0.68191592399643552
0.48405453672054727
0.38050349187327265
0.46374855989859931
0.14979572043469414
0.50370359078302340
0.82519015077223312
0.39057122046037185
0.40058064167410001
0.50827096532127203
0.76134295877719760
0.41382189952327941
0.64162562826571568
0.48835088950268024
0.76017473876036767
0.64625004827647459
0.41056144428732033
0.46943527148449293
0.79423895567979585
0.84952758867079947
0.52858076925997755
0.42836101562500217
0.80451758474939949
0.75124691748136851
0.43585269713968017
0.49190655207296335
0.53941117653044368
0.42659287101997168
0.42822817255336154
0.39259596729021334
0.57795273911811429
0.43882396418659075
0.39524317565874989
0.43265402062549263
0.81597146026230949
0.56673167523188950
0.49156827379371154
0.43704747962414436
0.49720001734271257
0.75138242231805907
0.71270309224982231
0.65637913806798243
0.49266083199834243
0.53038279890908624
0.64493574347556404
0.56253669762816805
0.55833953968188810
0.51735929902272526
0.42777167789004350
0.72562922663690443
0.51544050376655615
0.39163475826372901
0.27706380259611757
0.67104606447169568
0.73608938091313758
0.35614774911260522
0.57644604217723916
0.62055496732717064
0.48099671646479769
0.70129414423676950
0.37116115227384555
0.62999745154627773
0.56573179775947735
0.16800494017120415
0.51265470938767765
0.23133614273583569
0.57561074845918681
0.15858322517572171
0.45054837466215730
0.66900254993449393
0.51124500856113386
0.30642160513517225
0.50046146992474827
0.70547752917979345
0.57593170516248160
0.22546354344264852
0.60298419387945656
0.56559021302826862
0.55137548029261496
0.51342771718832392
0.67432658164686532
0.51642951331064202
0.44085940829845571
0.27376307006120226
0.67303051268490610
0.44680185958684371
0.30460747233461583
0.46329782297028410
0.73985832419602282
0.44532325866593436
0.40080328419191336
0.50792805358177129
0.50121965396911561
0.47738881007997996
0.26886558908006741
0.59708219289132658
0.50542707129781339
0.46005624972965897
0.26950193774943443
0.61844561353208638
0.98854807577457571
0.66903372566194785
0.63403872678019435
0.67922256053191088
0.70072669358991879
0.76492079757159159
0.55052405963154727
0.34195973315418060
0.62022520270875048
0.50341746014643673
0.54864784854505677
0.38595058386921377
0.60430923980727747
0.57183297118828258
0.34963608126790630
0.33419981449525027
0.54063685106954895
0.57509132571697763
0.24753527512800383
0.33137079081086984
0.53349756978758822
0.53059139579800463
0.30928524310541761
0.07663889141992336
0.53215996992488179
0.69178559344173640
0.55186390639420058
0.32761898517013555
0.33106911465965821
0.63819680362191900
0.54419841181866235
0.63411807541422549
0.52376050108069538
0.44020960590288910
0.62786149037508598
0.44338158719141696
0.54126328271092827
0.01961949338919478
0.35607853825750391
0.70363224212481068
0.60415463708951989
0.21495908134233876
0.46807867233375344
0.65331487421606171
0.58154446016559302
0.45532587486208353
0.42813838260631132
0.59514901729630798
0.46491913752206709
0.35067224862963137
0.51908873663272592
0.17030581611562234
0.54168013169494045
0.12715296717970470
0.29656134611971324
0.44849017519719975
0.62264230419797162
0.34546393343389531
0.40647251900529552
0.73325930398199823
0.54875214206892275
0.43407464772321169
0.52269607755036063
0.65933625237219706
0.61268881225028848
0.31761483911342225
0.56206715620384795
0.75818131578504167
0.59653916767317794
0.15338973846284587
0.72555448738083372
0.51905025641004410
0.40744714662514941
0.29147539920611087
0.72436592194475058
0.29803890818494005
0.42690696528196215
0.53440987516904137
0.63622177776412459
0.39008985784856298
0.32554518462906767
0.70881080763408844
0.52775536498070452
0.43854434373316625
0.33291209063030208
0.58193525354998266
0.59528322890325502
0.39574232425062722
0.46961254957027221
0.43877382069312693
0.67985175006950183
0.68797993840756622
0.54521647425632347
0.37165180669617859
0.58546627492982961
0.62098500665463674
0.51233170320799615
0.27673055781326161
0.52121418634052685
0.70415933457212299
0.43891393263445105
0.11418309351237699
0.42290862296419401
0.73908662945703629
0.37635096307853888
0.37531125557386802
0.37128307919554854
0.81837131862574586
0.37326815621225290
0.32038569419016671
0.37232705715542508
0.38660235551390015
0.45306344269450016
0.31317646482763939
0.36505888788474378
0.50945782151494934
0.43739162868207382
0.47851608929949924
0.16721351483262059
0.61191891100807994
0.70093455797416260
0.55181017746337202
0.44798218515813087
0.20088189089632985
0.60825992308329713
0.53936817310313134
0.51907924602124234
0.33451040038256041
0.53310692498430756
0.48426307520086354
0.57714490170990806
0.43353030535828607
0.51150168240350447
0.68644987304917948
0.55774047807159910
0.38827907841033882
0.47897582512006509
0.46711531229864811
0.65494920829565850
0.11772743504495303
0.32501359981440775
0.39367160909453580
0.43795292473241459
0.32751544281831474
0.42950517310260750
0.65639080053696586
0.62543523298882786
0.45723446835839060
0.44337561317190177
0.80210402749336129
0.60342071962983967
0.50545649113459423
0.66400412022225419
0.52472282448839380
0.64937356359275444
0.32937547593250072
0.71052879676465130
0.35605924299449143
0.75880377451129699
0.38690089838970565
0.57002369420823362
0.52387108912158142
0.56385906553606768
0.43372325914704057
0.58989958369714390
0.21182197600572683
0.53698489494240054
0.64560493926586904
0.46565401575701232
0.53681421034330790
0.44637829825734698
0.74210304129771298
0.46331182637943008
0.34753249156333832
0.44301899569727959
0.45614686676642324
0.50438016051210910
0.60736110960807566
0.60634288271166814
0.23275615528816418
0.52909997977435530
0.83673263529202802
0.59276704367278843
0.23364642358375021
0.45503408536318035
0.74339820408204915
0.46839947378479707
0.62342618536255689
0.38157720485046476
0.53443337208638697
0.40153235221390993
0.53731583620112744
0.35624158282370078
0.66529693892025421
0.41344287303755700
0.59899514651624575
0.21504478619904210
0.63569714784590381
0.26083373082866101
0.55721985927920259
0.22295451869002292
0.68934608414969922
0.60345131986230149
0.36256664175360487
0.31479308393770605
0.56135098318659060
0.61501099737333054
0.45424308540715780
0.28407011091903334
0.41187816894638540
0.72859371141778362
0.53134959085731370
0.56427030544077461
0.29164865683478625
0.60292181578565984
0.55069785751943701
0.56758043232859245
0.24194656688801364
0.61446862054994278
0.75431731461431628
0.59537898798817979
0.40252512011075325
0.58824180161359818
0.59669237277724740
0.68169872978543045
0.33449239897471045
0.44409258541485852
0.43976531729368107
0.57818259174010322
0.35806978102663301
0.27949819545350474
0.49622567415943658
0.79294679520529554
0.52653134276319757
0.33071926397278933
0.73587274938813674
0.57885249936407701
0.42161313868162043
0.60994625078908338
0.76694869574700830
0.68106751798265330
0.58430802450530772
0.63704592774355739
0.50173823135770435
0.66854599270854909
0.20657404012669101
0.58533806827769042
0.43754956241012921
0.45212745245725938
0.40268604158915611
0.36965101858076999
0.40126678998083942
0.70709563055578806
0.63179528197734669
0.47145645937994807
0.48504311120254789
0.52026736545889907
0.71818017244965104
0.37387721990568312
0.55371750590835711
0.58023599378898205
0.69413341452407473
0.32066685556323443
0.31746948379557566
0.59099943574421387
0.38418756620302230
0.43305827569770955
0.51059195235253974
0.63886193211946751
0.27847369298492031
0.55583440221951697
0.21785018818934065
0.61828923516040346
0.24861750730482196
0.40558238038042221
0.64366618563914146
0.53288137238037447
0.45864167367619652
0.29622460252702471
0.79197504894260340
0.63212276192127037
0.55854211107574903
0.48669171500140396
0.75383389632681186
0.41665818232099527
0.68901022704590620
0.24319217393325332
0.72081792980902104
0.61835124671901731
0.53423010051241993
0.37116061859913563
0.55643879283832276
0.60716897058152919
0.49174774293116758
0.50746607624756035
0.43857303921155499
0.82550253515459115
0.41146864397620930
0.40975393023561985
0.23127969505799684
0.68880778855766289
0.38713997627233476
0.60049929545738912
0.41335655696815410
0.65121367608002068
0.67587632889963223
0.63943511380042617
0.51819701189472556
0.70433176414051790
0.63111036536533449
0.60599460128009186
0.36116500886100400
0.53802588886760194
0.32649598863317447
0.79460782598092305
0.55053895661996821
0.30370967877211230
0.40591908916988373
0.70335420483647826
0.56260410636270941
0.62068135380029010
0.33602311714886890
0.42516095627718309
0.67616934211995405
0.63187411952300110
0.77976876973006515
0.57470069447631444
0.59307446070806269
0.57367462249819634
0.67720457718681082
0.50669535819287148
0.41513079670431019
0.45545105817077813
0.68399115914571396
0.63945230371640460
0.25732837404177911
0.42884088488401495
0.57352298283513536
0.82664240299231817
0.42427490510683263
0.27057056218134723
0.45838978917934226
0.56555715649783589
0.62119215943231942
0.43402920157345826
0.63738485209315465
0.37629639646056401
0.55619600236252686
0.25211709174596186
0.37890821950454140
0.73246026716378709
0.50807939723338835
0.37861090112471363
0.46822313671690347
0.72116871124136739
0.39837052276537899
0.32677271470825875
0.50952711799259598
0.63311302066269670
0.37250561812782201
0.24871485837075580
0.48651095781285925
0.67578266421777999
0.57993230990601619
0.30675037804316108
0.62603613705378791
0.76047801478378263
0.59469293935919887
0.32474939019962967
0.62393509773647648
0.46687224632120672
0.64957747709178038
0.27987642904677201
0.64171478676824367
0.67823266555271666
0.69934937144030995
0.19957085617801984
0.46029057088029640
0.73083389835518264
0.53721923385727044
0.47249133958018386
0.51877742738217170
0.64593485532541095
0.45798093244798588
0.33695409024137557
0.32405950961683794
0.48562217491293874
0.35157307877291011
0.64245537121472129
0.19148550997294433
0.69337838267270746
0.52658890409231585
0.51810622206864976
0.15263133015885300
0.61017375732581736
0.35788048170854403
0.65793185566579204
0.40078667989527900
0.69243071747707197
0.43861602220755602
0.65771109494897617
0.48729935628550414
0.63466624249142978
0.32647533224483605
0.61098181125912832
0.59855740241985889
0.41320763925247311
0.40895065881649090
0.45109626376593598
0.61710035254448004
0.55229273027456771
0.63687745033697629
0.42758718660070616
0.65530283824525981
0.62090935822094862
0.77155560216932073
0.41698594622485596
0.39856064276607384
0.32216319462664395
0.50954769512374376
0.36122383700271532
0.48831114158280331
0.32379474944122300
0.70965357315553679
0.47410760072390223
0.64404364092878463
0.56604432756619727
0.56406908812677969
0.57030247335898987
0.52108215504044930
0.42885290326838044
0.52674197968277769
0.54157428999253010
0.56258861636669710
0.26883628831477235
0.40843625427976238
0.73099197421015505
0.44335694409563520
0.21452573134049324
0.31270629387685117
0.86423575503006944
0.54513466485433637
0.43572597564946786
0.31525917852802171
0.77737988718096673
0.58499016728351871
0.48823279561015048
0.50712595940511640
0.65137393636998597
0.62377108660496683
0.51727483636761984
0.61009007288630990
0.70094660665689379
0.66893989057064318
0.34597607941900854
0.58265725899747411
0.51442183714286838
0.57962705245232071
0.27039576098528717
0.51978096275391450
0.58613463817373712
0.62669589575695628
0.37069241728740787
0.34776971462814504
0.72478372520868983
0.72654217440734870
0.22764135430845567
0.40476749877625429
0.59839993694236693
0.52975235824611122
0.24180475083650721
0.38940404233838088
0.52497906358999891
0.56163863900986888
0.43310368586509318
0.42535449134722170
0.66056812185561975
0.71439639537113719
0.57001726880115922
0.19866359918967735
0.46789103938662796
0.51685739862380553
0.46926412142820889
0.05074394012064820
0.72274575368204941
0.56854130094069111
0.44395755683935401
0.32640292439788171
0.76984752558640845
0.32380747218112083
0.67246575538480047
0.60868523240740879
0.68515306835985257
0.50816935383701189
0.65696611530814697
0.76241492020570645
0.68487640927261728
0.52266876379926730
0.37147365573522617
0.60821331017730829
0.54941509178019166
0.70482578669748319
0.49114666476891039
0.61269002340495704
0.38239242435604293
0.56644444421347717
0.25375721969767040
0.52063527059193626
0.27788823447811661
0.69014127302874861
0.42133719364186489
0.48923936373655663
0.35720276551837060
0.69599951888050904
0.57597926099471786
0.54296961952493095
0.13856310252719928
0.60224398849766458
0.72304104471988251
0.53277538024452475
0.27008952002187381
0.50430765562290858
0.87881916182346786
0.41470199326671581
0.43847530063581808
0.42246895361805309
0.59326211963357678
0.43059890503380671
0.38264762165283916
0.22900391536061832
0.52189082298630818
0.34544776971518809
0.33334469528649219
0.15533301339063704
0.65999183890334390
0.71291853303750496
0.24760599044227161
0.31046324583415658
0.45421764905994128
0.50495172318280535
0.39200249318988922
0.51922126516562062
0.86412304196020784
0.55960382291760524
0.36025794883580586
0.49510337705776863
0.55525208802903225
0.51647350485249366
0.33842583226654621
0.29227398233743018
0.60196622847165604
0.48661381056468533
0.38803058874141205
0.16305566286367967
0.72646681299364213
0.49173826937840609
0.41876271276872568
0.53599837039357057
0.62576626566778804
0.46548133565050054
0.56897918099184230
0.29387725375345169
0.43225348572018324
0.57243885359341751
0.66071916043257906
0.25864609730327598
0.42578896811870759
0.48146505847224574
0.45477445882829326
0.42742217688855821
0.47913351332485343
0.72014109737883536
0.46424472351647167
0.36525276238588844
0.72555299525342964
0.46092363318491358
0.55907028411820392
0.48598058711201264
0.76899421064094264
0.37032245289606197
0.63637461798845252
0.60943457901313991
0.67467397245705085
0.40126393602753729
0.46711206179138187
0.41876793644502214
0.79241452405282620
0.61310651947401773
0.49509485263525382
0.52358325230713954
0.58394140673342187
0.68158582588375427
0.29529687840511287
0.27551129730388701
0.28129654826492267
0.79487636691278307
0.39117948817889392
0.35747159151129204
0.27621565952389648
0.73289255939009001
0.44391762602278817
0.62277551484615734
0.33652963768292199
0.73942963647511739
0.76090965152967682
0.54777683766427887
0.36885177280304060
0.54193808308639080
0.80208130980542858
0.45283028045567464
0.27475417602391705
0.60710795662186590
0.51968934740709483
0.57051766290701966
0.39854379360878034
0.47015481853717672
0.52430810755858737
0.49113002818539081
0.36112371409906702
0.30553578166603268
0.51150561292536145
0.68920845917490969
0.27039514366436784
0.25703704868556365
0.52513304498551305
0.64375178349611106
0.32799358576239857
0.47469957198094231
0.56767016316185359
0.51599568642700067
0.31774222717761058
0.58244307490892022
0.60346361528703230
0.41383710733280832
0.18946660038613050
0.38955593215415762
0.62234928879564078
0.47003917157755493
0.48083402015811177
0.17964626051291344
0.75240897799351325
0.49673692203481185
0.46500803140192326
0.54924898592109761
0.47107358391304827
0.70369807331354717
0.40978450741002254
0.75255752699615963
0.35020374303363422
0.48267958342541240
0.60178769901631546
0.44574628470636624
0.26568562865671996
0.40730084974241937
0.54383376578929565
0.25908256454289513
0.42092877978160048
0.39054667431204865
0.51814462457900590
0.41464763276466532
0.71683214846863652
0.61214326087358395
0.51112005834897101
0.45648340443195184
0.86605593057091079
0.45076963272329734
0.38581080652026667
0.69586448967136749
0.49631520321942191
0.64824435405027103
0.41479654577393904
0.66482745476498417
0.54179335036580012
0.37894362109674723
0.24146126234990894
0.19817624632326436
0.63811058804721399
0.69537138236316531
0.34029317975650519
0.35072089304944443
0.31955076285392503
0.71763176792891281
0.31546328875379809
0.36184695707973602
0.24158926190926736
0.88158782501659072
0.39493539812649026
0.59370274704950565
0.47063113685301655
0.67102804901289481
0.49932696002293619
0.58611214804027256
0.29678126488157985
0.68639099911270274
0.68541033727487266
0.47907304513645516
0.63130251684364846
0.57929860282580914
0.82925828713673977
0.41591849231412492
0.23386570387754446
0.65848077666222782
0.60499718233439292
0.66434847677120290
0.32029004681892220
0.36455734965902575
0.47389571147928028
0.77483076988441213
0.31609273245328540
0.39110317087755064
0.42191642084078873
0.70646786336630540
0.06451666502284176
0.10048603338549827
0.48741406632871748
0.57683582934302369
0.37333608399779838
0.54985247844517426
0.60639539659665986
0.30858588660304132
0.38619014332651030
0.48970472611002025
0.43845082005325819
0.37344838675660752
0.42171075225825860
0.37974322658479204
0.74216717148587286
0.43704426403547969
0.41727897672449776
0.14822032531559559
0.74328824365733448
0.33597773757388327
0.42373055193560138
0.77509660731923613
0.47251352590279977
0.60443832520969309
0.60707240714872768
0.65736588569461940
0.36489364882540087
0.40635609738221834
0.55749485912914731
0.39382354130846348
0.28415497013821889
0.28694291687968732
0.42748002105205962
0.47517016105529780
0.51425376671535716
0.43146432537695822
0.44522555522601237
0.57212250295097367
0.72100510026672093
0.47150137218363497
0.44096946338447607
0.51154412420309137
0.71490531542282210
0.43933937445050941
0.37211583021216599
0.60476039324238806
0.57179318190636197
0.44838334306623273
0.38742454926600317
0.27896661564194397
0.46232261273519504
0.45433358018038073
0.32883517610212132
0.36454684275919647
0.32590157094938665
0.64511448064311916
0.22112347759061618
0.64721127451558935
0.24201618168583150
0.68924835899972625
0.31979376290620193
0.61615354142378054
0.41992616332294153
0.75467620834650728
0.54214963922524684
0.58641679557495108
0.55845750053723087
0.79110731880678542
0.42724277112156139
0.51731479615459774
0.67275338427303266
0.78554943962842416
0.63639089218747935
0.54247761216874935
0.55069584451725861
0.84953482156986893
0.61193550427692645
0.50928015136156746
0.27529808313726301
0.38333164374991735
0.49952900799894911
0.90982462581337964
0.37280498621864128
0.61814648950097972
0.40940982051956287
0.79771150112241873
0.20121124914265770
0.28517881558140845
0.44096703053408876
0.85034319318213181
0.28796571014878658
0.46028382066987739
0.44612678251890314
0.36685687042834192
0.58175269175406386
0.77320964229544731
0.55454767097427549
0.34269254229027390
0.45641916314432146
0.56833485989567734
0.63100819835941313
0.33051611244509049
0.62930188087433503
0.49743980845010138
0.67034949069750915
0.18874856759734815
0.61618981618947111
0.54629996168271078
0.56106303854998718
0.26497466494527611
0.58881895709674792
0.69033103451494926
0.47378569493821937
0.36254940524799878
0.82134316006354746
0.59299526916869127
0.21812563545850672
0.18629873694289295
0.44399559676464062
0.46045612043423373
0.39650270952366351
0.45509102899260456
0.51431834839049939
0.80717316207950240
0.91514333000664183
0.31419539283951603
0.34481220314821914
0.51718757808688831
0.66133162623435116
0.37123743405901533
0.14095428750799321
0.43045119596327602
0.64334991285174492
0.38379949844751488
0.28943895813953813
0.37026209144467803
0.51168627537427058
0.45542710572052481
0.28417552200424773
0.26516964909483176
0.43680963315712229
0.67485655389006582
0.25742061157758361
0.40179957844209357
0.23925730942593615
0.90119599892148783
0.27611484579495177
0.64134368703804501
0.34808078802848086
0.77928524525117371
0.48210034419709413
0.57428372405974681
0.60243801317033341
0.86874120215175743
0.49586583621531050
0.56256018791444684
0.77177640183307072
0.76978743549060957
0.30439957144674501
0.48245705368810765
0.62714626780027172
0.85193222878082242
0.58360398592191376
0.50773280102000728
0.46496056339564412
0.80119716723027667
0.51218681533348098
0.75565310090804760
0.37729240138239206
0.49293707048032498
0.44178074667659339
0.91258368731148476
0.23031275963454698
0.30226376394997212
0.35906278036702188
0.67009714064807280
0.22855566107257896
0.29064335825869791
0.38012605040310532
0.70077358120365618
0.54879758609994478
0.69485106653801798
0.44375976999392464
0.40874722577252809
0.55644183615610321
0.62168122307386886
0.54061628525896699
0.39363438307062792
0.58293346465910423
0.76687240900565379
0.63421313730551243
0.32287776597573803
0.68563172202394818
0.63766996035150614
0.68319358765314808
0.36809355239727359
0.61631287197122742
0.44705017323907925
0.51198605323852009
0.23359377337367182
0.70351132548191919
0.52223585220494706
0.52498691337563685
0.32285489438252257
0.64761874957701893
0.49830146547361720
0.35101275883554289
0.23990648336878356
0.54230184227521561
0.69036607844531150
0.75399362002571868
0.31145856845209530
0.60686495143333730
0.55110222277480059
0.91377116810649361
0.28545150620346782
0.64472072780215084
0.25963621482578836
0.35785291155191412
0.26490532075429835
0.35914764014570899
0.26411873705633532
0.31013597474655846
0.19117820800072866
