0.52235276055600632
0.76368503600047000
0.49358731924636945
0.78022078871111689
0.49098804783521410
0.75633613042533243
0.49382832276159128
0.75038255206020010
0.50404105509161534
0.77008450954292118
0.48414421219007991
0.77753864907604342
0.51147810660000192
0.82220593209769699
0.50092179690898242
0.79962484956049462
0.50299181604720433
0.79497335857318541
0.51199138397469757
0.77447212577984736
0.49726822204587307
0.78229207761659991
0.52605500824953055
0.80069748852951150
0.51206638270142857
0.76983155251630020
0.51449728910323567
0.78201816932596835
0.51783676179182847
0.77243478344698091
0.50168270163847839
0.76315411403113675
0.51786338810967247
0.81942193392883000
0.49141165454142605
0.78161612799380054
0.51020340912367479
0.79633377683338591
0.51814602040899504
0.77640422611441395
0.52008561492688365
0.76531313550344626
0.51087747925076754
0.78120897654919275
0.53257331999546142
0.77015208497485821
0.49994301026506721
0.76560540014513023
0.50056440450920880
0.77831914912766442
0.50926404968467798
0.77326895526351735
0.47001185764206316
0.76100697041401832
0.52512140703039012
0.75861161248004916
0.50237142420233138
0.78017046432188852
0.50726906393206117
0.81329712660669728
0.52777389953524845
0.76811182303046488
0.51900843763888937
0.76507389279434301
0.51651839426792556
0.78481862697566451
0.52223953341554596
0.77290798288819607
0.50514371336032327
0.77411933650808162
0.53032741754185408
0.75846758415876880
0.53937738006377234
0.80221235296984372
0.53176195000975190
0.77181135984585081
0.53450290404593415
0.75943025310873491
0.49445986847381318
0.76721674300486087
0.51326664417778212
0.78020641541058799
0.51301514160532635
0.77036542428516364
0.50935218161267171
0.77302727484469513
0.48419410701847265
0.76910862310245864
0.50951487394628558
0.76215678831851508
0.52910392123258054
0.81516602628126344
0.50756921312166303
0.77604551411089773
0.51235417505017067
0.78489050937060023
0.50194475678049855
0.75844945291266597
0.51294750656534938
0.76087524197513134
0.51668803152179210
0.76999365478155701
0.53746221222053392
0.76584003539991719
0.50869280999733746
0.77172889531276923
0.49856993627466512
0.76478599254393209
0.50016570479690081
0.74791766056908915
0.52556948679688953
0.76251976523337206
0.53108720359266104
0.76107509636549098
0.52663563141977576
0.76741886090077571
0.53707237121050200
0.76906395812016981
0.53175080697728627
0.76667860341009131
0.51761280972835810
0.77397052722252002
0.50919390241962481
0.77891427992296158
0.51750189405028624
0.75260142997830770
0.51703744050506051
0.75897465916761375
0.53054890029851509
0.75625946643525299
0.52226941423018458
0.78191088595265867
0.51793153605159004
0.76481518337566234
0.53422824719762707
0.76619236639594523
0.53130217510410116
0.76618150797857654
0.52225464030888058
0.76656478870377742
0.52541895007279071
0.77562900484827724
0.50812896641861660
0.77240437351029878
0.53659727813633384
0.78916978148922068
0.51877167080330344
0.76491451081708028
0.53159925507679606
0.75827230900111564
0.53790113162083164
0.75689970622388025
0.52818976771837800
0.76141182658093676
0.50048485612683424
0.77079788468333998
0.52807152206392993
0.76507004513123478
0.52747783924093250
0.76150572971207175
0.52730197501104525
0.75608227941355788
0.52154152826499134
0.75404734286715147
0.51401342104098335
0.76200500550143968
0.52057027871781958
0.77093086932491151
0.52328632280229082
0.76635705897169359
0.50490164720226427
0.76637325160228531
0.53098578159374776
0.75468194004861089
0.54575655567820891
0.78909397223418809
0.51598893832930404
0.74999012495019024
0.51592227139564328
0.77457227559671149
0.51939587789649233
0.76131605388950796
0.52635538517283531
0.76260281912030681
0.53049822776860878
0.74605442544839196
0.51646526576616081
0.76514625086716959
0.52130165293355268
0.79306332181744421
0.52629240504644415
0.75730112938769401
0.52688925311438539
0.75659012816819138
0.52075231549785927
0.75735780864773572
0.52378101234461372
0.75670769952777939
0.52153783479273219
0.74615115982550650
0.54171319802662776
0.78899050919264313
0.52901589635456314
0.75368519128859546
0.51467751963408992
0.75928154348884835
0.56251097917602211
0.79152055572729174
0.51726356274186536
0.76358275622669869
0.51710949683800589
0.75841254053900420
0.55022334374833914
0.79672149211311483
0.52762294251204489
0.74289467613175741
0.51106189168535587
0.74889314255790085
0.53473524145724327
0.73848818832740304
0.52999858021299939
0.74984167223817733
0.51054882127940560
0.75538039641342336
0.51448102897015668
0.76357939098306649
0.52553923024806160
0.74181441412266669
0.52706015199185841
0.75140293879750386
0.51836711450331385
0.77345629257202153
0.52880723931206219
0.75745638659318870
0.52254847671756033
0.76446368546986698
0.52443807654948305
0.74739514090186454
0.56221253374160662
0.80173028757701559
0.52438892894562295
0.75382929202250559
0.52809245959848139
0.75234437434035084
0.52769402982742375
0.74599660859925576
0.53385403264256015
0.74815558456470943
0.56831259308204840
0.77983795758621222
0.53052754571341398
0.75294816789341801
0.52944148538798108
0.74641717877455382
0.52031422615654366
0.75246625263505140
0.52587976033794837
0.77344206854424358
0.55022350954991928
0.78545887328764485
0.50726882565911646
0.74963468193491434
0.50937153838048854
0.73746240637157889
0.51563650058802957
0.74588699093291244
0.52832355247448337
0.75181952191839851
0.52293506254550293
0.75089989134320101
0.51847859982308564
0.74733958135597434
0.51163819119316223
0.75114354819891060
0.50181217279417611
0.77605233734165335
0.52300366973273049
0.78803849104587242
0.53952354298301120
0.74155643168224583
0.55017143210147357
0.78457282889044055
0.51634488673458412
0.73937923040746034
0.51798328301366270
0.74102128645274845
0.56002275304171634
0.78046410591983451
0.50898465937106208
0.76898784792092600
0.53858445033439040
0.76300984369741343
0.52142991850055120
0.75249342241385886
0.51548503752885566
0.75389898106806819
0.51620888245893004
0.77531131026562539
0.53406720035944022
0.73124615073942634
0.51428144818592414
0.75417282063006974
0.53030041586232657
0.73919591456140188
0.54119152828425465
0.76665966627947413
0.52115271281879172
0.78659067157899687
0.52684129020159909
0.73876234119424145
0.50319330288848974
0.72889193793349905
0.51345441051423890
0.78855005220797225
0.53214887515906506
0.73319038713574003
0.47110973258238165
0.69176166611388257
0.52233806366158853
0.73761402543873877
0.47858125519866451
0.75029327293625991
0.51973060198296606
0.73691520956006207
0.52915938266122020
0.74041521312335223
0.53044707819128101
0.74129027314667273
0.51304632086558044
0.74548175207034406
0.52312508235841459
0.75586594588541622
0.51300529641402415
0.72898757585316087
0.51724868561047999
0.73522708401621728
0.54462890757539129
0.76502529299471211
0.46262609043178249
0.75775668859341205
0.50108597368648133
0.74091398884974990
0.50648800372300873
0.71728676139769287
0.56124609531659919
0.70321577312383654
0.49806333217876708
0.73925952488030300
0.56425685146094273
0.77909008424329007
0.50879586545282596
0.74240277489295903
0.51212716814599490
0.72691096953164758
0.55595026660085389
0.79356012088489258
0.52459596354945814
0.74163941491037033
0.49135485983395072
0.73599297904816618
0.50473158548299324
0.73164855979876831
0.51782892559373117
0.74041022810905388
0.50336237647367521
0.73394771067284026
0.50726218187805427
0.74271760224079963
0.50953173611743829
0.72714878430170804
0.50742865512608670
0.73617430453284516
0.50875608662193517
0.73761425502876676
0.50863228046432485
0.73643137909697742
0.50537480030911863
0.73239593293395966
0.51868055452562467
0.72173285708527835
0.49248303427814322
0.73707184631294986
0.58280524010202961
0.71923530519457701
0.52596938216748257
0.72168766848572241
0.49938743993502732
0.73647554332963860
0.50515098172146611
0.73039453723621239
0.49786629169180385
0.73124802354338980
0.49624305620934750
0.72707593663009706
0.52863501579134520
0.72575228812807935
0.50339487874528166
0.71963692907538857
0.53201259836434811
0.72314067930537063
0.50161723731726227
0.72885109796162972
0.49069984656616306
0.73664800439009526
0.50564050369713509
0.72985153733966568
0.50526297500762307
0.65655823209996245
0.53118602052924346
0.72032458962860813
0.52302594575922512
0.73630814427871061
0.53266484888518728
0.70991415151187720
0.46989405803022027
0.67877118680144066
0.49691017696491852
0.71587490698686063
0.47164616463463416
0.71136285697742119
0.52812244098705308
0.72746947434371878
0.42499270592530514
0.77242189023562202
0.47752994396814136
0.66254589361872329
0.49904949407759375
0.73793221580901891
0.50220898641912615
0.72105004306305331
0.52357547399510140
0.71490229833839247
0.50271592520040298
0.72552076324579984
0.49299737384614617
0.72760158185122559
0.49501012643944953
0.73503609444204632
0.49112094112618920
0.73048290002749017
0.50819761522804718
0.71752521429374716
0.50206589053649398
0.72343526157217208
0.48907982181568121
0.72398926456161927
0.48667709160902917
0.71541227670558771
0.49222830956033203
0.71528273592772340
0.51469695469596077
0.71626384239042840
0.49349266714853884
0.72958170675314127
0.48530803746255136
0.71989322148815760
0.48655676775156964
0.72472798648991821
0.49596090082831484
0.72840553364084171
0.48456841642463816
0.71438354627448519
0.50202069447886821
0.69353401705986450
0.47952559264830424
0.72756007570800429
0.48755336350465295
0.72581780337518087
0.48527169318937891
0.73233240289423507
0.48532012015993642
0.71175764757732929
0.48007403329747234
0.72239570159361277
0.54794075151423061
0.69167276293732516
0.47114738594399114
0.72067544430128450
0.48788060098804109
0.72194690326973865
0.48832527954678129
0.71265952429553026
0.51645864234158467
0.70081168165443231
0.48668810209162255
0.72703351068773070
0.44786509899950122
0.66233001771279720
0.48571425559899040
0.70825206448115519
0.47888220288291733
0.73183044182732671
0.47922793098906225
0.73131673982113177
0.50102140258001271
0.69484910491927243
0.47549155940137838
0.73147809660887742
0.48513291427106237
0.69539285571433340
0.48077583138184365
0.68073037391566593
0.45868150249169948
0.71803510256068981
0.48609413346426850
0.71544731860179389
0.46774084516699010
0.67886186750184607
0.50112311161466083
0.68525319099742110
0.45365457155133510
0.66085318512947744
0.47135030144031304
0.72192590140564827
0.48883915763915647
0.70805452459278240
0.48219147797822987
0.72366746738880217
0.48316919348127874
0.71694372205681189
0.48260921869637002
0.72462636369565447
0.50569833071895554
0.68960987510437965
0.44900411267484885
0.68747810155402655
0.45668354245321763
0.66534703021363251
0.47964493875819458
0.72409408028187949
0.46959021041292787
0.72020254924999316
0.47190613665358433
0.72237550181238375
0.48608852078327575
0.71977752456269040
0.47429706360498297
0.71849576057754272
0.47927740732140789
0.71622517033462652
0.49187774189907746
0.68617183542918869
0.46315773229816898
0.69819544144579271
0.46249292736234671
0.72350734178405662
0.45806589326680314
0.71777278770475272
0.49867269568222528
0.69920551339439208
0.46862769785907532
0.72707030155453012
0.42149869344997792
0.69184426688282363
0.47951695360221536
0.71870260215168524
0.46259119821876166
0.69762856688152342
0.46824441996928201
0.72018846143619120
0.47506296546804733
0.70513743568259990
0.47427432138285497
0.69383272615394165
0.46331960222470425
0.68536764216929003
0.47326343123548448
0.72300377836551055
0.47197516020459052
0.71634845806776404
0.45864726604579786
0.71117107030704829
0.45966139957438001
0.69414801137888282
0.46843596105308133
0.69793400758629254
0.46081881949210129
0.70093357915334453
0.47811390806196752
0.71099253864388245
0.46045636586510280
0.71606837704028814
0.46946364906588522
0.72495020607713556
0.47474984995339764
0.71988694737274661
0.46587868937218663
0.68195361956136757
0.48502532529692793
0.69209285684377253
0.46422740893420511
0.71989669196318440
0.49644676601058962
0.70438833330187800
0.47355680101807812
0.70437043504800190
0.46212817898836822
0.70028609086265314
0.47875660767933931
0.71989076721225209
0.48144971012056043
0.69934667249488591
0.47858331703410062
0.71824204309539708
0.45939683117922719
0.70130876682109344
0.44207936224579014
0.67468961146096695
0.46647733474235670
0.71519436716842844
0.47012342824109177
0.69857147466202385
0.46230921612386033
0.71571591673865420
0.46083747198815839
0.70341275043448237
0.47197089160676020
0.67871482056066146
0.45724137289769295
0.70616608248908364
0.48860662608700173
0.70994703841960261
0.48440957505467269
0.68246799617749321
0.46132843287489356
0.68967261766691590
0.48037856625346231
0.68806974669258647
0.48237140269238704
0.68570589300304741
0.48181808060804471
0.71321127270295537
0.47342864746804592
0.67327682529882504
0.47501854984759839
0.68651166581572864
0.47272884760406092
0.70218347564584371
0.47420666684697915
0.70264890493376808
0.46321003957673107
0.69838019091256687
0.46800575235888164
0.69364718201113340
0.46621363467950705
0.70144409340425684
0.47145666749323761
0.68740222059074474
0.48350627503190652
0.68377208024977132
0.45667799893943317
0.70426740004042854
0.47239945570756936
0.68799802827889311
0.47079124289028063
0.71528265330232543
0.46271513423346328
0.71240060780182757
0.48743469898487490
0.68685762337157974
0.47982937932291914
0.70469108036896033
0.45191563835393267
0.63866107110118397
0.49147297424800163
0.69344930574026764
0.47900200129117859
0.68787590630397377
0.47003089958858252
0.71073801559141325
0.46734999252431014
0.70314894615800005
0.46930034101596646
0.67878001439441882
0.47559655557294306
0.67212894189670169
0.46113328299095335
0.71488398386987284
0.47388303421441325
0.66140045890033106
0.46638040439852796
0.70042616844367755
0.47679798607342505
0.69026938665601678
0.46561374745519385
0.70527019264336843
0.47620724630746031
0.69108586724299992
0.47214068819662652
0.70678626264129474
0.48702101342607323
0.67582465693938865
0.48649150153609322
0.67477516559845740
0.48587032732887492
0.69058459875987732
0.46497668716122398
0.70627836845188208
0.46936903133569263
0.69810764887115262
0.51053643023617157
0.70054505716480919
0.48347951860319194
0.68497148679985220
0.48306387532440359
0.69699072733379019
0.48944082320560728
0.68207378751005865
0.48100825616068438
0.66194390378635726
0.47783331516522792
0.70526667352822836
0.47785663894223807
0.68163590704380417
0.47111745421178636
0.70163884821040701
0.47997736507767108
0.69663853882409466
0.46041626831955490
0.64307720255602574
0.48407797885797410
0.70447242271820998
0.47903743051275277
0.69028420525473289
0.49695949739594547
0.68224259641399543
0.49634932795231596
0.69810328898305007
0.50894587387742907
0.68723003342776690
0.48179443483164197
0.68666309104253931
0.47351941600055009
0.67946271951077408
0.50403094057084397
0.68440896139999019
0.48638396112107252
0.69409928179604685
0.46833803736231128
0.70399215142884675
0.45936576206191548
0.70144833605354728
0.46870900973472823
0.68434053628026692
0.48274886208198997
0.69524902212457917
0.46596677244999818
0.69582312442953742
0.48251621622270385
0.68344906518837012
0.50729908084868292
0.68179602399920369
0.49681452479473903
0.64089080148051603
0.49457490080495914
0.69059403216169246
0.47984826147243664
0.67579012196705956
0.49167904325857376
0.68694838049393081
0.48629411335814965
0.71333710592681920
0.49572150886334515
0.68002827609199257
0.48982025994595496
0.67975691687262785
0.47762787802893369
0.70876146880709601
0.48377854352367922
0.70137095730958288
0.47220016707489676
0.68821518631005774
0.50025101140738149
0.68679222081732649
0.48946912527918313
0.69462693480573856
0.51229891477075662
0.69003331951054692
0.49286420477858728
0.69208110897509822
0.48735744599516884
0.67793159916888968
0.48882701003446799
0.70135179653681912
0.49253993916280631
0.69920147674750932
0.51195349379531718
0.68114906359277239
0.50316934733754581
0.68706834331780142
0.49717056284132966
0.65331655310072834
0.49495360625830431
0.68627785280845832
0.49662215880224697
0.67950029788451061
0.49740158103783261
0.66491080466934038
0.50832350496271761
0.65275907913835507
0.50699464742871037
0.69242770742268223
0.49515071863402865
0.69198541061045837
0.50471872342832991
0.69315567019499091
0.50394414394010612
0.67017100567862498
0.50436474059086422
0.70959867401952570
0.49540439895945726
0.68353343844632952
0.50028639818955767
0.69269652898188494
0.47422520865512985
0.64588048796705277
0.48393547223648853
0.67536265384906813
0.49547720047360505
0.69825930352941312
0.51206960587688832
0.68642945772065345
0.51872882160257427
0.68333165659248640
0.48801848278405169
0.66282909903015685
0.51768947427333500
0.68429260916281909
0.50021333112577360
0.68721339291383354
0.49828250083119380
0.65832620824562738
0.50063055957295277
0.69797789929029319
0.50055995807374276
0.66180260478187969
0.51208835777805950
0.65671153457356812
0.50163791196567187
0.68755710365210243
0.52125152398967867
0.68474876190276912
0.49901715759294019
0.70481438781234929
0.50216686483375239
0.68993540564521216
0.49479611667573936
0.69731244757785471
0.51776784034585355
0.68353898270076607
0.50512145658734364
0.68863059837858653
0.51562804140403329
0.68420267688770342
0.50071589166571029
0.71179048191320449
0.52308957368751163
0.68828150250893694
0.50694950415186368
0.69166520324874725
0.50120723183406446
0.70147630581518794
0.51230887231666111
0.68806795612723060
0.51416201409507456
0.69095971293206193
0.50254914642086468
0.70326101931752993
0.49361112863837953
0.69312041399167956
0.48704795960664843
0.67986590736071073
0.49067363730248698
0.68242576662545529
0.53125290278134196
0.65711094907712175
0.52312635106374028
0.68773064934254657
0.51516212960626917
0.68883004195270647
0.51797936703636371
0.68769653991514601
0.50793086923691677
0.70376456165135304
0.50778399291337373
0.69583236540143012
0.51720536357103519
0.64728369942252151
0.52989289670473938
0.66904352490587993
0.51837385422806470
0.68637925685626422
0.52604942805997523
0.64663716012547134
0.52593768821193365
0.68642590188058206
0.51054925758379921
0.69275937207618155
0.51398749243515074
0.69211025160663076
0.51923253865554908
0.69459161502490008
0.49645954255497932
0.70476844709155406
0.52471358113107203
0.69198887886838434
0.49866015643986727
0.70136662189900290
0.51420595467192198
0.70248153461861307
0.52764715688326302
0.66925366052088742
0.51516303600051061
0.68767996011957622
0.50925435584896184
0.69994849048285490
0.52961577109216251
0.67671127328272629
0.50787314397747207
0.70064654176542474
0.51313571713943895
0.69982902345077058
0.51664803110813762
0.69198682368971387
0.50713347883254156
0.70474772617368575
0.50625594977156785
0.70130365774434800
0.53354848834412638
0.65937770119280015
0.52011202288532632
0.70642385349644621
0.52463415956087478
0.67744379479139327
0.51402290639037673
0.69496747870701836
0.50402213510317806
0.69385000104091454
0.51825985180572276
0.69151189635719357
0.52484568549556676
0.70801248030507324
0.52848809903403271
0.70085837278503371
0.52449993310514365
0.67365681685505741
0.52129358703114892
0.69780563389110839
0.51907235332654600
0.69385348988870121
0.52895566271488315
0.68504008430148788
0.52768698979787598
0.70606838204291678
0.51489927559248583
0.70456786469913524
0.52426005666537212
0.69261837301998186
0.53981782423279590
0.67093358289412741
0.51504702474851882
0.70545139634440535
0.55354879593031048
0.67441741577876113
0.51201119835625963
0.69957717431522137
0.53066649690864565
0.70128946266323000
0.51306554636721013
0.70948405388764069
0.54505849249680827
0.66302840804695884
0.53094480885267481
0.70449118238470043
0.52883251965916711
0.70296036900901104
0.51078408904504113
0.69854439040728000
0.53793023395015305
0.66932135824571826
0.52573337526821740
0.70477285771341647
0.55950376446329031
0.67516409229811325
0.54946310268514820
0.67549694650678815
0.53864256928351184
0.71407786406139184
0.54684846501067375
0.67170380839612642
0.51433148742715595
0.71604810336887359
0.56459338583884111
0.67106111399021240
0.52119819317898175
0.69173205510413815
0.54369042095581577
0.69542038286757946
0.55061190772928359
0.66516885927905389
0.55513647252406795
0.67483034840241274
0.53303817930264774
0.70985118048242424
0.51667788177179841
0.70609250020822123
0.51344155141729175
0.70115859589426355
0.52215011007768797
0.71595510617967306
0.51267865909162713
0.70870051183771809
0.51526580865752880
0.71403859440588702
0.51438676176388676
0.69653849856295702
0.51652615657610501
0.69850377268651775
0.52694170423975750
0.70326263494693342
0.51297323540390238
0.70920239766991411
0.53214959812538254
0.70576042709681619
0.52732760981969085
0.71288968321206425
0.52354805707762397
0.71035008188160176
0.52296520113004219
0.71389278961983182
0.52916619885774296
0.71129113905075159
0.52454364246929408
0.70752293981959036
0.52569909315468066
0.70202042530523578
0.52119582995481351
0.71702424288991162
0.52274092555087481
0.70637671916841782
0.53566060768901869
0.71449571905828102
0.52437219198210061
0.70610189102994192
0.51682936929350154
0.70989956188687553
0.51921925508484912
0.71349996740815624
0.53993988001003634
0.71295967267301996
0.53822043021277555
0.71338806571364133
0.55803391188486329
0.69303736652698056
0.51423619375267871
0.76578589584270818
0.56145378084765563
0.69203835944966574
0.52857933531329648
0.71736776257850321
0.52623545144940265
0.71582756007405124
0.51088675832422292
0.73390481622287040
0.52521421205715768
0.70165717978586684
0.52518278949630914
0.71087310753873645
0.53435867319714470
0.71368981721262315
0.51275639683709551
0.71715326500182397
0.51428131536912858
0.70574239896041924
0.56659699903967997
0.69067405320293429
0.52887044337660349
0.70217335665122915
0.53767800461576887
0.70067523592642589
0.52496574196667911
0.70810541009022721
0.56217829406386277
0.69687663106340136
0.52036425074707127
0.70662774973517484
0.53916360353212822
0.69598772129145225
0.51208747442866542
0.71728339931845586
0.52580326315141557
0.71771340707617182
0.52679768916453851
0.71890506647688979
0.52408934364579507
0.71568782091250982
0.57863278732433898
0.69158146698680978
0.51906585638765901
0.71909806925581532
0.53832482357817402
0.71418019358538765
0.52341997077326519
0.71705799079472676
0.53601148522637265
0.71558867852893682
0.51120407751618580
0.72696373786133606
0.57584296187088158
0.70125037404301449
0.51178324324674818
0.71680178217055635
0.54304656994758282
0.72240963141372683
0.54313670461827090
0.72610925272162019
0.51961427976967467
0.71768354626254771
0.52230591396480963
0.72639747419810552
0.54226711448262477
0.67997564918613551
0.52601982027695604
0.72813212108760694
0.51328575232409257
0.71042981919065507
0.52503188645105847
0.72335494835336267
0.50936225368021759
0.74146923016309674
0.52509823754886564
0.70989605015680812
0.56233876921578185
0.69495303174568690
0.56732399569319003
0.69326825854611807
0.56267740038327108
0.69545268949943195
0.54133511237382770
0.72368630400483447
0.52546842210524380
0.72834038380379917
0.51440814620625464
0.72489463557121880
0.53736816975613810
0.72198075664263595
0.53053098188815340
0.71748007633149746
0.53635858740644093
0.71991796133358688
0.54193872275829647
0.72552874679181312
0.56927843571309245
0.69348598577612819
0.52891706340863620
0.72625306132369860
0.58430735364399056
0.70871880969547896
0.53254494589887003
0.72409551078485102
0.57518425634197368
0.69912491062820492
0.53006188965616363
0.72539762730798119
0.49458575892212747
0.73646932265829412
0.52542449076333908
0.71860825320504906
0.48706688129231823
0.73657314763739046
0.52323763849103833
0.71583283660517261
0.51904493080799285
0.72761560878219111
0.54160477624229308
0.77661357688363541
0.51312298813648094
0.73302363951412863
0.51665530536862569
0.72789973435910116
0.54392173205671157
0.73442149304160453
0.51949558120008466
0.72123538394684938
0.52140557554863598
0.72979755146735403
0.51285047155285035
0.72000009009026977
0.51481482589309480
0.73176401313521633
0.52259578323341427
0.71404998426472632
0.56880753734705880
0.71208499525525570
0.56876933508974459
0.71807205095767423
0.51913061023162999
0.72216205039576598
0.52062682141928329
0.72097872857732059
0.54227399123441622
0.72311971290212684
0.54251372434412626
0.73745394588251922
0.54253891128178633
0.72726240422070720
0.58872778642475820
0.71157897264788739
0.52377300764045243
0.72117386231140501
0.50239793535421351
0.71867823932221719
0.52598923142463072
0.73322888579642453
0.52283550333211404
0.71923131768533566
0.51563123782735643
0.73359406830750784
0.48394036059940015
0.73153743079559819
0.58393632676644980
0.72341859073801618
0.53787314354596105
0.72558744937560804
0.55891368713999534
0.71462355998069849
0.53779555645024013
0.72889213064117775
0.53600131078012192
0.72808254030085529
0.52862890117608619
0.72919784268537269
0.51636159101323809
0.72292226708454932
0.53879699480630949
0.73040468271139380
0.54094513729812488
0.72874124993462108
0.53737384360539298
0.74182337026049017
0.55482266290616522
0.78116771926744566
0.54181357295826527
0.73460108446654071
0.50395598151091792
0.79039489000055763
0.53602335925526245
0.73823081774501220
0.56363324678568893
0.72353476548609774
0.48473955968091564
0.72483135939018584
0.48502127044643534
0.74175891417663409
0.51008010718320040
0.72797146007818025
0.51935395023518727
0.73579528863348653
0.53095593838082122
0.73077266186821643
0.51189681154437094
0.72941715951757047
0.58067841433990053
0.73029562776247403
0.52170736233199144
0.72981552765669888
0.50809567683612178
0.74189514778501386
0.52677769145884534
0.73310757664332082
0.49451208465583318
0.74000008047098120
0.50943343469093361
0.74466009924728815
0.51614028737206441
0.73168934557074972
0.52656439509302921
0.73269879906820179
0.52083847432211450
0.72621935998438991
0.52839249274238509
0.73371307181313439
0.51282117623249679
0.74632089088920806
0.51813703592282534
0.73434956664003737
0.56180384394503124
0.73863313993322588
0.53400172030792981
0.73855359673712584
0.49373343581074580
0.74892833155267236
0.52961247287525048
0.74003686549454217
0.55735247916125186
0.73788930805534603
0.51490596865800975
0.72855677600825430
0.46836634777485381
0.76697556120449173
0.52970986559993294
0.73620374399927890
0.52977676041911337
0.73398523953350980
0.57813077318537553
0.72599235300109266
0.52628972433110655
0.73633629656202382
0.52147164655723177
0.73724018538476810
0.52573861600201421
0.74258452035439870
0.50639639154840421
0.73410659545322132
0.51564682184461619
0.73055588323254550
0.52032345569774396
0.74198902622597140
0.52528606385283516
0.74225052541294667
0.52219142448021572
0.74021960647698382
0.53172997769320396
0.72880048843524092
0.52613150758844840
0.73665383034957754
0.52139698412810154
0.73704046411270852
0.47548852938235525
0.78761314538082350
0.50398093838693803
0.73645410795229171
0.52367253164608285
0.74869938893494103
0.51948793466889698
0.74808967619713229
0.51364867879359999
0.74004143513951925
0.52600649706165359
0.74720320212869007
0.52826016996677239
0.73490280744715120
0.53368039700360459
0.73190577190454553
0.52342218269508167
0.72951272270731382
0.53853381958284297
0.73964890311959941
0.50488599444057047
0.75766804368852037
0.51305108292791901
0.72970613900559345
0.53122006894811324
0.74150782200084731
0.51223952180708510
0.73840469570589107
0.52002876159226907
0.74584087211800743
0.54726873782658547
0.75087022975787565
0.51470102372196269
0.74032546966964741
0.54390546942936902
0.74503450343700228
0.53935306649294468
0.74177470313955218
0.46342425356304701
0.74240536835743309
0.52528266155673664
0.72183451911218799
0.52530232046096614
0.74758502011196959
0.49907387137495290
0.72976026418026985
0.50891210889966199
0.76088949043011644
0.51672628557508415
0.74004976539938094
0.50189959603831669
0.76155785677800170
0.51012027596132481
0.74063638724093206
0.52647501797382168
0.74303454113716616
0.47224930498295048
0.73816077555389970
0.50864367541435285
0.75471813871289806
0.51117874206948610
0.76184578759362209
0.53154266289405472
0.75160370424101386
0.52181979344746954
0.74516908564481055
0.52745599804821408
0.71763226076123932
0.51901514882798416
0.74014180537173380
0.50726830895233022
0.72842720902882119
0.51596808860797905
0.74271761127462554
0.48969866185860356
0.71754120940450761
0.50160350623810568
0.75103206792113930
0.50750064603791956
0.74091614091374114
0.50126039274541268
0.73589312734485368
0.48294671227955954
0.74360838253525841
0.57162624148594254
0.74539452746906742
0.50245528883781498
0.74481744481819456
0.51819357594864113
0.76028528786177341
0.47508731819252115
0.73485183835252166
0.52814291246234668
0.73846177080235476
0.50997352964694209
0.75786575327124805
0.49767625440880081
0.73491306522538713
0.48731919813871533
0.73012470320633049
0.50762722477841271
0.76222415315552294
0.49845595329935161
0.74196318261918059
0.50121348636589080
0.74326046384654609
0.53025984109063728
0.71815846533788874
0.53692496173454896
0.73563490836818668
0.52725608464231688
0.74845228135460873
0.50213093960036559
0.75695452409021113
0.51210857652839581
0.76112516832275956
0.50465893308343091
0.73464603795463046
0.49721744736424400
0.75427439826397091
0.50163502768399237
0.74390295673436591
0.49790613282887719
0.76597193944215081
0.50157637355422358
0.74904313167816283
0.49641786622639489
0.73947592651533200
0.50504483500052311
0.74961418309768013
0.53914094255332368
0.75492707982515883
0.50817899997314553
0.76166168745191209
0.50671283982154280
0.74530798620072747
0.48547997305008961
0.75756642013983999
0.44420690436436605
0.76622389763976240
0.49666054523413589
0.76117170703375803
0.49385502770177103
0.72611197302755059
0.47799926124897263
0.71946872972600751
0.50434895730225149
0.75334399024584164
0.54379708101122870
0.72586285619128821
0.51942212691192757
0.75664492337435374
0.52759522387284230
0.74212757805090079
0.50452428577031372
0.73685121855467706
0.52647830838389509
0.74284827781194374
0.48917777672072621
0.71900670932414013
0.51503335584472820
0.74069308061394601
0.49762586477243903
0.74980956754306616
0.49598355804596717
0.74606118933747434
0.49380804006960893
0.73685682762117843
0.48015558855012780
0.73650188982791964
0.49462442860310191
0.74942185404998363
0.49311487605382409
0.73973781458803267
0.52830726718305399
0.72885041482216362
0.49182951445006828
0.76834364030880009
0.46405377123022029
0.76117834569528975
0.48982907238663287
0.73925942466337302
0.52345928942726183
0.75822997038863305
0.48197609772921485
0.76053594889182330
0.46242420483970298
0.74486150302775189
0.45711298061996303
0.79325763004230843
0.46418911028965892
0.74347470049053566
0.49116750924477504
0.72992540068556699
0.48521037357985797
0.74931295911940876
0.48718153635906380
0.73619163211021166
0.47302177320389438
0.70579981966612182
0.46309741769322632
0.72504364041694558
0.48874011473124090
0.73722673509092163
0.48086536513954076
0.74176028371091118
0.49438890317761514
0.74149340336134573
0.48058799340329678
0.71435415474920338
0.47355322703017577
0.72246597597150586
0.49470474338052051
0.75608507561435401
0.49237270533922683
0.73265367113222368
0.49155306220559408
0.72730822508658810
0.46404417659764707
0.73381884202615111
0.47923346175085846
0.72432848228820479
0.48852345907961181
0.73263539143020706
0.47477280461678067
0.75261092332676294
0.51225041680130146
0.76572559758959002
0.47619992143399942
0.75776324565656983
0.48291827857799746
0.74982997506924076
0.50325733538232464
0.72595496168619300
0.48020468767062385
0.72233210309857765
0.46310138197491119
0.70907848302345067
0.47497114255892048
0.72852347626512526
0.47234984099069938
0.71016736269485081
0.46510606499305301
0.76076088131186936
0.47900880059141526
0.75168692981348317
0.49198180348376247
0.73781500434923197
0.48368870062775993
0.72745589523381859
0.46495821385110803
0.71497460100507837
0.45643654755929958
0.75848940146147947
0.44113010068363095
0.74035515856436696
0.46722623047641731
0.73039199183202297
0.47046781848292052
0.72012210261250165
0.48626076742513330
0.72871095711991318
0.46716333883482652
0.72945835509309609
0.47912144137534535
0.74180590954283354
0.48531077207438389
0.73075703821842297
0.46695306581790824
0.72303236005279947
0.48202738950284735
0.72926242439239319
0.48269196089010524
0.73412654296420399
0.48045334123830685
0.72573828980782862
0.48233516245097285
0.71819094382476567
0.46539927520287305
0.73786813318866040
0.48769007808992548
0.72705043190944774
0.48530124786334872
0.72682308731288436
0.47356937925714354
0.71243195235574497
0.44529942989398758
0.74558481393787635
0.44803067966005811
0.74634213390866033
0.49066101307979526
0.74315729557984866
0.46105015908989155
0.72230870029505445
0.41637400038929473
0.72117092760817481
0.46275755714887312
0.74362272691627718
0.47165266414378043
0.75740036729596394
0.47878138977654544
0.73956168008265222
0.46277063271172098
0.76054024736845938
0.45806646824758024
0.74198596422040342
0.47261798086848733
0.71665219572975669
0.47351912674545998
0.74205522600484830
0.45767717112631173
0.75016145279679070
0.45736245670387943
0.73981566533489129
0.45710828401362719
0.71599974440288416
0.46742227682651583
0.73611535593448663
0.45015966624247128
0.73400876861861664
0.44673982729662487
0.74309010369296691
0.48046562837653140
0.72942112220453115
0.47259860746281701
0.74849432501757374
0.47553877134636863
0.72194789880679300
0.46553331098748257
0.75141448644533981
0.45525927211446310
0.72500705504966767
0.48099295912883916
0.72438351644024457
0.45794367147229487
0.72465887198904011
0.45821751710982983
0.74858110988050497
0.47312734887660957
0.72417798064963701
0.46336344950793540
0.76817648124391125
0.45287961365781171
0.75348471980248533
0.46665606576111041
0.72975079903030160
0.47431296564905384
0.73994116385551612
0.47110870135908345
0.73235842278418495
0.47485927158266167
0.75792159170008411
0.45890505440355794
0.73739850485103020
0.46685014145418502
0.73911595103060823
0.46824697863080478
0.75405318587597669
0.46854354966953632
0.74913462085440130
0.46071083554707437
0.74928727967754338
0.45321676288256491
0.72775513719149421
0.48845090242462097
0.73510968160147461
0.45880383536602698
0.72859951233426212
0.46374713360432407
0.74263426313740488
0.44717871807894849
0.75028303296413756
0.44932910069953469
0.73683187513631432
0.39289192818652902
0.74508177921543151
0.47727022812904180
0.75660957568194009
0.49173802784697396
0.81684773980619529
0.46078246523788219
0.75680153078267709
0.45181250043275173
0.73203668304749103
0.47308913219256105
0.72635495108127368
0.47623475053315734
0.72803961837098785
0.46898546308961264
0.73323191749633954
0.45254879859240271
0.72331200348799274
0.46910912693480250
0.72752508856497766
0.46269507747344946
0.73805213119722746
0.45667757885941207
0.72435209339143070
0.47145640173089637
0.71959151827769052
0.45219425568658528
0.72945510623995236
0.45591118851806234
0.74152063034570892
0.45330953818117653
0.74276719890552556
0.45474593472820929
0.73900463605979827
0.46006598357262285
0.72759133564933798
0.46878358899272582
0.73652704956282344
0.45762662050819136
0.74934174855652902
0.48843601475528714
0.68490424667391470
0.45177402744998074
0.72210651056985042
0.45381702685606484
0.75368027802798421
0.45441414757012677
0.75116749405647254
0.45633467294095181
0.72902653566845854
0.46865085024872899
0.76408070621555313
0.47405904268932303
0.76460447389379704
0.45488448000098125
0.73283138718249841
0.45975157028354174
0.72919374740954246
0.46375436257188157
0.73042336011409592
0.44834384516716341
0.73660104957242978
0.46569275613155503
0.73039351596788182
0.46086218052517064
0.73732374695037706
0.46102607967027487
0.73113076732989357
0.49504408394417782
0.72875457476302030
0.44745169341302032
0.75551454825612263
0.46851686713101715
0.73559949835611005
0.49966315257815574
0.71781460595885160
0.45454643196283084
0.72477998490168560
0.47677410761229355
0.73818236131387116
0.44572190795842531
0.75672458341863014
0.46099541151230761
0.75742205062797430
0.44842624982020596
0.73767283057917532
0.45367446120351429
0.76692563838938532
0.42376018114885050
0.75455722257118374
0.45240231268451819
0.75088251711424359
0.44996851875938815
0.75182641419214535
0.47007563842726435
0.76953375245818489
0.42115432194836888
0.76867163548524320
0.47281777413235659
0.76492673576353576
0.47671896639150335
0.75994929075806927
0.42550848009973125
0.68260117687140565
0.48084109761491445
0.75089077550967165
0.46446812731879883
0.76325624317772967
0.40798695714822214
0.76521383075018778
0.48347537458839490
0.74415010082651600
0.46071842216884096
0.76508458567406123
0.45159564689521747
0.75904628213314751
0.47713476813264138
0.74613922791822684
0.47063620439547704
0.74068812169034803
0.48073235313113666
0.75704522334335467
0.49778316645750043
0.71926375653467967
0.47659276899186642
0.75975660812507906
0.46596723641989768
0.74110354660598809
0.45367375440142588
0.72954794795406153
0.46833417242565040
0.77022232815687064
0.46460238174315938
0.72635136525881216
0.43227570156289630
0.78036343593420066
0.46104925067810426
0.76195122142814287
0.46430637901498528
0.75667873753874726
0.47934276107715124
0.74390556503880900
0.48254588463480935
0.75268043099759951
0.46137776594402152
0.76427888355068607
0.42265941946054941
0.78211468696399700
0.46279875758668265
0.74686117806461649
0.48490775093061328
0.76035206978617931
0.47186259703916161
0.76814430359347785
0.45109605533532227
0.76302585947342205
0.45872193720724236
0.75309999734642963
0.47800913785382448
0.74502444242622612
0.41374584481024490
0.79561132170009619
0.46441243945632477
0.76348955056755996
0.47527897596938440
0.76209234126250225
0.46973878856704643
0.78027134131042353
0.48373887356483120
0.75161162658452085
0.47878813405229687
0.77345722291584518
0.47041934999148244
0.77220478830796635
0.47110631278341897
0.76954584669251835
0.47708736246438432
0.76817183345302076
0.46780242498350211
0.76070799428863489
0.48321807322573174
0.75660511113067497
0.47999652205846055
0.74450920011393551
0.48208164772510365
0.75602148802024871
0.48736683943880482
0.76307662114663821
0.49236068368568886
0.76619882270743489
0.48915245789466510
0.75624630802978687
0.47744071086181389
0.74799946132380590
0.49095645704457680
0.76399870434648809
0.47249394442939607
0.76640583448463673
0.48161109559082105
0.75114641959774686
0.48083959178876712
0.74993126038149127
0.47240907706581398
0.77656898775173322
0.50427081428167453
0.76451298367393372
0.48693870473699380
0.76838609611469910
0.48425440756700977
0.76466424066479033
0.48118603380955405
0.78729053102100921
0.48135204554146688
0.74394339191130388
0.48699781661891628
0.76677066155885643
0.45464441835430430
0.80328816368013423
0.45523582207171964
0.78872068484776858
0.48831430722247438
0.77198357104279802
0.49496154697413919
0.75130215514100385
0.48154546248749502
0.78101724586197541
0.48424611234028192
0.75239394040947372
0.47934003511230661
0.75376929367743739
0.49787537917876906
0.76588071314871609
0.48526350654079647
0.77495640023984591
0.47937400342854114
0.75338031026659957
0.47696295894702945
0.77872048940496297
0.47654973029629638
0.75027600762253566
0.46995885644112040
0.81690612926880346
0.49495346115518257
0.75672366860640239
0.49655854599377358
0.74650247774712586
0.50774475403986707
0.77768778198963473
0.49650823111642328
0.77257620560122653
0.49252613610027191
0.75538031571461961
0.48887299616796409
0.75892675047240243
0.48277096358089111
0.77465384482072452
0.49636312255005777
0.74915441130000016
0.49884382177193148
0.74347612814803121
0.50708572135118646
0.75785161776406040
0.49685619738975251
0.81434619603783287
0.50818601151446285
0.76629231521374674
0.50026014328905755
0.77430904728668093
0.47447542515427404
0.76839639786277236
0.49287907772342771
0.78106622653661872
0.49342802610999836
0.80368294828701259
0.50247734696036128
0.77195824540548097
0.50381955021788238
0.75239655262849658
0.49246932291902379
0.76117612644122179
0.52379391739919046
0.76147897655782326
0.48404814016261144
0.77574208177554071
0.48464232563648479
0.81470668836449001
0.51060423666535337
0.81750731852236014
0.49829805762946205
0.78877336536814335
0.50264874252272784
0.75646262853285628
0.49711557191264738
0.75944405692026129
0.50113940511917454
0.78206901397235240
0.51214839786764232
0.82067530240252939
