1.00000000000000000
0.01000000000000000
0.81980230466792248
0.01000000000000000
0.51397745678442552
0.01000000000000000
0.20822706381107539
0.01000000000000000
0.01000000000000000
0.01000000000000000
1.00000000000000000
0.19938656430954552
0.82781718507080382
0.26908513749626511
0.48618466339663879
0.14400427380053898
0.19070779999349249
0.20454166679840136
0.01000000000000000
0.19481265302698245
1.00000000000000000
0.50536622119088115
0.82502916511110791
0.50972606288938693
0.51243001378976016
0.59252546392010785
0.18042915122185221
0.46651345241934467
0.01000000000000000
0.49756605947435101
1.00000000000000000
0.81718987652652508
0.81647406070554573
0.86681349661860230
0.50385629382517894
0.82670588625542196
0.19233270476761608
0.86173807125710389
0.01000000000000000
0.80971695737316463
1.00000000000000000
1.00000000000000000
0.81281610050838127
1.00000000000000000
0.49693086956527405
1.00000000000000000
0.18732878328040933
1.00000000000000000
0.01000000000000000
1.00000000000000000
