0.92275469030353519
0.48462942400322456
0.78171889896205637
0.47782958288025018
0.71962572067882646
0.48358758319203055
0.56502565098326241
0.55322922343537628
0.43402026263166904
0.49873156756589609
0.41224186431991017
0.51017918692062914
0.26168440493142753
0.46466035905292175
0.32092170549021853
0.42551030791426109
0.48921473681056660
0.34787163181714725
0.65089409166810830
0.29431885916342421
0.86626686927240093
0.21803826884903199
0.91118624677620907
0.19049850020948220
0.84756484142589705
0.27531841000730056
0.76918725842972169
0.34105848023707991
0.50668099671448241
0.52663087560914434
0.42960746070045208
0.60943523188717330
0.32224963109147875
0.80976607977273929
0.53671035688590685
0.89071899694091550
0.65860617825606338
0.94749058266097475
0.86893246180966233
1.00000000000000000
0.92587437904551717
1.00000000000000000
1.00000000000000000
1.00000000000000000
0.89904972634554570
1.00000000000000000
0.80827697857046366
1.00000000000000000
0.56034144377867845
1.00000000000000000
0.41882785410181733
1.00000000000000000
0.14629514681886699
1.00000000000000000
0.08282820578032021
1.00000000000000000
0.01000000000000000
1.00000000000000000
0.01000000000000000
1.00000000000000000
0.01000000000000000
1.00000000000000000
0.80622862805837703
0.58605745398168463
0.76371736865467077
0.53138307991245970
0.61177062493867174
0.57544646076217765
0.52566320261911159
0.55643405188397566
0.46867165027564883
0.59405031842549061
0.33514294755984692
0.49784784861696790
0.36642384766429842
0.52911387131590126
0.46009550560939050
0.43465979289432533
0.48570041180960438
0.40343054285519464
0.67148548275023912
0.32947083301210084
0.76486950819145416
0.29237073377667727
0.92500531340455161
0.19835428016717777
0.90187438298920197
0.19062302937497458
0.68349249146564806
0.34275925328282120
0.53821174464916099
0.45244575092981698
0.32043967028508064
0.69116910065540771
0.35573154970332388
0.77732713926690344
0.46058987440980959
0.86819633116102857
0.72113136004628009
0.97142764408293625
0.79228106993013159
1.00000000000000000
0.95886034882493210
1.00000000000000000
0.92276358981457651
1.00000000000000000
0.91275957119013684
1.00000000000000000
0.70644198016073090
1.00000000000000000
0.59714835640288499
1.00000000000000000
0.31829275278902319
1.00000000000000000
0.19680609964603962
1.00000000000000000
0.02451374525251597
1.00000000000000000
0.01000000000000000
1.00000000000000000
0.01000000000000000
1.00000000000000000
0.08024639693847845
1.00000000000000000
0.76026535891761871
0.67207394836954348
0.63981377115531146
0.71072444787463385
0.57793483202672979
0.60389671914112431
0.46712646674273012
0.65204260278577686
0.36552554103944929
0.57449960632957331
0.42501477191339748
0.60663065744660905
0.47247644477353556
0.54637885785493023
0.45735537464469656
0.50331408690606905
0.52851396911536219
0.43001378816102254
0.58661052536076674
0.39071001003588757
0.77987191845789416
0.24525870770246627
0.85608495109370708
0.18817903534565697
0.76265964408293496
0.19670229509165221
0.63994343208449256
0.27856477711636590
0.40307892301964932
0.43771014604810432
0.34534765883041108
0.50377273743280682
0.28806343606122392
0.77062659291332225
0.33236668253344809
0.80705395380999301
0.58397660979141364
0.94364040943949257
0.66366254135659952
1.00000000000000000
0.81889273645837868
1.00000000000000000
0.88449947602777235
1.00000000000000000
0.78582485392647683
1.00000000000000000
0.71354155566810495
1.00000000000000000
0.46866199584818385
1.00000000000000000
0.33493369036259912
1.00000000000000000
0.11220980077199565
1.00000000000000000
0.09846577322668479
1.00000000000000000
0.04358849511636069
1.00000000000000000
0.16567185147873242
1.00000000000000000
0.13909490577528452
1.00000000000000000
0.64909685556339802
0.90187049888715420
0.61450523418823688
0.79098637113688208
0.53653261128358121
0.82464330866865077
0.47699584526146005
0.71867941264309521
0.48638633828674199
0.68863377984499885
0.54831425086506869
0.60572227507635801
0.58924766878139356
0.56701692172247142
0.60009252333072327
0.44213135896216232
0.54537348626602788
0.42779379537918827
0.70151447005898715
0.26675182358252902
0.74872368109362863
0.22621363584161799
0.79749553552696717
0.11429302418070164
0.77183474222753778
0.14259984964466046
0.47507572759251249
0.28389795027645665
0.30924535353481652
0.41008466374286306
0.19843002546715133
0.58316457389239051
0.17108962258455548
0.66521861430132134
0.30379039596693669
0.83231574485126392
0.43641140398239764
0.93567605491308836
0.62145377843231242
1.00000000000000000
0.74510419365898439
1.00000000000000000
0.72110087507788800
1.00000000000000000
0.74688424632202566
1.00000000000000000
0.54411056485104980
1.00000000000000000
0.44374807769497004
1.00000000000000000
0.20302959763509915
1.00000000000000000
0.14014061878003101
1.00000000000000000
0.09353895822165784
1.00000000000000000
0.23005230138168248
1.00000000000000000
0.25733594962680845
1.00000000000000000
0.38287588625562285
1.00000000000000000
0.57061857071931654
0.91534815119340351
0.56188432328190729
0.98527959278957411
0.53927536075504257
0.91512465782998087
0.54982629012541562
0.84093718614390633
0.59458681989054907
0.67340107599096755
0.65294906974124367
0.64467313740650356
0.74049316701109513
0.47834005624263792
0.70015972601654597
0.41272554441232251
0.73626565257808518
0.28301180887030236
0.75775665049992635
0.19423027908013590
0.81107434132919987
0.02359846901593578
0.80405192351385213
0.03922262718556461
0.62756542023805928
0.08889763023188042
0.46266508925832073
0.19084511490255468
0.24272333745595651
0.36202699723182608
0.15791374702050828
0.46886781934604743
0.11489154203762712
0.69503051294312956
0.16212854302782462
0.79835265852989767
0.36778264199109445
0.97334897547408872
0.48338607352582141
1.00000000000000000
0.52196479460006751
1.00000000000000000
0.64387124395094486
1.00000000000000000
0.56023249090072524
1.00000000000000000
0.52362817962916974
1.00000000000000000
0.32701681817486500
1.00000000000000000
0.20919052290119899
1.00000000000000000
0.14102510322380329
1.00000000000000000
0.27809603040209802
1.00000000000000000
0.31439842353610564
1.00000000000000000
0.51178386292543132
1.00000000000000000
0.51721949709873294
1.00000000000000000
0.37087040605273403
0.94814756708524894
0.44938297937706950
0.90416604968441128
0.47948131418278073
0.89020107960918538
0.52521215512842068
0.73269930058433064
0.60328342956431125
0.68014312719056258
0.74642587478679068
0.46659089739414716
0.77977072305147677
0.46067370025102494
0.82797223450925783
0.30336804089737240
0.80269753957951073
0.28412760839174439
0.87353987576733905
0.02704445880390030
0.83789018684315808
0.01000000000000000
0.64411957300355516
0.01000000000000000
0.59714129129905436
0.03143364502255044
0.30524120347067152
0.18726074346950294
0.19166518966268661
0.29224319731606341
0.04514676254271674
0.51846789408227012
0.01451879072842834
0.59523767690873208
0.10871924098828928
0.85188990956236310
0.15503211124775723
0.89974359226946810
0.27008356346871987
0.98886731856012433
0.41615615484739182
1.00000000000000000
0.43653514364419771
1.00000000000000000
0.50115461941906703
1.00000000000000000
0.37473234155143631
1.00000000000000000
0.32255061726914336
1.00000000000000000
0.20937652766033385
1.00000000000000000
0.28819514749867675
0.99251746177157374
0.31982777962136294
0.98590009078643126
0.53550758755311034
0.92193636344967855
0.56303037507018172
0.96048465606049183
0.71454553936234810
0.91245016998017503
0.26333017066637521
0.71380064431739454
0.34727900050567900
0.79632656022481874
0.36505936589786020
0.65753213968225144
0.45259106586867626
0.59546138941700533
0.53805765098869551
0.43765899051119239
0.67863466463462652
0.47827106599790453
0.75953891649532113
0.30950726023772424
0.83578800212070636
0.27720123669639024
0.90203231395007044
0.08123973106283199
0.94241545394907866
0.01000000000000000
0.73581429760392292
0.01000000000000000
0.63782843564937508
0.01000000000000000
0.40813373315973289
0.01000000000000000
0.33573438020960900
0.05403132404179106
0.13965874149932955
0.24462935574348402
0.03925292745674509
0.39245017572811813
0.01000000000000000
0.62486486400260111
0.01000000000000000
0.73103677441451120
0.08211226244962379
0.91177861961039497
0.22545246458876655
0.96253127119122173
0.23398496998835386
1.00000000000000000
0.36022601834762169
1.00000000000000000
0.32050746815261894
1.00000000000000000
0.32018506481808384
1.00000000000000000
0.27743108791608118
1.00000000000000000
0.30974533245639768
0.90444929626505755
0.31918471220165234
0.92929046359591450
0.46797260429270204
0.88419743342121104
0.59828509519107742
0.83934501347370283
0.74175678498945730
0.79625864213663711
0.78311479811768336
0.81120208182572240
0.15499125421470561
0.56038183047689483
0.17507347160116571
0.50198820451296955
0.26063085424624061
0.48268693122349698
0.34748869526629422
0.37483001078457245
0.48215058875553135
0.33191270577886178
0.57927792419454771
0.21989794418383554
0.71394701582663156
0.19153699225052065
0.78563015618458998
0.04702749225657633
0.94860727096409458
0.01000000000000000
0.86957329017724172
0.01000000000000000
0.76368454762115634
0.01000000000000000
0.55242672262527159
0.01000000000000000
0.44724463958481919
0.01000000000000000
0.22288538165405000
0.03796958870023395
0.15968038930165140
0.11418473780237115
0.03246818022316995
0.35779279678254755
0.01000000000000000
0.48623293818386715
0.01000000000000000
0.73068031232440023
0.09427689206030605
0.79992150730116629
0.11104820841436526
0.93883304794613953
0.23285817747831719
1.00000000000000000
0.19933049286818069
1.00000000000000000
0.27417570003026931
1.00000000000000000
0.22334246962927320
1.00000000000000000
0.31579556331189063
0.89693581418454615
0.31865046917407702
0.89029285195810814
0.46545814968128080
0.80367167785590155
0.54528677370491196
0.79589144544728585
0.76164071081879126
0.66386488041755676
0.80829325276541342
0.67060640747193723
0.89808202178526308
0.59260026006045086
0.01000000000000000
0.27773720849351086
0.08147800436578005
0.33407304673951699
0.14117938452145720
0.23177893093523050
0.24895636062515369
0.17491550091117022
0.33799504290908522
0.09840039393032454
0.50573282969635824
0.09077690539599147
0.55606904822166126
0.01000000000000000
0.74782743691196241
0.01000000000000000
0.80743210643961949
0.01000000000000000
0.90662522683444080
0.01000000000000000
0.79072528771170070
0.01000000000000000
0.61804673118849818
0.01000000000000000
0.52017043628009185
0.01000000000000000
0.31736347096000483
0.01000000000000000
0.17867180561670176
0.12417966944894665
0.08901527062619684
0.23810075947485598
0.03364079971257598
0.50178896077242030
0.11833904164611034
0.60665778701428086
0.15372050755251887
0.81251282378214940
0.31491032014042325
0.93400268696069422
0.26423082122563990
1.00000000000000000
0.30777153539898594
1.00000000000000000
0.26626802745166395
1.00000000000000000
0.29469501559604183
1.00000000000000000
0.30767179548821072
0.94288826291687877
0.41655029607569455
0.80112874218788055
0.42160424843062561
0.79050151086336196
0.56181716841206797
0.70242532954531145
0.67753026773999980
0.61620771718781298
0.84244427531227395
0.47547993331779836
0.91136089700768497
0.46756525951078948
0.01000000000000000
0.19538421981951706
0.01000000000000000
0.10816478194697147
0.12218833279738855
0.13308931118738693
0.16301168903290800
0.01000000000000000
0.34486017134120328
0.01000000000000000
0.37775368577827639
0.01000000000000000
0.55456096511803787
0.01000000000000000
0.62201439408355597
0.01000000000000000
0.80778684162048742
0.01000000000000000
0.90715081227048500
0.01000000000000000
0.80250917577979786
0.01000000000000000
0.69649098396238296
0.01000000000000000
0.48776470793514104
0.01000000000000000
0.42033051616581257
0.01000000000000000
0.22217975239559520
0.07978004882046845
0.11813324846574443
0.28706481613132601
0.12925682142661660
0.42024090419993043
0.17063798358880672
0.65518407280841939
0.34786325665043305
0.82804492963919230
0.37878018764979637
0.93362533733408959
0.49036708257546491
1.00000000000000000
0.40001144967901181
1.00000000000000000
0.41497554605724940
1.00000000000000000
0.34988332364733232
1.00000000000000000
0.45490323929944843
0.88455516517975596
0.45687081270221808
0.81409575948096435
0.49631571551051668
0.69285637285130564
0.53015797539612453
0.65322833475135123
0.68421256799411834
0.44008597649232067
0.78882004944166362
0.40263204648012241
0.94207814778653209
0.25523731986795867
0.01000000000000000
0.01000000000000000
0.10030265820268272
0.01000000000000000
0.07177319364904459
0.01000000000000000
0.17402800930402929
0.01000000000000000
0.21980634201958096
0.01000000000000000
0.38875652171728281
0.01000000000000000
0.47282798715747076
0.01000000000000000
0.66890818761285964
0.01000000000000000
0.76393550393723297
0.01000000000000000
0.92352401150758390
0.01000000000000000
0.86779785345576110
0.01000000000000000
0.67092729450414001
0.01000000000000000
0.57106558397338858
0.01000000000000000
0.33244244448355531
0.04129769081619605
0.23785045482500353
0.22997715586585130
0.16527173259172992
0.28997751346255163
0.12925058528271871
0.50406323215243432
0.30301434218118783
0.67472483872930167
0.44233201541118716
0.80332553854522903
0.62407459802900866
0.91475506998382639
0.61675880541599115
1.00000000000000000
0.63348945899940801
1.00000000000000000
0.49849992600284204
1.00000000000000000
0.51761430997384283
1.00000000000000000
0.50288491689724735
0.92960411949309785
0.63738708860821314
0.73328472611581552
0.56814374702799919
0.69566590591152433
0.65152872354276126
0.44482733745262876
0.71033159317936323
0.34928321123637207
0.88964084100112306
0.17074143663161734
0.95085922169380122
0.17398366403312826
0.01000000000000000
0.01000000000000000
0.01000000000000000
0.01000000000000000
0.09649267510810206
0.01000000000000000
0.12645773510853237
0.01000000000000000
0.28096904644017712
0.01000000000000000
0.33284851988572878
0.01000000000000000
0.53604485550059977
0.01729470732962939
0.65243888905450931
0.01000000000000000
0.86858150126164035
0.01000000000000000
0.93495736731767620
0.01000000000000000
0.88428805375287867
0.01000000000000000
0.78877508361635817
0.01000000000000000
0.51277481574037964
0.01000000000000000
0.39378761843079990
0.05044114181362464
0.23478149656611935
0.21995868056082901
0.22094909275615462
0.26886014245167511
0.28989492822235813
0.48310247529130657
0.39726285776306586
0.61287902378952963
0.62644756112346700
0.74997082334169862
0.74208038265640142
0.83709422905470809
0.83457086060628383
0.92013003838562901
0.73247803307280102
1.00000000000000000
0.73893180336540953
1.00000000000000000
0.58724528467547266
1.00000000000000000
0.69540048129388021
0.85465107658652695
0.74614760023931215
0.69763398793431342
0.77271687780951959
0.48514076744409584
0.75680734215403112
0.37516546554895380
0.87389900499289386
0.15776179839915089
0.90203071605129670
0.12870614059928981
1.00000000000000000
0.01773960218740315
0.07317334974887901
0.01000000000000000
0.12447467269622145
0.01000000000000000
0.11683535992553382
0.01000000000000000
0.25380636029307391
0.01000000000000000
0.27106934862221976
0.02896271186595586
0.45682786807111619
0.09370123748237338
0.59639603920312056
0.12113593304806583
0.83850665173757954
0.15108308828780370
0.92975218627178102
0.07517585768501045
1.00000000000000000
0.02470540006664674
0.98050239214788926
0.01000000000000000
0.78789502826812774
0.01000000000000000
0.65971009435825800
0.01000000000000000
0.38161877396277105
0.11211124346897769
0.38329291251482556
0.16547364970113113
0.23630031335917423
0.29750947180880088
0.41506674032429430
0.43501021273007590
0.52317438185871046
0.55058092625286525
0.74903054477160280
0.68210010569394008
0.86242719251920419
0.69542370147292465
0.92452883993944357
0.85403357322480222
0.99094211728329962
0.93304199492589734
0.87090602816107821
1.00000000000000000
0.87729184464717958
0.92490546818958763
0.83280569593268228
0.84881973131183730
0.90316393008409845
0.61856194627836103
0.89344601848387994
0.46208100023796667
0.96894491467462918
0.19616625785377492
0.93451609480092723
0.15240448948059199
1.00000000000000000
0.01000000000000000
1.00000000000000000
0.01000000000000000
0.14790134626783644
0.01000000000000000
0.17927751497921818
0.01000000000000000
0.29528299605533365
0.01000000000000000
0.25463699707458948
0.05041668613471541
0.41811141086381876
0.18192931690851097
0.53869617239762213
0.21117659030630498
0.74760860732383994
0.27765879395427895
0.88182813429553275
0.26220985798900759
1.00000000000000000
0.21379101356130387
1.00000000000000000
0.11264597434605977
0.98318592450135145
0.02738141249065316
0.89670336424210095
0.06944827099680634
0.66228518076836651
0.13393703407782676
0.58280788411082929
0.13973218453745606
0.44944783131490840
0.24248975141562673
0.44294692155158305
0.30850852958168834
0.49493192499217264
0.39488241928711160
0.71212332057335470
0.51790005498706004
0.86684351886484401
0.60889737337340433
0.97095383467174123
0.68876184811600172
1.00000000000000000
0.73797276445838389
1.00000000000000000
0.95160957573229765
1.00000000000000000
0.92759331394922029
0.96055672803107883
0.91353431720358125
1.00000000000000000
0.70795119505146953
1.00000000000000000
0.61277565673745316
1.00000000000000000
0.36901446124371889
1.00000000000000000
0.25310510507337919
1.00000000000000000
0.06742490663744524
1.00000000000000000
0.01000000000000000
1.00000000000000000
0.01000000000000000
0.22145584166419710
0.01000000000000000
0.31940477046591159
0.01000000000000000
0.30674813398654843
0.03299426244369450
0.42469687438246151
0.19220353170922144
0.51556345726861474
0.27307537239794422
0.68182854198697551
0.36419656264947653
0.81689057429803125
0.38717716721092854
1.00000000000000000
0.38447366147040246
1.00000000000000000
0.28631701717079983
1.00000000000000000
0.21643674107853125
1.00000000000000000
0.14121896041558324
0.91907137123303007
0.14676801225846642
0.86392942949217510
0.19770968915156201
0.73287075394082390
0.26282017888289849
0.63842362387390161
0.27402517866504367
0.53252870388542251
0.37656223985504067
0.66709129344950413
0.40351624176641432
0.77429150502469279
0.44403022340086284
0.94715132012288394
0.51673035133772582
1.00000000000000000
0.54441995131885201
1.00000000000000000
0.76123057339365574
1.00000000000000000
0.85041987074864656
1.00000000000000000
0.99637982323995766
1.00000000000000000
0.86952441719430373
1.00000000000000000
0.78811429684861867
1.00000000000000000
0.56110109783093076
1.00000000000000000
0.44488525976009252
1.00000000000000000
0.21445347921254518
1.00000000000000000
0.15165980264618442
1.00000000000000000
0.03521601138969976
1.00000000000000000
0.02002142025997618
0.33102238726294486
0.01000000000000000
0.35227009200765946
0.01000000000000000
0.42812790147517887
0.12125729779095951
0.47663707987112303
0.23259871897100443
0.62661591479025214
0.40577563851662296
0.71743784094222596
0.46915950385795097
0.90089057154003194
0.51725426995655677
0.92103407385879787
0.46877406055006693
1.00000000000000000
0.38077384836857198
1.00000000000000000
0.26803629006072682
1.00000000000000000
0.20912659163538286
1.00000000000000000
0.21407575873533990
1.00000000000000000
0.30197337077734260
0.83532144886783577
0.28550488148835962
0.79819295888102826
0.39263784688137454
0.74263805834912788
0.41236944640232459
0.70707183908856042
0.41491227347020443
0.90267838222631880
0.43818418065350107
0.92159368883374093
0.46902288526933694
1.00000000000000000
0.58546360132844810
1.00000000000000000
0.66624114243174504
1.00000000000000000
0.85562041911897080
1.00000000000000000
0.93604884258523535
1.00000000000000000
0.95491748062801629
1.00000000000000000
0.76443979799523387
1.00000000000000000
0.68984345463035879
1.00000000000000000
0.46300373647529131
1.00000000000000000
0.38685109996618217
1.00000000000000000
0.22099958045199863
1.00000000000000000
0.22711973072616673
1.00000000000000000
0.13735438626748747
0.39167466240808280
0.01000000000000000
0.42827037916293859
0.01000000000000000
0.38096710191855038
0.06549377890400619
0.45568663007350557
0.27971805336248357
0.53604271605446119
0.41409213092035374
0.73325086992905908
0.55313727516200861
0.77655020005353848
0.58588247658527470
0.92258565695342565
0.51213916569030071
0.95570182794176728
0.37103298347508418
1.00000000000000000
0.30789295349435430
1.00000000000000000
0.22351926151901852
1.00000000000000000
0.28248067286483636
1.00000000000000000
0.32784838846564784
0.98961878910891010
0.41809889945088013
0.89326110279668436
0.39619315422812645
0.91916570301396971
0.50519760842918937
0.89593929848366749
0.49614461215449907
0.90780900071173343
0.47500379472902460
1.00000000000000000
0.50090529235836578
1.00000000000000000
0.56718283207233455
1.00000000000000000
0.74005442732228532
1.00000000000000000
0.82513980508212570
1.00000000000000000
0.97882459200788863
1.00000000000000000
0.93817282346408215
1.00000000000000000
0.91726527506783517
1.00000000000000000
0.73077517571210726
1.00000000000000000
0.66676072072628434
1.00000000000000000
0.47942530387338622
1.00000000000000000
0.47827561958969234
1.00000000000000000
0.35875264591134481
1.00000000000000000
0.39423239079603350
0.47345888183240714
0.01000000000000000
0.44695889204388284
0.09739084373173007
0.43753826184348521
0.17601487254717033
0.42343444735658758
0.45038816181470442
0.49801511738511384
0.52240969256297309
0.55008604957845397
0.62138093897665292
0.70434486186616863
0.59517942597521745
0.76252700893034542
0.48423368090878433
0.87202991352734394
0.34893714470953729
0.86404955787427906
0.15409146076435243
1.00000000000000000
0.19482448494690269
1.00000000000000000
0.26463905660953080
1.00000000000000000
0.39420003418266819
1.00000000000000000
0.44781780553694167
1.00000000000000000
0.49588089086476272
1.00000000000000000
0.49116996250899519
0.91254644772289240
0.54982643032851553
1.00000000000000000
0.49523934550040322
1.00000000000000000
0.54896336928731837
1.00000000000000000
0.65188329622300112
1.00000000000000000
0.71736330681039373
1.00000000000000000
0.89236467250171359
1.00000000000000000
0.93912827623804818
1.00000000000000000
1.00000000000000000
1.00000000000000000
0.92805436360024762
1.00000000000000000
0.92761524517976912
1.00000000000000000
0.77173175984751807
1.00000000000000000
0.74428161642043977
1.00000000000000000
0.64075730768237782
1.00000000000000000
0.65556992379759049
1.00000000000000000
0.54269714315571682
0.50966138692618701
0.01000000000000000
0.45739067516569226
0.01343726252428573
0.41497712457262909
0.22698461742186826
0.37872837106156598
0.36300727722164661
0.41792057868947829
0.56813394851578991
0.43991078852857235
0.56559139725995300
0.46571935757077276
0.56878116560480707
0.64763491210968471
0.42623228674855751
0.62241901146133860
0.25492659347902052
0.79081389199757191
0.14694907739008337
0.87297695276053378
0.07221322896202925
1.00000000000000000
0.27706156314418595
1.00000000000000000
0.34536758705289816
1.00000000000000000
0.44865657262101061
1.00000000000000000
0.44842705820003564
1.00000000000000000
0.45847303479998569
1.00000000000000000
0.40581197064402186
1.00000000000000000
0.46881355120083390
1.00000000000000000
0.53380436991361679
1.00000000000000000
0.65554439794587893
1.00000000000000000
0.82158654745699511
1.00000000000000000
0.89120241736971562
1.00000000000000000
1.00000000000000000
1.00000000000000000
1.00000000000000000
1.00000000000000000
1.00000000000000000
1.00000000000000000
1.00000000000000000
1.00000000000000000
0.97063793746651017
1.00000000000000000
0.87726678251562185
1.00000000000000000
0.92668855956160978
1.00000000000000000
0.81665756305139114
1.00000000000000000
0.81588269692639703
0.44971410524412236
0.01000000000000000
0.34395391263260355
0.02326789091796648
0.36797617097950064
0.11441401664568318
0.33909712103622031
0.35064019956107884
0.31768124743655368
0.47965923768512070
0.33644855816826885
0.57753627560744569
0.38376869976572670
0.47908493927941354
0.40450655135434732
0.40124457266827090
0.55310010134246812
0.21722667058048833
0.64594463154576398
0.11201437668557031
0.86597653447781320
0.08251989295280841
0.97924520605987442
0.15872113964667034
1.00000000000000000
0.28926934698628626
1.00000000000000000
0.31166506252600890
1.00000000000000000
0.36340974084680339
0.98898952788827588
0.27075365138684471
1.00000000000000000
0.30168744159611827
1.00000000000000000
0.31627454702067176
1.00000000000000000
0.52876434491376967
1.00000000000000000
0.68353955329345417
1.00000000000000000
0.75694868001873961
1.00000000000000000
0.93811285690936352
1.00000000000000000
1.00000000000000000
1.00000000000000000
1.00000000000000000
1.00000000000000000
1.00000000000000000
1.00000000000000000
1.00000000000000000
1.00000000000000000
1.00000000000000000
1.00000000000000000
1.00000000000000000
0.99626485390252761
1.00000000000000000
0.91896705522788524
1.00000000000000000
0.96004283305982430
0.94641072955101835
0.35738873241868002
0.01000000000000000
0.34322742236187609
0.01000000000000000
0.29332387278780436
0.12858808647316705
0.26085605203731249
0.24097461083556976
0.23035029853941821
0.46970355592729301
0.19791484336776616
0.47349424279275570
0.26551074111398926
0.48424296528007987
0.34817092126978622
0.29656991867046112
0.44888871105648376
0.17933771703602105
0.63602287389900170
0.05167837273849291
0.76892858576730783
0.02518779774726664
1.00000000000000000
0.10007768930273343
1.00000000000000000
0.12882400762917837
1.00000000000000000
0.21363408859860666
0.92048997753033690
0.18519408127538778
0.89332127553187757
0.14432782966945973
0.89938719259506539
0.10716146447878759
1.00000000000000000
0.29425504391412005
1.00000000000000000
0.39517950493448373
1.00000000000000000
0.61329740915265185
1.00000000000000000
0.75939869135842430
1.00000000000000000
0.82627065033677116
1.00000000000000000
0.95267892440329616
1.00000000000000000
0.93952229736070381
1.00000000000000000
1.00000000000000000
1.00000000000000000
1.00000000000000000
0.93503171262751994
1.00000000000000000
0.91774531398510295
1.00000000000000000
0.87318073568050059
1.00000000000000000
0.87596768720427587
1.00000000000000000
0.79872477697560706
1.00000000000000000
0.27588087402679595
0.01000000000000000
0.23699418342663800
0.01000000000000000
0.21128019865628256
0.01923400004603085
0.18502130505308190
0.25351862404871595
0.13760161533609985
0.34147772488293410
0.11889835157314770
0.46428462258241088
0.19606016461794509
0.32293343590542001
0.28223396902439807
0.23157315152557739
0.44227279575144024
0.08756741973598292
0.55728153405318026
0.01027489519869774
0.77136978185095673
0.01000000000000000
0.81370120466320983
0.01000000000000000
0.93490895172262445
0.05702030112431209
0.79957975710808882
0.05999737016715467
0.81526784638348071
0.10230168537739605
0.67233619969910474
0.04771591295280260
0.81945857905277064
0.14307424847871603
0.87066188967292801
0.24964992241274536
0.97755427637974757
0.47672976238756520
1.00000000000000000
0.52418614115883155
1.00000000000000000
0.69606840455420738
1.00000000000000000
0.79454596363104224
1.00000000000000000
0.81215810727243787
1.00000000000000000
0.91989065582792473
1.00000000000000000
1.00000000000000000
0.93183513262689621
1.00000000000000000
0.91062325151865198
1.00000000000000000
0.78342773841411972
1.00000000000000000
0.78467299611657693
1.00000000000000000
0.69915427819197706
1.00000000000000000
0.72521108107367549
1.00000000000000000
0.18702425009032661
0.01000000000000000
0.16881666251578809
0.01000000000000000
0.10475410964909118
0.05271754263486724
0.12690038905068318
0.11653032987634236
0.07622714100603685
0.30360312496111747
0.03503655850649432
0.29027741579596950
0.06442382722207279
0.32197455982269757
0.22009108629306731
0.16130749489144577
0.32981654457427045
0.05810196654137752
0.51286440110215059
0.01000000000000000
0.54855303899426477
0.01000000000000000
0.68870603824267373
0.01000000000000000
0.66782045698038250
0.01000000000000000
0.66968682563447302
0.01690499571494107
0.56308490395651556
0.04403607845927332
0.56823021898901638
0.09015080853173618
0.63845654967072796
0.18145374968849648
0.77596879953662035
0.31052464993425682
0.83551313875713529
0.38166327805549699
0.86121221864887065
0.56881037235055643
0.90079771098893402
0.61599109691962661
1.00000000000000000
0.72297194102541118
1.00000000000000000
0.79502240558301207
1.00000000000000000
0.84853974093167095
1.00000000000000000
0.95553550690900035
0.95746983265178676
1.00000000000000000
0.77872978495256229
1.00000000000000000
0.73899166424453921
1.00000000000000000
0.61010667692500209
1.00000000000000000
0.61968082961923177
1.00000000000000000
0.55050777011783281
1.00000000000000000
0.09997302330661320
0.01000000000000000
0.12295146919090573
0.01000000000000000
0.08615637959314132
0.01000000000000000
0.07957931538317739
0.12035933615590848
0.02762949090805934
0.14212077728133676
0.01000000000000000
0.26191121368037606
0.01501415008743757
0.17743052676678286
0.07442460254807201
0.13156750596308023
0.30222895624162921
0.01000000000000000
0.30799292561031610
0.01000000000000000
0.43309718610863035
0.01000000000000000
0.40819237386226037
0.01000000000000000
0.50091348618374243
0.01000000000000000
0.41180009264475842
0.01000000000000000
0.46174965559571146
0.05615884594229036
0.37434937532704443
0.14561968323350324
0.50321467248604379
0.25017129215991435
0.56130780411897097
0.34494739097597604
0.63075700438762716
0.46537674042429378
0.73193765820199053
0.55370718627431348
0.83124188480888783
0.63965271514847488
0.83522727623131510
0.67984572869114901
0.98128562120985641
0.77424654782096380
0.94689982404564299
0.89269651337230760
1.00000000000000000
0.94774786552467194
0.81804684288178653
1.00000000000000000
0.78549291852791459
1.00000000000000000
0.61815062565523970
1.00000000000000000
0.57081494427284363
1.00000000000000000
0.44641649129139227
1.00000000000000000
0.45515025929852587
1.00000000000000000
0.06040510374186779
0.01000000000000000
0.06959092483828160
0.01000000000000000
0.07408226410600911
0.01000000000000000
0.06848513398708986
0.01000000000000000
0.01000000000000000
0.13541309982964356
0.01000000000000000
0.12931985382001115
0.01000000000000000
0.16190625112333926
0.06897882465008395
0.03788544979558694
0.11192905127880695
0.01000000000000000
0.24246566967863459
0.01000000000000000
0.21464731488942268
0.01000000000000000
0.28372763859992545
0.01000000000000000
0.24457439754905336
0.01000000000000000
0.32132185711274580
0.02236502542596694
0.26025199923804282
0.09737558228897022
0.32770545942517065
0.17433722244719740
0.25267145783878980
0.32249400919829080
0.40685207115634925
0.39364483757834418
0.45417970776087635
0.51020194196874846
0.43853560643549144
0.60674526371745785
0.56396524631956835
0.66121889713978732
0.72891394446865554
0.70503186070883628
0.77869280832062526
0.76442871866240381
0.92375400053913348
0.88010860348222886
0.83341813375851292
0.95531504014792801
0.78962984834257355
1.00000000000000000
0.64640561139797292
1.00000000000000000
0.59485684245125670
1.00000000000000000
0.42462542631627642
1.00000000000000000
0.38458941668675040
1.00000000000000000
0.26244877294805624
1.00000000000000000
0.01000000000000000
0.01000000000000000
0.08612857247629005
0.01000000000000000
0.04222999737863922
0.01000000000000000
0.04610638749654387
0.01000000000000000
0.01000000000000000
0.04603092207547300
0.01000000000000000
0.07525348982134708
0.01000000000000000
0.05137263416805952
0.01000000000000000
0.05915740729468811
0.09212831686862211
0.01000000000000000
0.06549313452816490
0.01000000000000000
0.13851990031279426
0.01000000000000000
0.09132535169525074
0.01000000000000000
0.16665354846426131
0.01000000000000000
0.11708838429375885
0.05983986182312476
0.21442713343175968
0.08727559760347128
0.15381095056561359
0.22759947526654839
0.16223382276475629
0.32557704362894802
0.16700701758744230
0.48329004691233102
0.21553647995450143
0.56545952594256688
0.31483389955542435
0.65473419270509281
0.39799516569356375
0.70203619403418460
0.44628093039469785
0.75735276605972546
0.65270989193297746
0.81521526462234906
0.70040621753445098
0.90094439073721266
0.74167156724830374
0.97161711734995726
0.62456221999192274
1.00000000000000000
0.60643162440702636
1.00000000000000000
0.45601717190547725
1.00000000000000000
0.41470064310060967
1.00000000000000000
0.21584883846130948
1.00000000000000000
0.20097542166512239
1.00000000000000000
0.01000000000000000
0.01000000000000000
0.01000000000000000
0.01000000000000000
0.01000000000000000
0.01000000000000000
0.01000000000000000
0.01000000000000000
0.01000000000000000
0.01000000000000000
0.01000000000000000
0.07968372006044114
0.01000000000000000
0.06577230584762372
0.01000000000000000
0.01000000000000000
0.01000000000000000
0.01000000000000000
0.01000000000000000
0.01000000000000000
0.01000000000000000
0.01000000000000000
0.01000000000000000
0.06026422373898967
0.01000000000000000
0.08204271677824634
0.04543970184759979
0.04820121625190374
0.02629260047538259
0.19202719005395011
0.04788909868063125
0.23742000996463697
0.01000000000000000
0.41861746849090181
0.04840762936530034
0.46453199988675237
0.10360104205170767
0.63527295153177832
0.06670413515701265
0.67380911507971686
0.14940730947552863
0.78120612237249609
0.30062655747557654
0.82551360886986380
0.42641548055084300
0.88165809317922028
0.57460861971577859
0.95292418417274338
0.52688395046593672
1.00000000000000000
0.54927727772339252
1.00000000000000000
0.41662166571642567
1.00000000000000000
0.41652592489624379
1.00000000000000000
0.26210080346563808
1.00000000000000000
0.20534911178395443
1.00000000000000000
0.05904683768396441
1.00000000000000000
0.01000000000000000
0.13984315604023506
0.01000000000000000
0.11379704595736702
0.01000000000000000
0.13630815288478249
0.01000000000000000
0.09610495086254782
0.01000000000000000
0.04012845382218955
0.01000000000000000
0.01000000000000000
0.01000000000000000
0.01000000000000000
0.04815393791950666
0.01000000000000000
0.01000000000000000
0.01000000000000000
0.01000000000000000
0.01000000000000000
0.01000000000000000
0.06692389941102911
0.01000000000000000
0.06215493573035022
0.01000000000000000
0.11091995013231865
0.01000000000000000
0.14506427259229157
0.01000000000000000
0.19125348294589242
0.01000000000000000
0.33778088913234378
0.01000000000000000
0.39012283984722562
0.01000000000000000
0.56231684232580847
0.01000000000000000
0.61660622560640832
0.01000000000000000
0.77449065771584702
0.10829879807007166
0.80892294271306420
0.15785663676638503
0.89523643054266488
0.38494243389247085
0.95159331625630106
0.37662570655889949
1.00000000000000000
0.43789532007973847
1.00000000000000000
0.34812879897100479
1.00000000000000000
0.34533460997151483
1.00000000000000000
0.21791482108324298
1.00000000000000000
0.21158025246691795
1.00000000000000000
0.05768578534278770
1.00000000000000000
0.07643892997741891
1.00000000000000000
0.01000000000000000
0.22417870929276254
0.01000000000000000
0.24566516733590710
0.01000000000000000
0.18986975072096945
0.01000000000000000
0.19584374068706098
0.01000000000000000
0.11378255881176905
0.01000000000000000
0.03817623538637283
0.01000000000000000
0.01000000000000000
0.01000000000000000
0.01000000000000000
0.01000000000000000
0.01000000000000000
0.01000000000000000
0.01000000000000000
0.01000000000000000
0.02928597033507559
0.01000000000000000
0.06996236886322760
0.01000000000000000
0.08135153972515446
0.01000000000000000
0.15143145381198964
0.01000000000000000
0.23015156457158487
0.01000000000000000
0.31951539648650501
0.01000000000000000
0.46231206927502094
0.01000000000000000
0.53502047285927712
0.01000000000000000
0.68106948628189612
0.01000000000000000
0.75387112157598746
0.01000000000000000
0.87988995273558102
0.11676990867823611
0.95080889227120124
0.11424515080695520
0.98233242672545018
0.28458253080006191
1.00000000000000000
0.21182625627646984
1.00000000000000000
0.25948299633603911
1.00000000000000000
0.15873179620105182
1.00000000000000000
0.15383308846814991
1.00000000000000000
0.03830742655633075
1.00000000000000000
0.01000000000000000
1.00000000000000000
0.01000000000000000
1.00000000000000000
0.01000000000000000
0.34514106695447444
0.01000000000000000
0.31737414982960765
0.01000000000000000
0.31721659419884368
0.01000000000000000
0.22472985219161135
0.01000000000000000
0.17887483344359867
0.01000000000000000
0.08209161980474927
0.01000000000000000
0.01000000000000000
0.01000000000000000
0.01000000000000000
0.01000000000000000
0.01000000000000000
0.01000000000000000
0.01000000000000000
0.01000000000000000
0.01000000000000000
0.01000000000000000
0.04896570113613908
0.01000000000000000
0.06288816188484581
0.01000000000000000
0.08317087226188738
0.01000000000000000
0.20137001803998394
0.01000000000000000
0.27389257379887777
0.01000000000000000
0.42468057234505241
0.01000000000000000
0.49339455739718174
0.01000000000000000
0.66438647298769593
0.01000000000000000
0.73477323454503063
0.01000000000000000
0.89226438407731823
0.01000000000000000
0.94901458228506830
0.09381331444115923
1.00000000000000000
0.06780447896609970
1.00000000000000000
0.11287939651057607
1.00000000000000000
0.05883072903509728
1.00000000000000000
0.10128459627927816
1.00000000000000000
0.02036272978093427
1.00000000000000000
0.01000000000000000
1.00000000000000000
0.01000000000000000
1.00000000000000000
0.01000000000000000
1.00000000000000000
0.01000000000000000
0.42840786510724593
0.01000000000000000
0.40349484442626449
0.01000000000000000
0.34859732707871055
0.01000000000000000
0.29538910181256617
0.01000000000000000
0.19874572813358410
0.01000000000000000
0.12228570182954072
0.01000000000000000
0.07304332427004373
0.01000000000000000
0.01000000000000000
0.01000000000000000
0.01000000000000000
0.01000000000000000
0.01000000000000000
0.01000000000000000
0.01000000000000000
0.01000000000000000
0.01000000000000000
0.01000000000000000
0.01000000000000000
0.01000000000000000
0.01000000000000000
0.01000000000000000
0.14509271721916586
0.01000000000000000
0.28381693285719273
0.01000000000000000
0.38535879096319581
0.01000000000000000
0.53907681670492802
0.01000000000000000
0.61748634241597389
0.01000000000000000
0.78274611596252486
0.01000000000000000
0.85866877268998354
0.01000000000000000
0.96154527045432747
0.01000000000000000
1.00000000000000000
0.01000000000000000
1.00000000000000000
0.05493906206505761
1.00000000000000000
0.04156869554577907
1.00000000000000000
0.01000000000000000
1.00000000000000000
0.01000000000000000
1.00000000000000000
0.01000000000000000
1.00000000000000000
0.01000000000000000
1.00000000000000000
0.01000000000000000
1.00000000000000000
