-0.49970813916984563
-1.03811205395224126
-0.57371747678685647
-0.83833534368898088
-0.66328343860642502
-0.57727401595200567
-0.75810587079891167
-0.28082589701933641
-0.85263121893868909
0.03528868985643682
-0.94299164319779349
0.35872906881673877
-1.02596158525544112
0.67799005671961277
-1.09844023588208572
0.98052567247092737
-1.15703695788004213
1.25003425347328845
-1.19717517649958061
1.45906995188611543
-0.29083162497160181
-0.99829611209246516
-0.36201112512554173
-0.79360600209945209
-0.45072736714160772
-0.52782839947567095
-0.54550263518838471
-0.22726474631784155
-0.64045120208614559
0.09253137999258060
-0.73167523689035496
0.41942192609136203
-0.81600241755738245
0.74209604082357716
-0.89046196917635378
1.04816368838702489
-0.95203856612503823
1.32128898822716123
-0.99696799077693876
1.53306632903223239
-0.02151710227317671
-0.94048727124632492
-0.08895702584150333
-0.73267925517122823
-0.17499360070737022
-0.46234813532025915
-0.26853227784807543
-0.15708583708174395
-0.36341765201609938
0.16711663681598113
-0.45563851379341924
0.49808774909511999
-0.54203336750892861
0.82456522898605977
-0.61970720447088101
1.13406914301937345
-0.68565215412647362
1.40974578136321682
-0.73514192885473406
1.62228843870770900
0.28086905280711222
-0.86942549419767967
0.21710365583394167
-0.65949662153499811
0.13465668686361118
-0.38576318608375898
0.04345608573456090
-0.07660399886605107
-0.05063951220698235
0.25139070985332912
-0.14364698337791620
0.58578530215474967
-0.23236237189158063
0.91518346069434009
-0.31372280237662009
1.22689340504149524
-0.38416271725471257
1.50370063895384143
-0.43760057377201322
1.71622370086461040
0.60009089161867890
-0.78857375663887042
0.53989011403475562
-0.57715194849214868
0.46140991948840904
-0.30116803716761142
0.37327323954753561
0.01051997014850408
0.28065023719843690
0.34087346992239320
0.18728644619495033
0.67719536993242624
0.09643038552488095
1.00795165226581984
0.01149170005146306
1.32035058580888776
-0.06315068302123446
1.59714546051799244
-0.12010290911846266
1.80920114364942908
0.92364424189540928
-0.70099043609828571
0.86704258819877134
-0.48857622263687028
0.79280062182081235
-0.21141953673027861
0.70822515477573833
0.10126181774946888
0.61764278303663578
0.43219606364875723
0.52444015441685865
0.76858491815957219
0.43187086137912983
1.09889419893890450
0.34371121455950254
1.41043257606899775
0.26517820322890129
1.68618236885576689
0.20493331698873241
1.89735169802868997
1.24003448727515186
-0.60973836731136255
1.18724746346804100
-0.39678006978630931
1.11754519264214291
-0.11951581889007873
1.03687604886468510
0.19258602804089886
0.94874996504086706
0.52228364028857310
0.85621438905100489
0.85687555391014714
0.76248620313473803
1.18496413271441337
0.67158455073934475
1.49412004265589782
0.58941091646591082
1.76776914565395260
0.52589142335085870
1.97757338581667375
1.53689739979266293
-0.51840962906877186
1.48832749187383473
-0.30538727545759209
1.42341219383480411
-0.02919061482235507
1.34671430924511148
0.28079343760882786
1.26118795132930295
0.60767844651582958
1.16971701207514012
0.93896728312947675
1.07547786246887433
1.26339315807510477
0.98251702994960233
1.56879244680270546
0.89702974651987177
1.83919023005359361
0.83008650581643117
2.04701027301642657
1.79845414550508909
-0.43217533043149814
1.75465054846210666
-0.21990580419215131
1.69431581655133767
0.05378232935390870
1.62104996925023026
0.36040555448617589
1.53781510715212666
0.68358184869325078
1.44756863848870987
1.01089451309162603
1.35349385052214011
1.33102339379169154
1.25951665401257840
1.63183779837965037
1.17155319750401543
1.89780460753950675
1.10105492513187864
2.10263264003307171
1.99870413951749826
-0.36080670686720973
1.95978981684338294
-0.15128805411429902
1.90255581622313485
0.11881714240591258
1.83141122554045710
0.42196469883722326
1.74968430414554654
0.74179739703209036
1.66045665546665711
1.06573736082690784
1.56695965612731447
1.38226618048777827
1.47308172596915243
1.67904677455737872
1.38439344771316564
1.94037583361308230
1.31115223628738842
2.14037224233192847
