0.57007193986831817
0.01000000000000000
0.46881413887196788
0.01000000000000000
0.29350013563916472
0.01000000000000000
0.13699128420910844
0.20708075038509333
0.01000000000000000
0.30519273486905585
0.01000000000000000
0.27785555092918740
0.01000000000000000
0.17028125221424653
0.01000000000000000
0.01000000000000000
0.01000000000000000
0.01000000000000000
0.01000000000000000
0.01000000000000000
0.69332233592511983
0.01000000000000000
0.54162647192737179
0.01000000000000000
0.29949939925665148
0.12889775403808712
0.17597307553552172
0.32504308610043625
0.01000000000000000
0.56314520225029963
0.01000000000000000
0.46210020283941394
0.01000000000000000
0.24606981779047771
0.01000000000000000
0.10982062995724998
0.01000000000000000
0.01000000000000000
0.14764173839634059
0.01000000000000000
0.65691631544351548
0.01000000000000000
0.35731306276035363
0.02775905498947804
0.37171171791657137
0.20008383874838181
0.23949780592514414
0.51309861380115485
0.08936316726850747
0.64803916776879977
0.01000000000000000
0.66337368854273271
0.01000000000000000
0.42197277209881373
0.01000000000000000
0.20139255890427199
0.01000000000000000
0.01000000000000000
0.07364811558279100
0.01000000000000000
0.69328001919749271
0.01000000000000000
0.55556749077607925
0.13211374165123191
0.48188381413929909
0.41568974452730229
0.41086191209421896
0.56120446534566804
0.22844023226315044
0.80786374836253227
0.08606755386362888
0.72361878287864279
0.01000000000000000
0.61669674746874725
0.01000000000000000
0.38008392564056692
0.01000000000000000
0.15583570829577092
0.01000000000000000
0.01000000000000000
0.84973772604412601
0.01000000000000000
0.70881993616304040
0.20107687178630868
0.70609081166709897
0.35616690752309943
0.59325666436978663
0.67445454502556035
0.55527611891326989
0.79097431961652498
0.39229966691729479
0.81869032427940658
0.20638218146629725
0.66363302267041357
0.09441632211191338
0.49861461248313343
0.01000000000000000
0.30022872134578249
0.01000000000000000
0.23043970982883430
0.90637204608955457
0.01000000000000000
0.90932620994547930
0.18423608962767488
0.85515072069018327
0.48389989360138630
0.84251104688826950
0.62122846338619098
0.79299769391810249
0.80969757738469317
0.69317426230191370
0.84306392798770546
0.44582642265705624
0.85635502939662589
0.19439712621171418
0.74186265758887160
0.05813823090516275
0.61599162562370968
0.01000000000000000
0.63392087698447219
1.00000000000000000
0.01000000000000000
1.00000000000000000
0.16816085333652786
1.00000000000000000
0.32966611900009057
1.00000000000000000
0.64575996019703752
0.97233152094558895
0.81268247887593825
0.80696613580014664
0.97526066588596838
0.64730074950057492
1.00000000000000000
0.32512043885930730
0.96130909670453257
0.15368024947972336
0.95123331039681380
0.01000000000000000
0.87039820513728683
1.00000000000000000
0.01000000000000000
1.00000000000000000
0.23220720117369972
1.00000000000000000
0.42397058957219641
1.00000000000000000
0.69410692108228267
1.00000000000000000
0.95501632516841883
0.96961132732395550
1.00000000000000000
0.67269248377841551
1.00000000000000000
0.51498879528490449
1.00000000000000000
0.20544822989907713
1.00000000000000000
0.01000000000000000
1.00000000000000000
1.00000000000000000
0.06084117048644811
1.00000000000000000
0.26253689910401712
1.00000000000000000
0.55920659733227918
1.00000000000000000
0.77816399917214640
1.00000000000000000
1.00000000000000000
0.87478492139957975
1.00000000000000000
0.76205098233141477
1.00000000000000000
0.39314369725090859
1.00000000000000000
0.16102162095953676
1.00000000000000000
0.02891422521245912
1.00000000000000000
1.00000000000000000
0.13047774788007657
1.00000000000000000
0.37608498233140869
1.00000000000000000
0.66062463080465306
1.00000000000000000
0.82186114283874900
1.00000000000000000
1.00000000000000000
1.00000000000000000
1.00000000000000000
0.70265800203973994
1.00000000000000000
0.46186605559849803
1.00000000000000000
0.17751643198612241
1.00000000000000000
0.01000000000000000
1.00000000000000000
