-0.49956117823524476
-1.03821945966454909
-0.57357889352666336
-0.83844312716322833
-0.66315779641262018
-0.57738243163384317
-0.75799515051735478
-0.28093435447862092
-0.85253432003961849
0.03518165350849103
-0.94290449193016490
0.35862552092436467
-1.02587790662492195
0.67789218909786664
-1.09835296561417350
0.98043519020332648
-1.15694018373046204
1.24995171628036683
-1.19706665990805483
1.45899404619409578
-0.29067804525458835
-0.99842621606309534
-0.36186586012972610
-0.79373605687734261
-0.45059557013809981
-0.52795889651474526
-0.54538677616265796
-0.22739540355990540
-0.64035046688057773
0.09240184019521029
-0.73158559291853587
0.41929550974364005
-0.81591738361039412
0.74197498585653865
-0.89037407530045143
1.04804983414547181
-0.95194139650445886
1.32118311841289504
-0.99685900241289005
1.53296748565742469
-0.02135297899015634
-0.94065167976941089
-0.08880144687089438
-0.73284349646569968
-0.17485218742043615
-0.46251259283554741
-0.26840820356517886
-0.15725044775227315
-0.36331054587316775
0.16695293016043200
-0.45554443218172025
0.49792686566210986
-0.54194558013425975
0.82440947576796131
-0.61961775227329108
1.13392057140330538
-0.68555410062520572
1.40960548809567765
-0.73503247274061190
1.62215563249490535
0.28104722337707949
-0.86963338214209651
0.21727275190299006
-0.65970451421980092
0.13481066655248888
-0.38597141685579828
0.04359110294540088
-0.07681253861294546
-0.05052359747618711
0.25118283319808526
-0.14354638454150193
0.58557999544519668
-0.23227016081387505
0.91498315425092080
-0.31363058140801287
1.22670039914998208
-0.38406305020055559
1.50351629582783586
-0.43749020846829278
1.71604727256228440
0.60028595759815284
-0.78883149321538559
0.54007535660183237
-0.57741009733513859
0.46157880151533354
-0.30142700519847487
0.37342131299143788
0.01026022470625284
0.28077688995926880
0.34061394291439823
0.18739528223413754
0.67693803331833735
0.09652846075900849
1.00769909518265699
0.01158778052590379
1.32010535680868402
-0.06304864138976013
1.59690915709649084
-0.11999104839186481
1.80897307317708056
0.92385805146511357
-0.70130092959965695
0.86724565648664076
-0.48888771107508122
0.79298581537805890
-0.21173259661308058
0.70838748910919280
0.10094722425324479
0.61778127667404725
0.43188097318865054
0.52455826238984249
0.76827136400169405
0.43197571874104229
1.09858489820691463
0.34381188528806195
1.41013029842642301
0.26528315769852046
1.68588896650954267
0.20504710172596397
1.89706663153943178
1.24026755705585012
-0.61010058500424347
1.18746872213373211
-0.39714394346707999
1.11774682587564556
-0.11988212921245132
1.03705264758111948
0.19221728866279555
0.94890033908915061
0.52191347548474654
0.85634192420762645
0.85650594185488627
0.76259808436200094
1.18459779412817223
0.67169004614637506
1.49375989289193911
0.58951893386234033
1.76741733095244902
0.52600721380195370
1.97722968614409744
1.53714866493294178
-0.51881848321331503
1.48856570613501504
-0.30579838860772618
1.42362884873674189
-0.02960490804489328
1.34690380215064387
0.28037589501561916
1.26134908837497184
0.60725845855864280
1.16985319749571914
0.93854657566425959
1.07559630794978323
1.26297426658079504
0.98262708837508461
1.56837828744011998
0.89714058716279277
1.83878323895100637
0.83020401146431322
2.04661076670661490
1.79872080481120711
-0.43262192322147963
1.75490269251405628
-0.22035501707844055
1.69454448098629240
0.05332957328792088
1.62124970182069683
0.35994892813831347
1.53798485495611303
0.68312174605547282
1.44771186143525243
1.01043225232127898
1.35361776478549745
1.33056118808827084
1.25963060597955900
1.63137840282791746
1.17166639056779598
1.89735059800726091
1.10117361655579615
2.10218502728537793
1.99898146718000103
-0.36127861366892849
1.96005109008622647
-0.15176246859535428
1.90279231241942304
0.11833903370965625
1.83161771514804173
0.42148212976649435
1.74985983757797059
0.74131036005696205
1.66060471748594041
1.06524683050929636
1.56708744265004052
1.38177410312314586
1.47319854485263257
1.67855574140604591
1.38450845149816315
1.93988840109549998
1.31127160888756999
2.13988977456299434
