0.92275469030348178
0.48462942400277137
0.78171889896195490
0.47782958288013111
0.71962572067879504
0.48358758319174633
0.56502565098318303
0.55322922343522241
0.43402026263083082
0.49873156756552073
0.41224186432002469
0.51017918692032549
0.26168440492943945
0.46466035905638348
0.32092170548957777
0.42551030791168004
0.48921473681047578
0.34787163181634395
0.65089409166801726
0.29431885916309058
0.86626686927227914
0.21803826884894453
0.91118624677614835
0.19049850020936890
0.84756484142580646
0.27531841000710733
0.76918725842967661
0.34105848023701169
0.50668099671466249
0.52663087560936639
0.42960746070068734
0.60943523188751358
0.32224963109198190
0.80976607977347115
0.53671035688593838
0.89071899694095369
0.65860617825607271
0.94749058266098318
0.86893246180970818
1.00000000000000000
0.92587437904555669
1.00000000000000000
1.00000000000000000
1.00000000000000000
0.89904972634566571
1.00000000000000000
0.80827697857046943
1.00000000000000000
0.56034144377867112
1.00000000000000000
0.41882785410174744
1.00000000000000000
0.14629514678268526
1.00000000000000000
0.08282820623991295
1.00000000000000000
0.01000000000000000
1.00000000000000000
0.01000000000000000
1.00000000000000000
0.01000000000000000
1.00000000000000000
0.80622862805834483
0.58605745398169917
0.76371736865467299
0.53138307991244904
0.61177062493900147
0.57544646076210537
0.52566320261960409
0.55643405188368811
0.46867165027583202
0.59405031842571310
0.33514294756067514
0.49784784861603470
0.36642384766468789
0.52911387131560650
0.46009550560931201
0.43465979289416029
0.48570041180949536
0.40343054285481378
0.67148548275022268
0.32947083301208097
0.76486950819143451
0.29237073377657502
0.92500531340441983
0.19835428016697909
0.90187438298888301
0.19062302937467057
0.68349249146559932
0.34275925328273738
0.53821174464922272
0.45244575092987893
0.32043967028593606
0.69116910065583259
0.35573154970355914
0.77732713926718355
0.46058987440986304
0.86819633116119355
0.72113136004632361
0.97142764408294813
0.79228106993015712
1.00000000000000000
0.95886034882501325
1.00000000000000000
0.92276358981460260
1.00000000000000000
0.91275957119015694
1.00000000000000000
0.70644198016074378
1.00000000000000000
0.59714835640286856
1.00000000000000000
0.31829275278902597
1.00000000000000000
0.19680609963606588
1.00000000000000000
0.02451374523937358
1.00000000000000000
0.01000000000000000
1.00000000000000000
0.01000000000000000
1.00000000000000000
0.08024639688521389
1.00000000000000000
0.76026535891765668
0.67207394836958090
0.63981377115544158
0.71072444787466427
0.57793483202711193
0.60389671914128218
0.46712646674296665
0.65204260278571835
0.36552554103942908
0.57449960632962882
0.42501477191358061
0.60663065744663647
0.47247644477291068
0.54637885785482954
0.45735537464483683
0.50331408690618740
0.52851396911524484
0.43001378816077623
0.58661052536052793
0.39071001003549855
0.77987191845782478
0.24525870770244357
0.85608495109328608
0.18817903534125818
0.76265964408281794
0.19670229509150822
0.63994343208441684
0.27856477711621297
0.40307892301976855
0.43771014604839437
0.34534765883069751
0.50377273743392936
0.28806343606138440
0.77062659291340463
0.33236668253321161
0.80705395381042888
0.58397660979144772
0.94364040943949534
0.66366254135664760
1.00000000000000000
0.81889273645845884
1.00000000000000000
0.88449947602781243
1.00000000000000000
0.78582485392650525
1.00000000000000000
0.71354155566812372
1.00000000000000000
0.46866199584821544
1.00000000000000000
0.33493369036231896
1.00000000000000000
0.11220980076409566
1.00000000000000000
0.09846577317110058
1.00000000000000000
0.04358849512532117
1.00000000000000000
0.16567185150760755
1.00000000000000000
0.13909490577658723
1.00000000000000000
0.64909685556348251
0.90187049888714521
0.61450523418842395
0.79098637113691150
0.53653261128378482
0.82464330866859037
0.47699584526161465
0.71867941264302337
0.48638633828753547
0.68863377984456331
0.54831425086533570
0.60572227507637733
0.58924766878105483
0.56701692172201079
0.60009252333149632
0.44213135896046518
0.54537348626558058
0.42779379537794626
0.70151447005895462
0.26675182358250410
0.74872368109350218
0.22621363584153231
0.79749553552696428
0.11429302418063973
0.77183474222729376
0.14259984964387423
0.47507572759251693
0.28389795027651815
0.30924535353499616
0.41008466374363461
0.19843002546792959
0.58316457389237986
0.17108962258468519
0.66521861430146978
0.30379039596667967
0.83231574485138693
0.43641140398218592
0.93567605491311934
0.62145377843220295
1.00000000000000000
0.74510419365901626
1.00000000000000000
0.72110087507790943
1.00000000000000000
0.74688424632203043
1.00000000000000000
0.54411056485105780
1.00000000000000000
0.44374807769487912
1.00000000000000000
0.20302959763389411
1.00000000000000000
0.14014061880823803
1.00000000000000000
0.09353895825801116
1.00000000000000000
0.23005230137808141
1.00000000000000000
0.25733594962667017
1.00000000000000000
0.38287588625590957
1.00000000000000000
0.57061857071984001
0.91534815119320134
0.56188432328196702
0.98527959278957056
0.53927536075494642
0.91512465782990970
0.54982629012550277
0.84093718614390012
0.59458681989070128
0.67340107599096710
0.65294906974121381
0.64467313740651733
0.74049316701106693
0.47834005624272530
0.70015972601644838
0.41272554441221337
0.73626565257805454
0.28301180887027672
0.75775665049983310
0.19423027908008741
0.81107434132913581
0.02359846901594412
0.80405192351390020
0.03922262718539327
0.62756542023804596
0.08889763023176350
0.46266508925807537
0.19084511490193182
0.24272333745609415
0.36202699723198689
0.15791374702083744
0.46886781934624261
0.11489154203749169
0.69503051294265261
0.16212854302770963
0.79835265852981463
0.36778264199102528
0.97334897547400567
0.48338607352586255
1.00000000000000000
0.52196479460006073
1.00000000000000000
0.64387124395101536
1.00000000000000000
0.56023249090075522
1.00000000000000000
0.52362817962917252
1.00000000000000000
0.32701681817450706
1.00000000000000000
0.20919052288823167
1.00000000000000000
0.14102510323162387
1.00000000000000000
0.27809603040427688
1.00000000000000000
0.31439842353612502
1.00000000000000000
0.51178386292541700
1.00000000000000000
0.51721949709877280
1.00000000000000000
0.37087040605215010
0.94814756708487458
0.44938297937702359
0.90416604968439673
0.47948131418288364
0.89020107960921380
0.52521215512854547
0.73269930058437005
0.60328342956431669
0.68014312719056991
0.74642587478699851
0.46659089739422954
0.77977072305144179
0.46067370025105292
0.82797223450930646
0.30336804089738645
0.80269753957939105
0.28412760839169882
0.87353987576731773
0.02704445880388585
0.83789018684237093
0.01000000000000000
0.64411957300364164
0.01000000000000000
0.59714129129902183
0.03143364502221994
0.30524120347013689
0.18726074346870508
0.19166518966321999
0.29224319731648452
0.04514676254333409
0.51846789408258087
0.01451879072844069
0.59523767690883056
0.10871924098824927
0.85188990956255795
0.15503211124801575
0.89974359226905265
0.27008356346871787
0.98886731856035037
0.41615615484735541
1.00000000000000000
0.43653514364436746
1.00000000000000000
0.50115461941901174
1.00000000000000000
0.37473234155118085
1.00000000000000000
0.32255061726976825
1.00000000000000000
0.20937652765226988
1.00000000000000000
0.28819514749865582
0.99251746177186451
0.31982777962141740
0.98590009078652485
0.53550758755313677
0.92193636344975505
0.56303037507021725
0.96048465606055167
0.71454553936237664
0.91245016998022488
0.26333017066620867
0.71380064431749390
0.34727900050584337
0.79632656022477288
0.36505936589808791
0.65753213968221258
0.45259106586896652
0.59546138941695015
0.53805765098899661
0.43765899051108126
0.67863466463521838
0.47827106599784575
0.75953891649540950
0.30950726023777020
0.83578800212076498
0.27720123669642915
0.90203231395007299
0.08123973106282521
0.94241545394896997
0.01000000000000000
0.73581429760407446
0.01000000000000000
0.63782843564928637
0.01000000000000000
0.40813373316022772
0.01000000000000000
0.33573438020793805
0.05403132403927390
0.13965874149984275
0.24462935574379621
0.03925292745741208
0.39245017572834118
0.01000000000000000
0.62486486400266017
0.01000000000000000
0.73103677441453330
0.08211226244981164
0.91177861961011752
0.22545246458882615
0.96253127119091431
0.23398496998821394
1.00000000000000000
0.36022601834790413
1.00000000000000000
0.32050746815305714
1.00000000000000000
0.32018506481746861
1.00000000000000000
0.27743108791473253
1.00000000000000000
0.30974533245606867
0.90444929626484039
0.31918471220175604
0.92929046359605350
0.46797260429272652
0.88419743342126078
0.59828509519109752
0.83934501347372392
0.74175678498947506
0.79625864213666309
0.78311479811770091
0.81120208182573317
0.15499125421464396
0.56038183047705770
0.17507347160179723
0.50198820451256154
0.26063085424678545
0.48268693122327921
0.34748869526548654
0.37483001078503142
0.48215058875583588
0.33191270577869053
0.57927792419468049
0.21989794418375980
0.71394701582672826
0.19153699225048793
0.78563015618458043
0.04702749225658068
0.94860727096399899
0.01000000000000000
0.86957329017679730
0.01000000000000000
0.76368454762120153
0.01000000000000000
0.55242672262556902
0.01000000000000000
0.44724463958478722
0.01000000000000000
0.22288538165389932
0.03796958869825241
0.15968038930728390
0.11418473780546112
0.03246818022504597
0.35779279678307579
0.01000000000000000
0.48623293818388541
0.01000000000000000
0.73068031232445796
0.09427689206134554
0.79992150730188105
0.11104820841453143
0.93883304794653111
0.23285817748538687
1.00000000000000000
0.19933049286896853
1.00000000000000000
0.27417570002994940
1.00000000000000000
0.22334246962673210
1.00000000000000000
0.31579556331198838
0.89693581418458623
0.31865046917419915
0.89029285195824726
0.46545814968137600
0.80367167785610816
0.54528677370495560
0.79589144544734380
0.76164071081880580
0.66386488041758240
0.80829325276542086
0.67060640747192990
0.89808202178530450
0.59260026006047584
0.01000000000000000
0.27773720850653166
0.08147800437016714
0.33407304673694371
0.14117938452406559
0.23177893093414909
0.24895636062327309
0.17491550091157462
0.33799504290867066
0.09840039393070904
0.50573282969631062
0.09077690539594201
0.55606904822162395
0.01000000000000000
0.74782743691175124
0.01000000000000000
0.80743210643956598
0.01000000000000000
0.90662522683603008
0.01000000000000000
0.79072528771128303
0.01000000000000000
0.61804673118909426
0.01000000000000000
0.52017043627802773
0.01000000000000000
0.31736347096071127
0.01000000000000000
0.17867180561313406
0.12417966944836445
0.08901527062743742
0.23810075947512682
0.03364079971304007
0.50178896077252344
0.11833904164665676
0.60665778701452866
0.15372050755270533
0.81251282378246148
0.31491032014043963
0.93400268696068345
0.26423082122554231
1.00000000000000000
0.30777153539809043
1.00000000000000000
0.26626802745112099
1.00000000000000000
0.29469501560403982
1.00000000000000000
0.30767179548836393
0.94288826291701799
0.41655029607585647
0.80112874218812025
0.42160424843088812
0.79050151086357590
0.56181716841238749
0.70242532954543069
0.67753026774009362
0.61620771718786926
0.84244427531229471
0.47547993331782096
0.91136089700770628
0.46756525951079730
0.01000000000000000
0.19538422029607699
0.01000000000000000
0.10816478194684630
0.12218833277255786
0.13308931120779677
0.16301168903428387
0.01000000000000000
0.34486017134133895
0.01000000000000000
0.37775368577503282
0.01000000000000000
0.55456096511781716
0.01000000000000000
0.62201439408313319
0.01000000000000000
0.80778684162013525
0.01000000000000000
0.90715081227056882
0.01000000000000000
0.80250917578025782
0.01000000000000000
0.69649098396233622
0.01000000000000000
0.48776470793543136
0.01000000000000000
0.42033051616566552
0.01000000000000000
0.22217975239752150
0.07978004881991337
0.11813324846949105
0.28706481613190576
0.12925682142739287
0.42024090420019189
0.17063798358888030
0.65518407280874758
0.34786325665041673
0.82804492963931076
0.37878018764978849
0.93362533733417818
0.49036708257543632
1.00000000000000000
0.40001144967910784
1.00000000000000000
0.41497554605738030
1.00000000000000000
0.34988332364755570
1.00000000000000000
0.45490323929952869
0.88455516517991506
0.45687081270229146
0.81409575948103430
0.49631571551064513
0.69285637285145285
0.53015797539635257
0.65322833475141351
0.68421256799416152
0.44008597649236320
0.78882004944167117
0.40263204648011713
0.94207814778651122
0.25523731986795017
0.01000000000000000
0.01000000000000000
0.10030265816099428
0.01000000000000000
0.07177319406894882
0.01000000000000000
0.17402800928772957
0.01000000000000000
0.21980634203132687
0.01000000000000000
0.38875652171681552
0.01000000000000000
0.47282798715943841
0.01000000000000000
0.66890818761195348
0.01000000000000000
0.76393550393691589
0.01000000000000000
0.92352401150689389
0.01000000000000000
0.86779785345560767
0.01000000000000000
0.67092729450432032
0.01000000000000000
0.57106558397332441
0.01000000000000000
0.33244244448374383
0.04129769081437425
0.23785045482888362
0.22997715586600992
0.16527173259356251
0.28997751346330247
0.12925058528287553
0.50406323215368520
0.30301434218115364
0.67472483872938560
0.44233201541117950
0.80332553854527788
0.62407459802901066
0.91475506998385103
0.61675880541599692
1.00000000000000000
0.63348945899947140
1.00000000000000000
0.49849992600294557
1.00000000000000000
0.51761430997394520
1.00000000000000000
0.50288491689736969
0.92960411949316613
0.63738708860835958
0.73328472611582751
0.56814374702822545
0.69566590591154598
0.65152872354278113
0.44482733745266534
0.71033159317934480
0.34928321123636663
0.88964084100104812
0.17074143663154298
0.95085922169371029
0.17398366403310056
0.01000000000000000
0.01000000000000000
0.01000000000000000
0.01000000000000000
0.09649267487540568
0.01000000000000000
0.12645773513867489
0.01000000000000000
0.28096904644074416
0.01000000000000000
0.33284851989329806
0.01000000000000000
0.53604485550038183
0.01729470732983488
0.65243888905451497
0.01000000000000000
0.86858150126155931
0.01000000000000000
0.93495736731764678
0.01000000000000000
0.88428805375303521
0.01000000000000000
0.78877508361619963
0.01000000000000000
0.51277481574044281
0.01000000000000000
0.39378761843030907
0.05044114181249829
0.23478149656448222
0.21995868055948775
0.22094909275823205
0.26886014245161194
0.28989492822254931
0.48310247529116124
0.39726285776317505
0.61287902378937109
0.62644756112347078
0.74997082334166720
0.74208038265639187
0.83709422905468722
0.83457086060628893
0.92013003838563945
0.73247803307281090
1.00000000000000000
0.73893180336539299
1.00000000000000000
0.58724528467561055
1.00000000000000000
0.69540048129391341
0.85465107658655237
0.74614760023937210
0.69763398793430986
0.77271687780953557
0.48514076744409551
0.75680734215403589
0.37516546554895347
0.87389900499282280
0.15776179839908558
0.90203071605110907
0.12870614059924795
1.00000000000000000
0.01773960218742962
0.07317335148886976
0.01000000000000000
0.12447467278816357
0.01000000000000000
0.11683535990196245
0.01000000000000000
0.25380636029529968
0.01000000000000000
0.27106934862433213
0.02896271186370555
0.45682786807109160
0.09370123748212311
0.59639603920314732
0.12113593304805451
0.83850665173757721
0.15108308828767131
0.92975218627177358
0.07517585768490109
1.00000000000000000
0.02470540006626663
0.98050239214785095
0.01000000000000000
0.78789502826816926
0.01000000000000000
0.65971009435822658
0.01000000000000000
0.38161877396188260
0.11211124346759269
0.38329291251431508
0.16547364969966599
0.23630031335892571
0.29750947180673010
0.41506674032445423
0.43501021272990303
0.52317438185874887
0.55058092625285893
0.74903054477166431
0.68210010569383861
0.86242719251932887
0.69542370147292165
0.92452883993944934
0.85403357322480244
0.99094211728328752
0.93304199492587347
0.87090602816107643
1.00000000000000000
0.87729184464719223
0.92490546818960884
0.83280569593271492
0.84881973131185073
0.90316393008413787
0.61856194627837269
0.89344601848389538
0.46208100023796600
0.96894491467455934
0.19616625785371278
0.93451609480071962
0.15240448948048013
1.00000000000000000
0.01000000000000000
1.00000000000000000
0.01000000000000000
0.14790134708509031
0.01000000000000000
0.17927751509709519
0.01000000000000000
0.29528299604699881
0.01000000000000000
0.25463699707531628
0.05041668613407989
0.41811141086412035
0.18192931690795183
0.53869617239771872
0.21117659030621067
0.74760860732386214
0.27765879395416271
0.88182813429559870
0.26220985798893853
1.00000000000000000
0.21379101356085911
1.00000000000000000
0.11264597434582174
0.98318592450130382
0.02738141249043294
0.89670336424208519
0.06944827099663280
0.66228518076817799
0.13393703407717511
0.58280788411054252
0.13973218453700509
0.44944783131461419
0.24248975141520832
0.44294692155160653
0.30850852958142433
0.49493192499221289
0.39488241928699919
0.71212332057336347
0.51790005498700453
0.86684351886491318
0.60889737337322702
0.97095383467181151
0.68876184811599739
1.00000000000000000
0.73797276445840587
1.00000000000000000
0.95160957573223026
1.00000000000000000
0.92759331394928024
0.96055672803103664
0.91353431720358036
1.00000000000000000
0.70795119505148918
1.00000000000000000
0.61277565673744616
1.00000000000000000
0.36901446124376075
1.00000000000000000
0.25310510507335943
1.00000000000000000
0.06742490663737680
1.00000000000000000
0.01000000000000000
1.00000000000000000
0.01000000000000000
0.22145584174629646
0.01000000000000000
0.31940477046798038
0.01000000000000000
0.30674813398646145
0.03299426244392123
0.42469687438286574
0.19220353170871041
0.51556345726877040
0.27307537239771312
0.68182854198702281
0.36419656264935080
0.81689057429811074
0.38717716721087952
1.00000000000000000
0.38447366147008333
1.00000000000000000
0.28631701717067254
1.00000000000000000
0.21643674107836872
1.00000000000000000
0.14121896041541274
0.91907137123301841
0.14676801225827346
0.86392942949219032
0.19770968915163661
0.73287075394066237
0.26282017888296016
0.63842362387391904
0.27402517866516535
0.53252870388526663
0.37656223985465936
0.66709129344957419
0.40351624176634032
0.77429150502469357
0.44403022340083759
0.94715132012306869
0.51673035133745693
1.00000000000000000
0.54441995131866405
1.00000000000000000
0.76123057339335543
1.00000000000000000
0.85041987074864667
1.00000000000000000
0.99637982323991536
1.00000000000000000
0.86952441719432494
1.00000000000000000
0.78811429684855983
1.00000000000000000
0.56110109783095941
1.00000000000000000
0.44488525976004073
1.00000000000000000
0.21445347921252245
1.00000000000000000
0.15165980264614981
1.00000000000000000
0.03521601138965370
1.00000000000000000
0.02002142025979222
0.33102238726089472
0.01000000000000000
0.35227009200746628
0.01000000000000000
0.42812790147537672
0.12125729779076583
0.47663707987116838
0.23259871897092785
0.62661591479033596
0.40577563851636078
0.71743784094225171
0.46915950385791466
0.90089057154004060
0.51725426995643542
0.92103407385893454
0.46877406054947279
1.00000000000000000
0.38077384836823369
1.00000000000000000
0.26803629006053714
1.00000000000000000
0.20912659163547748
1.00000000000000000
0.21407575873431345
1.00000000000000000
0.30197337077716618
0.83532144886798332
0.28550488148832254
0.79819295888105690
0.39263784688134962
0.74263805834929530
0.41236944640244744
0.70707183908869764
0.41491227347005727
0.90267838222635222
0.43818418065329323
0.92159368883395432
0.46902288526976854
1.00000000000000000
0.58546360132816910
1.00000000000000000
0.66624114243179866
1.00000000000000000
0.85562041911889686
1.00000000000000000
0.93604884258511523
1.00000000000000000
0.95491748062794657
1.00000000000000000
0.76443979799528738
1.00000000000000000
0.68984345463033137
1.00000000000000000
0.46300373647531634
1.00000000000000000
0.38685109996610384
1.00000000000000000
0.22099958045196999
1.00000000000000000
0.22711973072615954
1.00000000000000000
0.13735438626743079
0.39167466240947779
0.01000000000000000
0.42827037915362992
0.01000000000000000
0.38096710192013483
0.06549377890295535
0.45568663007293692
0.27971805336277450
0.53604271605254550
0.41409213092258734
0.73325086992902322
0.55313727516177835
0.77655020005363340
0.58588247658499082
0.92258565695350481
0.51213916569021634
0.95570182794186120
0.37103298347516817
1.00000000000000000
0.30789295349453116
1.00000000000000000
0.22351926151909107
1.00000000000000000
0.28248067286450895
1.00000000000000000
0.32784838846559916
0.98961878910906143
0.41809889945061929
0.89326110279682647
0.39619315422808704
0.91916570301394185
0.50519760842912331
0.89593929848366560
0.49614461215445271
0.90780900071169934
0.47500379472882831
1.00000000000000000
0.50090529235816739
1.00000000000000000
0.56718283207195475
1.00000000000000000
0.74005442732224447
1.00000000000000000
0.82513980508212037
1.00000000000000000
0.97882459200777183
1.00000000000000000
0.93817282346411468
1.00000000000000000
0.91726527506778399
1.00000000000000000
0.73077517571212913
1.00000000000000000
0.66676072072627457
1.00000000000000000
0.47942530387340909
1.00000000000000000
0.47827561958969084
1.00000000000000000
0.35875264591133360
1.00000000000000000
0.39423239079600930
0.47345888184089274
0.01000000000000000
0.44695889203900430
0.09739084373101163
0.43753826184335187
0.17601487254709672
0.42343444734472363
0.45038816181191893
0.49801511738589277
0.52240969256267111
0.55008604957813556
0.62138093897415103
0.70434486186658785
0.59517942597486162
0.76252700893047520
0.48423368090854335
0.87202991352745618
0.34893714470946541
0.86404955787441295
0.15409146076437635
1.00000000000000000
0.19482448494668800
1.00000000000000000
0.26463905660953835
1.00000000000000000
0.39420003418245037
1.00000000000000000
0.44781780553670120
1.00000000000000000
0.49588089086437959
1.00000000000000000
0.49116996250903661
0.91254644772278104
0.54982643032826717
1.00000000000000000
0.49523934550047077
1.00000000000000000
0.54896336928727107
1.00000000000000000
0.65188329622292995
1.00000000000000000
0.71736330681039540
1.00000000000000000
0.89236467250165541
1.00000000000000000
0.93912827623822515
1.00000000000000000
1.00000000000000000
1.00000000000000000
0.92805436360038152
1.00000000000000000
0.92761524517972493
1.00000000000000000
0.77173175984755171
1.00000000000000000
0.74428161642042390
1.00000000000000000
0.64075730768242667
1.00000000000000000
0.65556992379756363
1.00000000000000000
0.54269714315578355
0.50966138692652152
0.01000000000000000
0.45739067516467696
0.01343726252251594
0.41497712457126401
0.22698461742126261
0.37872837106078650
0.36300727722045695
0.41792057868485322
0.56813394851694121
0.43991078852879223
0.56559139725955609
0.46571935757086552
0.56878116560503511
0.64763491210970181
0.42623228674851515
0.62241901146152911
0.25492659347869262
0.79081389199760777
0.14694907738999763
0.87297695276059883
0.07221322896195706
1.00000000000000000
0.27706156314341251
1.00000000000000000
0.34536758705291964
1.00000000000000000
0.44865657262103870
1.00000000000000000
0.44842705819995993
1.00000000000000000
0.45847303479985851
1.00000000000000000
0.40581197064401608
1.00000000000000000
0.46881355120075380
1.00000000000000000
0.53380436991352276
1.00000000000000000
0.65554439794630415
1.00000000000000000
0.82158654745691795
1.00000000000000000
0.89120241736984462
1.00000000000000000
1.00000000000000000
1.00000000000000000
1.00000000000000000
1.00000000000000000
1.00000000000000000
1.00000000000000000
1.00000000000000000
1.00000000000000000
0.97063793746633331
1.00000000000000000
0.87726678251566592
1.00000000000000000
0.92668855956134222
1.00000000000000000
0.81665756305140547
1.00000000000000000
0.81588269692639714
0.44971410524588534
0.01000000000000000
0.34395391263364727
0.02326789091482636
0.36797617098016044
0.11441401664534534
0.33909712103593725
0.35064019956102083
0.31768124743659359
0.47965923768467156
0.33644855816808711
0.57753627560751453
0.38376869976614136
0.47908493927938195
0.40450655135443103
0.40124457266777258
0.55310010134253296
0.21722667058008702
0.64594463154583748
0.11201437668527731
0.86597653447782963
0.08251989295275439
0.97924520605985743
0.15872113964672302
1.00000000000000000
0.28926934698625123
1.00000000000000000
0.31166506252627413
1.00000000000000000
0.36340974084699224
0.98898952788830419
0.27075365138687951
1.00000000000000000
0.30168744159611960
1.00000000000000000
0.31627454702061264
1.00000000000000000
0.52876434491368030
1.00000000000000000
0.68353955329344385
1.00000000000000000
0.75694868001874527
1.00000000000000000
0.93811285690932678
1.00000000000000000
1.00000000000000000
1.00000000000000000
1.00000000000000000
1.00000000000000000
1.00000000000000000
1.00000000000000000
1.00000000000000000
1.00000000000000000
1.00000000000000000
1.00000000000000000
1.00000000000000000
0.99626485390256958
1.00000000000000000
0.91896705522791122
1.00000000000000000
0.96004283305982141
0.94641072955108618
0.35738873241696040
0.01000000000000000
0.34322742235638615
0.01000000000000000
0.29332387278563038
0.12858808647267644
0.26085605203806839
0.24097461083530172
0.23035029854074995
0.46970355592718538
0.19791484336819748
0.47349424279266816
0.26551074111522638
0.48424296528011024
0.34817092126981425
0.29656991867028820
0.44888871105626671
0.17933771703543691
0.63602287389902379
0.05167837273829150
0.76892858576736278
0.02518779774715916
1.00000000000000000
0.10007768930263981
1.00000000000000000
0.12882400762930046
1.00000000000000000
0.21363408859871177
0.92048997753038109
0.18519408127540718
0.89332127553186746
0.14432782966944957
0.89938719259513245
0.10716146447873980
1.00000000000000000
0.29425504391411739
1.00000000000000000
0.39517950493442677
1.00000000000000000
0.61329740915256659
1.00000000000000000
0.75939869135844051
1.00000000000000000
0.82627065033677971
1.00000000000000000
0.95267892440326651
1.00000000000000000
0.93952229736045612
1.00000000000000000
1.00000000000000000
1.00000000000000000
1.00000000000000000
0.93503171262756557
1.00000000000000000
0.91774531398514947
1.00000000000000000
0.87318073568065613
1.00000000000000000
0.87596768720427531
1.00000000000000000
0.79872477697581845
1.00000000000000000
0.27588087401582367
0.01000000000000000
0.23699418339028408
0.01000000000000000
0.21128019864771369
0.01923400004319335
0.18502130505357786
0.25351862404869535
0.13760161533692833
0.34147772488292810
0.11889835157542322
0.46428462258258774
0.19606016461879616
0.32293343590570101
0.28223396902385817
0.23157315152505675
0.44227279575110523
0.08756741973498795
0.55728153405317127
0.01027489519838140
0.77136978185079808
0.01000000000000000
0.81370120466322549
0.01000000000000000
0.93490895172264854
0.05702030112415188
0.79957975710817963
0.05999737016706721
0.81526784638351191
0.10230168537726725
0.67233619969923097
0.04771591295263224
0.81945857905278208
0.14307424847864236
0.87066188967297631
0.24964992241272074
0.97755427637981118
0.47672976238753551
1.00000000000000000
0.52418614115896345
1.00000000000000000
0.69606840455406382
1.00000000000000000
0.79454596363104935
1.00000000000000000
0.81215810727250048
1.00000000000000000
0.91989065582788543
1.00000000000000000
1.00000000000000000
0.93183513262693796
1.00000000000000000
0.91062325151867951
1.00000000000000000
0.78342773841433022
1.00000000000000000
0.78467299611660857
1.00000000000000000
0.69915427819212672
1.00000000000000000
0.72521108107375487
1.00000000000000000
0.18702425005191733
0.01000000000000000
0.16881666251987215
0.01000000000000000
0.10475410959426126
0.05271754257785684
0.12690038904716724
0.11653032987608061
0.07622714101260608
0.30360312496345082
0.03503655850700036
0.29027741579637206
0.06442382722757103
0.32197455982721457
0.22009108629341889
0.16130749489159796
0.32981654457366733
0.05810196653986828
0.51286440110178044
0.01000000000000000
0.54855303899427010
0.01000000000000000
0.68870603824250320
0.01000000000000000
0.66782045698038450
0.01000000000000000
0.66968682563446169
0.01690499571483167
0.56308490395658239
0.04403607845906959
0.56823021898907999
0.09015080853156908
0.63845654967076348
0.18145374968840655
0.77596879953666087
0.31052464993410611
0.83551313875732502
0.38166327805553502
0.86121221864885245
0.56881037235060627
0.90079771098890049
0.61599109691982734
1.00000000000000000
0.72297194102330975
1.00000000000000000
0.79502240558303217
1.00000000000000000
0.84853974093171003
1.00000000000000000
0.95553550690898248
0.95746983265179342
1.00000000000000000
0.77872978495260770
1.00000000000000000
0.73899166424458085
1.00000000000000000
0.61010667692516651
1.00000000000000000
0.61968082961940951
1.00000000000000000
0.55050777011833130
1.00000000000000000
0.09997302291203217
0.01000000000000000
0.12295146897688161
0.01000000000000000
0.08615637957116583
0.01000000000000000
0.07957931533680468
0.12035933615964339
0.02762949090684216
0.14212077727814409
0.01000000000000000
0.26191121367704162
0.01501415008652196
0.17743052676718174
0.07442460254580509
0.13156750595492270
0.30222895623997997
0.01000000000000000
0.30799292561209290
0.01000000000000000
0.43309718610850129
0.01000000000000000
0.40819237386162316
0.01000000000000000
0.50091348618372877
0.01000000000000000
0.41180009264501072
0.01000000000000000
0.46174965559553183
0.05615884594150281
0.37434937532711565
0.14561968323241772
0.50321467248601526
0.25017129215967654
0.56130780411896308
0.34494739097587296
0.63075700438762883
0.46537674042435384
0.73193765820199586
0.55370718627436621
0.83124188480889205
0.63965271514852950
0.83522727623132043
0.67984572869123105
0.98128562120992646
0.77424654782081548
0.94689982404582618
0.89269651337237310
1.00000000000000000
0.94774786552457280
0.81804684288181739
1.00000000000000000
0.78549291852791414
1.00000000000000000
0.61815062565531720
1.00000000000000000
0.57081494427286872
1.00000000000000000
0.44641649129180805
1.00000000000000000
0.45515025929872688
1.00000000000000000
0.06040510431544291
0.01000000000000000
0.06959092355399343
0.01000000000000000
0.07408226324214914
0.01000000000000000
0.06848513410869420
0.01000000000000000
0.01000000000000000
0.13541309917195310
0.01000000000000000
0.12931985404737395
0.01000000000000000
0.16190625106826484
0.06897882303401842
0.03788544809086589
0.11192905126817229
0.01000000000000000
0.24246566970429512
0.01000000000000000
0.21464731483312807
0.01000000000000000
0.28372763859464245
0.01000000000000000
0.24457439753064908
0.01000000000000000
0.32132185711197625
0.02236502542294928
0.26025199923787035
0.09737558228701695
0.32770545942471263
0.17433722244636835
0.25267145783867012
0.32249400919784038
0.40685207115634542
0.39364483757841517
0.45417970776083605
0.51020194196893731
0.43853560643557565
0.60674526371870263
0.56396524631947442
0.66121889714038873
0.72891394446867497
0.70503186070885826
0.77869280832064891
0.76442871866239759
0.92375400053923373
0.88010860348213471
0.83341813375854046
0.95531504014791491
0.78962984834260452
1.00000000000000000
0.64640561139805119
1.00000000000000000
0.59485684245129078
1.00000000000000000
0.42462542631643019
1.00000000000000000
0.38458941668684288
1.00000000000000000
0.26244877294859903
1.00000000000000000
0.01000000000000000
0.01000000000000000
0.08612857330455592
0.01000000000000000
0.04222999850697064
0.01000000000000000
0.04610638666038074
0.01000000000000000
0.01000000000000000
0.04603091526969921
0.01000000000000000
0.07525348723021287
0.01000000000000000
0.05137263799289041
0.01000000000000000
0.05915741189704764
0.09212831689735579
0.01000000000000000
0.06549313448749397
0.01000000000000000
0.13851990040998557
0.01000000000000000
0.09132535202448190
0.01000000000000000
0.16665354838106472
0.01000000000000000
0.11708838429330630
0.05983986185491336
0.21442713342587727
0.08727559759537129
0.15381095056522465
0.22759947526605512
0.16223382276563272
0.32557704362978684
0.16700701758796238
0.48329004691284366
0.21553647995444797
0.56545952594270599
0.31483389955540214
0.65473419270541577
0.39799516569364968
0.70203619403455608
0.44628093039471939
0.75735276605980895
0.65270989193297224
0.81521526462235550
0.70040621753446819
0.90094439073721000
0.74167156724830841
0.97161711734995648
0.62456221999196448
1.00000000000000000
0.60643162440708387
1.00000000000000000
0.45601717190551339
1.00000000000000000
0.41470064310056631
1.00000000000000000
0.21584883846154951
1.00000000000000000
0.20097542168007804
1.00000000000000000
0.01000000000000000
0.01000000000000000
0.01000000000000000
0.01000000000000000
0.01000000000000000
0.01000000000000000
0.01000000000000000
0.01000000000000000
0.01000000000000000
0.01000000000000000
0.01000000000000000
0.07968371472878158
0.01000000000000000
0.06577231347179727
0.01000000000000000
0.01000000000000000
0.01000000000000000
0.01000000000000000
0.01000000000000000
0.01000000000000000
0.01000000000000000
0.01000000000000000
0.01000000000000000
0.06026423062359531
0.01000000000000000
0.08204271891369601
0.04543970134615113
0.04820121608861701
0.02629260048525323
0.19202719006548097
0.04788909868138859
0.23742000996511881
0.01000000000000000
0.41861746848987946
0.04840762936556350
0.46453199988680310
0.10360104205148889
0.63527295153204355
0.06670413515683456
0.67380911508004171
0.14940730947573960
0.78120612237290299
0.30062655747563116
0.82551360887004732
0.42641548055085737
0.88165809317935895
0.57460861971578703
0.95292418417280311
0.52688395046597414
1.00000000000000000
0.54927727772337176
1.00000000000000000
0.41662166571637077
1.00000000000000000
0.41652592489625317
1.00000000000000000
0.26210080346573206
1.00000000000000000
0.20534911176651363
1.00000000000000000
0.05904683761740935
1.00000000000000000
0.01000000000000000
0.13984315597990649
0.01000000000000000
0.11379704638101974
0.01000000000000000
0.13630815308571848
0.01000000000000000
0.09610495467159985
0.01000000000000000
0.04012844999683712
0.01000000000000000
0.01000000000000000
0.01000000000000000
0.01000000000000000
0.04815393710652079
0.01000000000000000
0.01000000000000000
0.01000000000000000
0.01000000000000000
0.01000000000000000
0.01000000000000000
0.06692390074282430
0.01000000000000000
0.06215493453764605
0.01000000000000000
0.11091994978685252
0.01000000000000000
0.14506427353202289
0.01000000000000000
0.19125348299909986
0.01000000000000000
0.33778088913619786
0.01000000000000000
0.39012283984682172
0.01000000000000000
0.56231684232626766
0.01000000000000000
0.61660622560678546
0.01000000000000000
0.77449065771597347
0.10829879807025720
0.80892294271369702
0.15785663676626926
0.89523643054346269
0.38494243389216548
0.95159331625818622
0.37662570655873784
1.00000000000000000
0.43789532007940057
1.00000000000000000
0.34812879897105464
1.00000000000000000
0.34533460997309928
1.00000000000000000
0.21791482108371768
1.00000000000000000
0.21158025244327239
1.00000000000000000
0.05768578530556541
1.00000000000000000
0.07643892907918087
1.00000000000000000
0.01000000000000000
0.22417870934058520
0.01000000000000000
0.24566516720745793
0.01000000000000000
0.18986975072450352
0.01000000000000000
0.19584374120703374
0.01000000000000000
0.11378255985474044
0.01000000000000000
0.03817623174930728
0.01000000000000000
0.01000000000000000
0.01000000000000000
0.01000000000000000
0.01000000000000000
0.01000000000000000
0.01000000000000000
0.01000000000000000
0.01000000000000000
0.02928597398409618
0.01000000000000000
0.06996237005444313
0.01000000000000000
0.08135153661660643
0.01000000000000000
0.15143145459580593
0.01000000000000000
0.23015156460736416
0.01000000000000000
0.31951539648608041
0.01000000000000000
0.46231206927710716
0.01000000000000000
0.53502047286000254
0.01000000000000000
0.68106948628252661
0.01000000000000000
0.75387112157641356
0.01000000000000000
0.87988995273702708
0.11676990867885545
0.95080889227039922
0.11424515080676395
0.98233242672765164
0.28458253080008356
1.00000000000000000
0.21182625627399426
1.00000000000000000
0.25948299636794919
1.00000000000000000
0.15873179619951794
1.00000000000000000
0.15383308849605581
1.00000000000000000
0.03830742655863412
1.00000000000000000
0.01000000000000000
1.00000000000000000
0.01000000000000000
1.00000000000000000
0.01000000000000000
0.34514106696784741
0.01000000000000000
0.31737414983754120
0.01000000000000000
0.31721659420523296
0.01000000000000000
0.22472985217620806
0.01000000000000000
0.17887483371275409
0.01000000000000000
0.08209161501613618
0.01000000000000000
0.01000000000000000
0.01000000000000000
0.01000000000000000
0.01000000000000000
0.01000000000000000
0.01000000000000000
0.01000000000000000
0.01000000000000000
0.01000000000000000
0.01000000000000000
0.04896570728623647
0.01000000000000000
0.06288816512230666
0.01000000000000000
0.08317087217159327
0.01000000000000000
0.20137001820690742
0.01000000000000000
0.27389257386581689
0.01000000000000000
0.42468057234750367
0.01000000000000000
0.49339455739967986
0.01000000000000000
0.66438647298818354
0.01000000000000000
0.73477323454516608
0.01000000000000000
0.89226438407696818
0.01000000000000000
0.94901458225931945
0.09381331442102303
1.00000000000000000
0.06780447897420067
1.00000000000000000
0.11287939656994962
1.00000000000000000
0.05883072908667790
1.00000000000000000
0.10128459641302523
1.00000000000000000
0.02036272977226122
1.00000000000000000
0.01000000000000000
1.00000000000000000
0.01000000000000000
1.00000000000000000
0.01000000000000000
1.00000000000000000
0.01000000000000000
0.42840786509743423
0.01000000000000000
0.40349484443446548
0.01000000000000000
0.34859732707491103
0.01000000000000000
0.29538910182608330
0.01000000000000000
0.19874572810885749
0.01000000000000000
0.12228570149471978
0.01000000000000000
0.07304332515435109
0.01000000000000000
0.01000000000000000
0.01000000000000000
0.01000000000000000
0.01000000000000000
0.01000000000000000
0.01000000000000000
0.01000000000000000
0.01000000000000000
0.01000000000000000
0.01000000000000000
0.01000000000000000
0.01000000000000000
0.01000000000000000
0.01000000000000000
0.14509271658001766
0.01000000000000000
0.28381693294309335
0.01000000000000000
0.38535879096566661
0.01000000000000000
0.53907681670516072
0.01000000000000000
0.61748634241574896
0.01000000000000000
0.78274611596267285
0.01000000000000000
0.85866877268972797
0.01000000000000000
0.96154527045338722
0.01000000000000000
1.00000000000000000
0.01000000000000000
1.00000000000000000
0.05493906391535150
1.00000000000000000
0.04156869598675867
1.00000000000000000
0.01000000000000000
1.00000000000000000
0.01000000000000000
1.00000000000000000
0.01000000000000000
1.00000000000000000
0.01000000000000000
1.00000000000000000
0.01000000000000000
1.00000000000000000
