0.80921174459129086
0.01000000000000000
0.60864585499917812
0.01000000000000000
0.37333343638422689
0.01000000000000000
0.19069302182053771
0.01000000000000000
0.01000000000000000
0.05186883552088550
0.01000000000000000
0.18537646813335587
0.01000000000000000
0.14563506193176004
0.01000000000000000
0.01000000000000000
0.01000000000000000
0.01000000000000000
0.01000000000000000
0.01000000000000000
0.72356826043015143
0.01000000000000000
0.57328713739678261
0.01000000000000000
0.43082221115905733
0.01000000000000000
0.27691105116631387
0.01000000000000000
0.13635077925089137
0.14117808748513769
0.01000000000000000
0.35326013078574381
0.01000000000000000
0.29033953183498440
0.01000000000000000
0.11734765488111139
0.01000000000000000
0.01000000000000000
0.09955109280048129
0.01000000000000000
0.78203549884369816
0.01000000000000000
0.68012036199109938
0.01000000000000000
0.53195714843070796
0.01000000000000000
0.40938586415051348
0.10241662216944926
0.27348544483023601
0.25227125993303962
0.13181648407991381
0.40444876005461972
0.01000000000000000
0.42942224618094610
0.01000000000000000
0.24306437010575760
0.01000000000000000
0.09398310019004126
0.05610929620734277
0.01000000000000000
0.92324667597690879
0.01000000000000000
0.86391601488856218
0.01000000000000000
0.71858732720356422
0.10011572977378058
0.57122149856197812
0.24727300097404206
0.40929875149257328
0.41529255618715255
0.21999899012118901
0.56266133600048385
0.01000000000000000
0.63720676464039350
0.01000000000000000
0.49205299246680517
0.01000000000000000
0.33729916567676776
0.01000000000000000
0.26688857306857322
0.96993484990435885
0.01000000000000000
1.00000000000000000
0.06697316035525128
0.88016389118599359
0.21634322306714771
0.73635072926694678
0.40202963226716437
0.56585840919678954
0.58176945950515990
0.36316220088695722
0.71963973397490966
0.14846866299663009
0.78235546203412187
0.01000000000000000
0.72411618859769966
0.01000000000000000
0.60596327560043983
0.01000000000000000
0.54574348678235229
1.00000000000000000
0.01000000000000000
1.00000000000000000
0.16059798139739639
1.00000000000000000
0.34865797253192538
0.88341052151823063
0.55706438353832533
0.72188311296779040
0.74501558248249955
0.51257390732900299
0.87523801807042434
0.28013178302527547
0.92784261648019173
0.07322712131404405
0.91644853002920668
0.01000000000000000
0.84553564389284641
0.01000000000000000
0.78376128296596270
1.00000000000000000
0.01000000000000000
1.00000000000000000
0.20943248709120896
1.00000000000000000
0.44891831121725528
1.00000000000000000
0.68337011745565990
0.86841407060300124
0.88300070558075416
0.66008255951816741
1.00000000000000000
0.41739135669568100
1.00000000000000000
0.18043591997692815
1.00000000000000000
0.01000000000000000
0.97806076716590962
0.01000000000000000
0.93774831638083422
1.00000000000000000
0.01000000000000000
1.00000000000000000
0.26555149671932898
1.00000000000000000
0.54849239300440411
1.00000000000000000
0.78635251211477453
1.00000000000000000
0.95750819115404728
0.82564784791892387
1.00000000000000000
0.58835425629158222
1.00000000000000000
0.34198528894983493
1.00000000000000000
0.12046690454077880
1.00000000000000000
0.01000000000000000
1.00000000000000000
1.00000000000000000
0.13770825604928136
1.00000000000000000
0.39138897108136284
1.00000000000000000
0.63162791177639177
1.00000000000000000
0.85323019335871231
1.00000000000000000
1.00000000000000000
0.91211847625364750
1.00000000000000000
0.70973544647259934
1.00000000000000000
0.46507655329522540
1.00000000000000000
0.22383619207810423
1.00000000000000000
0.05470938614070849
1.00000000000000000
1.00000000000000000
0.30603560525278356
1.00000000000000000
0.50506691461144071
1.00000000000000000
0.73136687376770948
1.00000000000000000
0.91214364023689176
1.00000000000000000
1.00000000000000000
1.00000000000000000
1.00000000000000000
0.77947757056455680
1.00000000000000000
0.52911280353903711
1.00000000000000000
0.26844430032609018
1.00000000000000000
0.01000000000000000
1.00000000000000000
